event_id,event_type,event_repository,code_sample_event,event_created_at,event_payload,event_action,language
21424323360,PushEvent,microsoftgraph/msgraph-beta-sdk-java,0.0,2022-04-22T19:31:09Z,"{'push_id': 9696229724, 'size': 1, 'distinct_size': 1, 'ref': 'refs/heads/ramsessanchez-v46-patch', 'head': '16b74d8bacf15f6d9dc0ded567a325458875b646', 'before': '8a1a4ff49f3af39c97a57473d4ac3118d3827708', 'commits': [{'sha': '16b74d8bacf15f6d9dc0ded567a325458875b646', 'author': {'email': '63934382+ramsessanchez@users.noreply.github.com', 'name': 'ramsessanchez'}, 'message': 'Update Constants.java', 'distinct': True, 'url': 'https://api.github.com/repos/microsoftgraph/msgraph-beta-sdk-java/commits/16b74d8bacf15f6d9dc0ded567a325458875b646'}]}",,Java
21424317781,PushEvent,microsoftgraph/msgraph-beta-sdk-java,0.0,2022-04-22T19:30:45Z,"{'push_id': 9696226905, 'size': 1, 'distinct_size': 1, 'ref': 'refs/heads/ramsessanchez-v46-patch', 'head': '8a1a4ff49f3af39c97a57473d4ac3118d3827708', 'before': '270e95c357f87c104a9bc775ce3b495d958a2d39', 'commits': [{'sha': '8a1a4ff49f3af39c97a57473d4ac3118d3827708', 'author': {'email': '63934382+ramsessanchez@users.noreply.github.com', 'name': 'ramsessanchez'}, 'message': 'Update gradle.properties', 'distinct': True, 'url': 'https://api.github.com/repos/microsoftgraph/msgraph-beta-sdk-java/commits/8a1a4ff49f3af39c97a57473d4ac3118d3827708'}]}",,Java
21424313862,PullRequestEvent,microsoftgraph/msgraph-beta-sdk-java,0.0,2022-04-22T19:30:26Z,"{'action': 'opened', 'number': 289, 'pull_request': {'url': 'https://api.github.com/repos/microsoftgraph/msgraph-beta-sdk-java/pulls/289', 'id': 916745464, 'node_id': 'PR_kwDODDF5Ls42pGz4', 'html_url': 'https://github.com/microsoftgraph/msgraph-beta-sdk-java/pull/289', 'diff_url': 'https://github.com/microsoftgraph/msgraph-beta-sdk-java/pull/289.diff', 'patch_url': 'https://github.com/microsoftgraph/msgraph-beta-sdk-java/pull/289.patch', 'issue_url': 'https://api.github.com/repos/microsoftgraph/msgraph-beta-sdk-java/issues/289', 'number': 289, 'state': 'open', 'locked': False, 'title': 'Update values for 0.46.0', 'user': {'login': 'ramsessanchez', 'id': 63934382, 'node_id': 'MDQ6VXNlcjYzOTM0Mzgy', 'avatar_url': 'https://avatars.githubusercontent.com/u/63934382?v=4', 'gravatar_id': '', 'url': 'https://api.github.com/users/ramsessanchez', 'html_url': 'https://github.com/ramsessanchez', 'followers_url': 'https://api.github.com/users/ramsessanchez/followers', 'following_url': 'https://api.github.com/users/ramsessanchez/following{/other_user}', 'gists_url': 'https://api.github.com/users/ramsessanchez/gists{/gist_id}', 'starred_url': 'https://api.github.com/users/ramsessanchez/starred{/owner}{/repo}', 'subscriptions_url': 'https://api.github.com/users/ramsessanchez/subscriptions', 'organizations_url': 'https://api.github.com/users/ramsessanchez/orgs', 'repos_url': 'https://api.github.com/users/ramsessanchez/repos', 'events_url': 'https://api.github.com/users/ramsessanchez/events{/privacy}', 'received_events_url': 'https://api.github.com/users/ramsessanchez/received_events', 'type': 'User', 'site_admin': False}, 'body': ""<!-- Read me before you submit this pull request\r\n\r\nFirst off, thank you for opening this pull request! We do appreciate it.\r\n\r\nThe requests and models for this client library are generated. We won't be accepting pull requests for those code files. With that said, we do appreciate\r\nit when you open pull requests with the proposed file changes, as we'll use that to help guide us in updating our template files.\r\n\r\n-->\r\n\r\n<!-- Optional. Set the issues that this pull request fixes. Delete 'Fixes #' if there isn't an issue associated with this pull request. -->\r\nFixes #\r\n\r\n<!-- Required. Provide specifics about what the changes are and why you're proposing these changes. -->\r\n### Changes proposed in this pull request\r\n-\r\n\r\n<!-- Optional. Provide related links. This might be other pull requests, code files, StackOverflow posts. Delete this section if it is not used. -->\r\n### Other links\r\n\r\n<!-- Is this PR adding a new hand crafted extension class? If so, please update $filesThatShouldNotBeDeleted variable in .azure-pipelines/generate-beta-models.yml file, so that it doesn't get deleted by auto generation pipeline.-->\r\n-\r\n"", 'created_at': '2022-04-22T19:30:26Z', 'updated_at': '2022-04-22T19:30:26Z', 'closed_at': None, 'merged_at': None, 'merge_commit_sha': None, 'assignee': None, 'assignees': [], 'requested_reviewers': [], 'requested_teams': [], 'labels': [], 'milestone': None, 'draft': False, 'commits_url': 'https://api.github.com/repos/microsoftgraph/msgraph-beta-sdk-java/pulls/289/commits', 'review_comments_url': 'https://api.github.com/repos/microsoftgraph/msgraph-beta-sdk-java/pulls/289/comments', 'review_comment_url': 'https://api.github.com/repos/microsoftgraph/msgraph-beta-sdk-java/pulls/comments{/number}', 'comments_url': 'https://api.github.com/repos/microsoftgraph/msgraph-beta-sdk-java/issues/289/comments', 'statuses_url': 'https://api.github.com/repos/microsoftgraph/msgraph-beta-sdk-java/statuses/270e95c357f87c104a9bc775ce3b495d958a2d39', 'head': {'label': 'microsoftgraph:ramsessanchez-v46-patch', 'ref': 'ramsessanchez-v46-patch', 'sha': '270e95c357f87c104a9bc775ce3b495d958a2d39', 'user': {'login': 'microsoftgraph', 'id': 17304259, 'node_id': 'MDEyOk9yZ2FuaXphdGlvbjE3MzA0MjU5', 'avatar_url': 'https://avatars.githubusercontent.com/u/17304259?v=4', 'gravatar_id': '', 'url': 'https://api.github.com/users/microsoftgraph', 'html_url': 'https://github.com/microsoftgraph', 'followers_url': 'https://api.github.com/users/microsoftgraph/followers', 'following_url': 'https://api.github.com/users/microsoftgraph/following{/other_user}', 'gists_url': 'https://api.github.com/users/microsoftgraph/gists{/gist_id}', 'starred_url': 'https://api.github.com/users/microsoftgraph/starred{/owner}{/repo}', 'subscriptions_url': 'https://api.github.com/users/microsoftgraph/subscriptions', 'organizations_url': 'https://api.github.com/users/microsoftgraph/orgs', 'repos_url': 'https://api.github.com/users/microsoftgraph/repos', 'events_url': 'https://api.github.com/users/microsoftgraph/events{/privacy}', 'received_events_url': 'https://api.github.com/users/microsoftgraph/received_events', 'type': 'Organization', 'site_admin': False}, 'repo': {'id': 204568878, 'node_id': 'MDEwOlJlcG9zaXRvcnkyMDQ1Njg4Nzg=', 'name': 'msgraph-beta-sdk-java', 'full_name': 'microsoftgraph/msgraph-beta-sdk-java', 'private': False, 'owner': {'login': 'microsoftgraph', 'id': 17304259, 'node_id': 'MDEyOk9yZ2FuaXphdGlvbjE3MzA0MjU5', 'avatar_url': 'https://avatars.githubusercontent.com/u/17304259?v=4', 'gravatar_id': '', 'url': 'https://api.github.com/users/microsoftgraph', 'html_url': 'https://github.com/microsoftgraph', 'followers_url': 'https://api.github.com/users/microsoftgraph/followers', 'following_url': 'https://api.github.com/users/microsoftgraph/following{/other_user}', 'gists_url': 'https://api.github.com/users/microsoftgraph/gists{/gist_id}', 'starred_url': 'https://api.github.com/users/microsoftgraph/starred{/owner}{/repo}', 'subscriptions_url': 'https://api.github.com/users/microsoftgraph/subscriptions', 'organizations_url': 'https://api.github.com/users/microsoftgraph/orgs', 'repos_url': 'https://api.github.com/users/microsoftgraph/repos', 'events_url': 'https://api.github.com/users/microsoftgraph/events{/privacy}', 'received_events_url': 'https://api.github.com/users/microsoftgraph/received_events', 'type': 'Organization', 'site_admin': False}, 'html_url': 'https://github.com/microsoftgraph/msgraph-beta-sdk-java', 'description': 'Microsoft Graph Beta Java SDK', 'fork': False, 'url': 'https://api.github.com/repos/microsoftgraph/msgraph-beta-sdk-java', 'forks_url': 'https://api.github.com/repos/microsoftgraph/msgraph-beta-sdk-java/forks', 'keys_url': 'https://api.github.com/repos/microsoftgraph/msgraph-beta-sdk-java/keys{/key_id}', 'collaborators_url': 'https://api.github.com/repos/microsoftgraph/msgraph-beta-sdk-java/collaborators{/collaborator}', 'teams_url': 'https://api.github.com/repos/microsoftgraph/msgraph-beta-sdk-java/teams', 'hooks_url': 'https://api.github.com/repos/microsoftgraph/msgraph-beta-sdk-java/hooks', 'issue_events_url': 'https://api.github.com/repos/microsoftgraph/msgraph-beta-sdk-java/issues/events{/number}', 'events_url': 'https://api.github.com/repos/microsoftgraph/msgraph-beta-sdk-java/events', 'assignees_url': 'https://api.github.com/repos/microsoftgraph/msgraph-beta-sdk-java/assignees{/user}', 'branches_url': 'https://api.github.com/repos/microsoftgraph/msgraph-beta-sdk-java/branches{/branch}', 'tags_url': 'https://api.github.com/repos/microsoftgraph/msgraph-beta-sdk-java/tags', 'blobs_url': 'https://api.github.com/repos/microsoftgraph/msgraph-beta-sdk-java/git/blobs{/sha}', 'git_tags_url': 'https://api.github.com/repos/microsoftgraph/msgraph-beta-sdk-java/git/tags{/sha}', 'git_refs_url': 'https://api.github.com/repos/microsoftgraph/msgraph-beta-sdk-java/git/refs{/sha}', 'trees_url': 'https://api.github.com/repos/microsoftgraph/msgraph-beta-sdk-java/git/trees{/sha}', 'statuses_url': 'https://api.github.com/repos/microsoftgraph/msgraph-beta-sdk-java/statuses/{sha}', 'languages_url': 'https://api.github.com/repos/microsoftgraph/msgraph-beta-sdk-java/languages', 'stargazers_url': 'https://api.github.com/repos/microsoftgraph/msgraph-beta-sdk-java/stargazers', 'contributors_url': 'https://api.github.com/repos/microsoftgraph/msgraph-beta-sdk-java/contributors', 'subscribers_url': 'https://api.github.com/repos/microsoftgraph/msgraph-beta-sdk-java/subscribers', 'subscription_url': 'https://api.github.com/repos/microsoftgraph/msgraph-beta-sdk-java/subscription', 'commits_url': 'https://api.github.com/repos/microsoftgraph/msgraph-beta-sdk-java/commits{/sha}', 'git_commits_url': 'https://api.github.com/repos/microsoftgraph/msgraph-beta-sdk-java/git/commits{/sha}', 'comments_url': 'https://api.github.com/repos/microsoftgraph/msgraph-beta-sdk-java/comments{/number}', 'issue_comment_url': 'https://api.github.com/repos/microsoftgraph/msgraph-beta-sdk-java/issues/comments{/number}', 'contents_url': 'https://api.github.com/repos/microsoftgraph/msgraph-beta-sdk-java/contents/{+path}', 'compare_url': 'https://api.github.com/repos/microsoftgraph/msgraph-beta-sdk-java/compare/{base}...{head}', 'merges_url': 'https://api.github.com/repos/microsoftgraph/msgraph-beta-sdk-java/merges', 'archive_url': 'https://api.github.com/repos/microsoftgraph/msgraph-beta-sdk-java/{archive_format}{/ref}', 'downloads_url': 'https://api.github.com/repos/microsoftgraph/msgraph-beta-sdk-java/downloads', 'issues_url': 'https://api.github.com/repos/microsoftgraph/msgraph-beta-sdk-java/issues{/number}', 'pulls_url': 'https://api.github.com/repos/microsoftgraph/msgraph-beta-sdk-java/pulls{/number}', 'milestones_url': 'https://api.github.com/repos/microsoftgraph/msgraph-beta-sdk-java/milestones{/number}', 'notifications_url': 'https://api.github.com/repos/microsoftgraph/msgraph-beta-sdk-java/notifications{?since,all,participating}', 'labels_url': 'https://api.github.com/repos/microsoftgraph/msgraph-beta-sdk-java/labels{/name}', 'releases_url': 'https://api.github.com/repos/microsoftgraph/msgraph-beta-sdk-java/releases{/id}', 'deployments_url': 'https://api.github.com/repos/microsoftgraph/msgraph-beta-sdk-java/deployments', 'created_at': '2019-08-26T21:59:24Z', 'updated_at': '2022-04-15T21:56:29Z', 'pushed_at': '2022-04-22T19:30:10Z', 'git_url': 'git://github.com/microsoftgraph/msgraph-beta-sdk-java.git', 'ssh_url': 'git@github.com:microsoftgraph/msgraph-beta-sdk-java.git', 'clone_url': 'https://github.com/microsoftgraph/msgraph-beta-sdk-java.git', 'svn_url': 'https://github.com/microsoftgraph/msgraph-beta-sdk-java', 'homepage': 'https://docs.microsoft.com/en-us/graph/sdks/use-beta?tabs=Java', 'size': 46813, 'stargazers_count': 9, 'watchers_count': 9, 'language': 'Java', 'has_issues': True, 'has_projects': True, 'has_downloads': True, 'has_wiki': False, 'has_pages': False, 'forks_count': 5, 'mirror_url': None, 'archived': False, 'disabled': False, 'open_issues_count': 3, 'license': {'key': 'mit', 'name': 'MIT License', 'spdx_id': 'MIT', 'url': 'https://api.github.com/licenses/mit', 'node_id': 'MDc6TGljZW5zZTEz'}, 'allow_forking': True, 'is_template': False, 'topics': ['java', 'microsoft-graph', 'sdk'], 'visibility': 'public', 'forks': 5, 'open_issues': 3, 'watchers': 9, 'default_branch': 'dev'}}, 'base': {'label': 'microsoftgraph:dev', 'ref': 'dev', 'sha': '84b9586d380449438d4489e0715558d9427f2dce', 'user': {'login': 'microsoftgraph', 'id': 17304259, 'node_id': 'MDEyOk9yZ2FuaXphdGlvbjE3MzA0MjU5', 'avatar_url': 'https://avatars.githubusercontent.com/u/17304259?v=4', 'gravatar_id': '', 'url': 'https://api.github.com/users/microsoftgraph', 'html_url': 'https://github.com/microsoftgraph', 'followers_url': 'https://api.github.com/users/microsoftgraph/followers', 'following_url': 'https://api.github.com/users/microsoftgraph/following{/other_user}', 'gists_url': 'https://api.github.com/users/microsoftgraph/gists{/gist_id}', 'starred_url': 'https://api.github.com/users/microsoftgraph/starred{/owner}{/repo}', 'subscriptions_url': 'https://api.github.com/users/microsoftgraph/subscriptions', 'organizations_url': 'https://api.github.com/users/microsoftgraph/orgs', 'repos_url': 'https://api.github.com/users/microsoftgraph/repos', 'events_url': 'https://api.github.com/users/microsoftgraph/events{/privacy}', 'received_events_url': 'https://api.github.com/users/microsoftgraph/received_events', 'type': 'Organization', 'site_admin': False}, 'repo': {'id': 204568878, 'node_id': 'MDEwOlJlcG9zaXRvcnkyMDQ1Njg4Nzg=', 'name': 'msgraph-beta-sdk-java', 'full_name': 'microsoftgraph/msgraph-beta-sdk-java', 'private': False, 'owner': {'login': 'microsoftgraph', 'id': 17304259, 'node_id': 'MDEyOk9yZ2FuaXphdGlvbjE3MzA0MjU5', 'avatar_url': 'https://avatars.githubusercontent.com/u/17304259?v=4', 'gravatar_id': '', 'url': 'https://api.github.com/users/microsoftgraph', 'html_url': 'https://github.com/microsoftgraph', 'followers_url': 'https://api.github.com/users/microsoftgraph/followers', 'following_url': 'https://api.github.com/users/microsoftgraph/following{/other_user}', 'gists_url': 'https://api.github.com/users/microsoftgraph/gists{/gist_id}', 'starred_url': 'https://api.github.com/users/microsoftgraph/starred{/owner}{/repo}', 'subscriptions_url': 'https://api.github.com/users/microsoftgraph/subscriptions', 'organizations_url': 'https://api.github.com/users/microsoftgraph/orgs', 'repos_url': 'https://api.github.com/users/microsoftgraph/repos', 'events_url': 'https://api.github.com/users/microsoftgraph/events{/privacy}', 'received_events_url': 'https://api.github.com/users/microsoftgraph/received_events', 'type': 'Organization', 'site_admin': False}, 'html_url': 'https://github.com/microsoftgraph/msgraph-beta-sdk-java', 'description': 'Microsoft Graph Beta Java SDK', 'fork': False, 'url': 'https://api.github.com/repos/microsoftgraph/msgraph-beta-sdk-java', 'forks_url': 'https://api.github.com/repos/microsoftgraph/msgraph-beta-sdk-java/forks', 'keys_url': 'https://api.github.com/repos/microsoftgraph/msgraph-beta-sdk-java/keys{/key_id}', 'collaborators_url': 'https://api.github.com/repos/microsoftgraph/msgraph-beta-sdk-java/collaborators{/collaborator}', 'teams_url': 'https://api.github.com/repos/microsoftgraph/msgraph-beta-sdk-java/teams', 'hooks_url': 'https://api.github.com/repos/microsoftgraph/msgraph-beta-sdk-java/hooks', 'issue_events_url': 'https://api.github.com/repos/microsoftgraph/msgraph-beta-sdk-java/issues/events{/number}', 'events_url': 'https://api.github.com/repos/microsoftgraph/msgraph-beta-sdk-java/events', 'assignees_url': 'https://api.github.com/repos/microsoftgraph/msgraph-beta-sdk-java/assignees{/user}', 'branches_url': 'https://api.github.com/repos/microsoftgraph/msgraph-beta-sdk-java/branches{/branch}', 'tags_url': 'https://api.github.com/repos/microsoftgraph/msgraph-beta-sdk-java/tags', 'blobs_url': 'https://api.github.com/repos/microsoftgraph/msgraph-beta-sdk-java/git/blobs{/sha}', 'git_tags_url': 'https://api.github.com/repos/microsoftgraph/msgraph-beta-sdk-java/git/tags{/sha}', 'git_refs_url': 'https://api.github.com/repos/microsoftgraph/msgraph-beta-sdk-java/git/refs{/sha}', 'trees_url': 'https://api.github.com/repos/microsoftgraph/msgraph-beta-sdk-java/git/trees{/sha}', 'statuses_url': 'https://api.github.com/repos/microsoftgraph/msgraph-beta-sdk-java/statuses/{sha}', 'languages_url': 'https://api.github.com/repos/microsoftgraph/msgraph-beta-sdk-java/languages', 'stargazers_url': 'https://api.github.com/repos/microsoftgraph/msgraph-beta-sdk-java/stargazers', 'contributors_url': 'https://api.github.com/repos/microsoftgraph/msgraph-beta-sdk-java/contributors', 'subscribers_url': 'https://api.github.com/repos/microsoftgraph/msgraph-beta-sdk-java/subscribers', 'subscription_url': 'https://api.github.com/repos/microsoftgraph/msgraph-beta-sdk-java/subscription', 'commits_url': 'https://api.github.com/repos/microsoftgraph/msgraph-beta-sdk-java/commits{/sha}', 'git_commits_url': 'https://api.github.com/repos/microsoftgraph/msgraph-beta-sdk-java/git/commits{/sha}', 'comments_url': 'https://api.github.com/repos/microsoftgraph/msgraph-beta-sdk-java/comments{/number}', 'issue_comment_url': 'https://api.github.com/repos/microsoftgraph/msgraph-beta-sdk-java/issues/comments{/number}', 'contents_url': 'https://api.github.com/repos/microsoftgraph/msgraph-beta-sdk-java/contents/{+path}', 'compare_url': 'https://api.github.com/repos/microsoftgraph/msgraph-beta-sdk-java/compare/{base}...{head}', 'merges_url': 'https://api.github.com/repos/microsoftgraph/msgraph-beta-sdk-java/merges', 'archive_url': 'https://api.github.com/repos/microsoftgraph/msgraph-beta-sdk-java/{archive_format}{/ref}', 'downloads_url': 'https://api.github.com/repos/microsoftgraph/msgraph-beta-sdk-java/downloads', 'issues_url': 'https://api.github.com/repos/microsoftgraph/msgraph-beta-sdk-java/issues{/number}', 'pulls_url': 'https://api.github.com/repos/microsoftgraph/msgraph-beta-sdk-java/pulls{/number}', 'milestones_url': 'https://api.github.com/repos/microsoftgraph/msgraph-beta-sdk-java/milestones{/number}', 'notifications_url': 'https://api.github.com/repos/microsoftgraph/msgraph-beta-sdk-java/notifications{?since,all,participating}', 'labels_url': 'https://api.github.com/repos/microsoftgraph/msgraph-beta-sdk-java/labels{/name}', 'releases_url': 'https://api.github.com/repos/microsoftgraph/msgraph-beta-sdk-java/releases{/id}', 'deployments_url': 'https://api.github.com/repos/microsoftgraph/msgraph-beta-sdk-java/deployments', 'created_at': '2019-08-26T21:59:24Z', 'updated_at': '2022-04-15T21:56:29Z', 'pushed_at': '2022-04-22T19:30:10Z', 'git_url': 'git://github.com/microsoftgraph/msgraph-beta-sdk-java.git', 'ssh_url': 'git@github.com:microsoftgraph/msgraph-beta-sdk-java.git', 'clone_url': 'https://github.com/microsoftgraph/msgraph-beta-sdk-java.git', 'svn_url': 'https://github.com/microsoftgraph/msgraph-beta-sdk-java', 'homepage': 'https://docs.microsoft.com/en-us/graph/sdks/use-beta?tabs=Java', 'size': 46813, 'stargazers_count': 9, 'watchers_count': 9, 'language': 'Java', 'has_issues': True, 'has_projects': True, 'has_downloads': True, 'has_wiki': False, 'has_pages': False, 'forks_count': 5, 'mirror_url': None, 'archived': False, 'disabled': False, 'open_issues_count': 3, 'license': {'key': 'mit', 'name': 'MIT License', 'spdx_id': 'MIT', 'url': 'https://api.github.com/licenses/mit', 'node_id': 'MDc6TGljZW5zZTEz'}, 'allow_forking': True, 'is_template': False, 'topics': ['java', 'microsoft-graph', 'sdk'], 'visibility': 'public', 'forks': 5, 'open_issues': 3, 'watchers': 9, 'default_branch': 'dev'}}, '_links': {'self': {'href': 'https://api.github.com/repos/microsoftgraph/msgraph-beta-sdk-java/pulls/289'}, 'html': {'href': 'https://github.com/microsoftgraph/msgraph-beta-sdk-java/pull/289'}, 'issue': {'href': 'https://api.github.com/repos/microsoftgraph/msgraph-beta-sdk-java/issues/289'}, 'comments': {'href': 'https://api.github.com/repos/microsoftgraph/msgraph-beta-sdk-java/issues/289/comments'}, 'review_comments': {'href': 'https://api.github.com/repos/microsoftgraph/msgraph-beta-sdk-java/pulls/289/comments'}, 'review_comment': {'href': 'https://api.github.com/repos/microsoftgraph/msgraph-beta-sdk-java/pulls/comments{/number}'}, 'commits': {'href': 'https://api.github.com/repos/microsoftgraph/msgraph-beta-sdk-java/pulls/289/commits'}, 'statuses': {'href': 'https://api.github.com/repos/microsoftgraph/msgraph-beta-sdk-java/statuses/270e95c357f87c104a9bc775ce3b495d958a2d39'}}, 'author_association': 'CONTRIBUTOR', 'auto_merge': None, 'active_lock_reason': None, 'merged': False, 'mergeable': None, 'rebaseable': None, 'mergeable_state': 'unknown', 'merged_by': None, 'comments': 0, 'review_comments': 0, 'maintainer_can_modify': False, 'commits': 1, 'additions': 2, 'deletions': 2, 'changed_files': 1}}",opened,Java
21424310601,CreateEvent,microsoftgraph/msgraph-beta-sdk-java,0.0,2022-04-22T19:30:11Z,"{'ref': 'ramsessanchez-v46-patch', 'ref_type': 'branch', 'master_branch': 'dev', 'description': 'Microsoft Graph Beta Java SDK', 'pusher_type': 'user'}",,Java
21424270415,ReleaseEvent,microsoftgraph/msgraph-beta-sdk-java,0.0,2022-04-22T19:27:06Z,"{'action': 'published', 'release': {'url': 'https://api.github.com/repos/microsoftgraph/msgraph-beta-sdk-java/releases/65110443', 'assets_url': 'https://api.github.com/repos/microsoftgraph/msgraph-beta-sdk-java/releases/65110443/assets', 'upload_url': 'https://uploads.github.com/repos/microsoftgraph/msgraph-beta-sdk-java/releases/65110443/assets{?name,label}', 'html_url': 'https://github.com/microsoftgraph/msgraph-beta-sdk-java/releases/tag/v0.46.0', 'id': 65110443, 'author': {'login': 'ramsessanchez', 'id': 63934382, 'node_id': 'MDQ6VXNlcjYzOTM0Mzgy', 'avatar_url': 'https://avatars.githubusercontent.com/u/63934382?v=4', 'gravatar_id': '', 'url': 'https://api.github.com/users/ramsessanchez', 'html_url': 'https://github.com/ramsessanchez', 'followers_url': 'https://api.github.com/users/ramsessanchez/followers', 'following_url': 'https://api.github.com/users/ramsessanchez/following{/other_user}', 'gists_url': 'https://api.github.com/users/ramsessanchez/gists{/gist_id}', 'starred_url': 'https://api.github.com/users/ramsessanchez/starred{/owner}{/repo}', 'subscriptions_url': 'https://api.github.com/users/ramsessanchez/subscriptions', 'organizations_url': 'https://api.github.com/users/ramsessanchez/orgs', 'repos_url': 'https://api.github.com/users/ramsessanchez/repos', 'events_url': 'https://api.github.com/users/ramsessanchez/events{/privacy}', 'received_events_url': 'https://api.github.com/users/ramsessanchez/received_events', 'type': 'User', 'site_admin': False}, 'node_id': 'RE_kwDODDF5Ls4D4YGr', 'tag_name': 'v0.46.0', 'target_commitish': 'dev', 'name': 'v0.46.0', 'draft': False, 'prerelease': False, 'created_at': '2022-04-22T19:18:17Z', 'published_at': '2022-04-22T19:27:05Z', 'assets': [], 'tarball_url': 'https://api.github.com/repos/microsoftgraph/msgraph-beta-sdk-java/tarball/v0.46.0', 'zipball_url': 'https://api.github.com/repos/microsoftgraph/msgraph-beta-sdk-java/zipball/v0.46.0', 'body': '### Changed\r\n\r\n- Bump dependency on Graph-Core to 2.0.12', 'short_description_html': '<h3>Changed</h3>\n<ul>\n<li>Bump dependency on Graph-Core to 2.0.12</li>\n</ul>', 'is_short_description_html_truncated': False}}",published,Java
21424270471,CreateEvent,microsoftgraph/msgraph-beta-sdk-java,0.0,2022-04-22T19:27:06Z,"{'ref': 'v0.46.0', 'ref_type': 'tag', 'master_branch': 'dev', 'description': 'Microsoft Graph Beta Java SDK', 'pusher_type': 'user'}",,Java
21424159370,PushEvent,microsoftgraph/msgraph-beta-sdk-java,0.0,2022-04-22T19:18:19Z,"{'push_id': 9696145315, 'size': 2, 'distinct_size': 2, 'ref': 'refs/heads/dev', 'head': '84b9586d380449438d4489e0715558d9427f2dce', 'before': '2cbf20b1890e5a86d2b056b79296d9ac1d28f31d', 'commits': [{'sha': '0b6fc9bdcc8b0d0bf877b98bb700a04994f26a5c', 'author': {'email': 'ramses.sanchez99@gmail.com', 'name': 'ramsessanchez'}, 'message': 'update core dependency to 2.0.12', 'distinct': True, 'url': 'https://api.github.com/repos/microsoftgraph/msgraph-beta-sdk-java/commits/0b6fc9bdcc8b0d0bf877b98bb700a04994f26a5c'}, {'sha': '84b9586d380449438d4489e0715558d9427f2dce', 'author': {'email': '63934382+ramsessanchez@users.noreply.github.com', 'name': 'ramsessanchez'}, 'message': 'Merge pull request #288 from microsoftgraph/coreDependency2.0.12\n\nupdate core dependency to 2.0.12', 'distinct': True, 'url': 'https://api.github.com/repos/microsoftgraph/msgraph-beta-sdk-java/commits/84b9586d380449438d4489e0715558d9427f2dce'}]}",,Java
21424159261,DeleteEvent,microsoftgraph/msgraph-beta-sdk-java,0.0,2022-04-22T19:18:19Z,"{'ref': 'coreDependency2.0.12', 'ref_type': 'branch', 'pusher_type': 'user'}",,Java
21424159200,PullRequestEvent,microsoftgraph/msgraph-beta-sdk-java,0.0,2022-04-22T19:18:18Z,"{'action': 'closed', 'number': 288, 'pull_request': {'url': 'https://api.github.com/repos/microsoftgraph/msgraph-beta-sdk-java/pulls/288', 'id': 916712160, 'node_id': 'PR_kwDODDF5Ls42o-rg', 'html_url': 'https://github.com/microsoftgraph/msgraph-beta-sdk-java/pull/288', 'diff_url': 'https://github.com/microsoftgraph/msgraph-beta-sdk-java/pull/288.diff', 'patch_url': 'https://github.com/microsoftgraph/msgraph-beta-sdk-java/pull/288.patch', 'issue_url': 'https://api.github.com/repos/microsoftgraph/msgraph-beta-sdk-java/issues/288', 'number': 288, 'state': 'closed', 'locked': False, 'title': 'update core dependency to 2.0.12', 'user': {'login': 'ramsessanchez', 'id': 63934382, 'node_id': 'MDQ6VXNlcjYzOTM0Mzgy', 'avatar_url': 'https://avatars.githubusercontent.com/u/63934382?v=4', 'gravatar_id': '', 'url': 'https://api.github.com/users/ramsessanchez', 'html_url': 'https://github.com/ramsessanchez', 'followers_url': 'https://api.github.com/users/ramsessanchez/followers', 'following_url': 'https://api.github.com/users/ramsessanchez/following{/other_user}', 'gists_url': 'https://api.github.com/users/ramsessanchez/gists{/gist_id}', 'starred_url': 'https://api.github.com/users/ramsessanchez/starred{/owner}{/repo}', 'subscriptions_url': 'https://api.github.com/users/ramsessanchez/subscriptions', 'organizations_url': 'https://api.github.com/users/ramsessanchez/orgs', 'repos_url': 'https://api.github.com/users/ramsessanchez/repos', 'events_url': 'https://api.github.com/users/ramsessanchez/events{/privacy}', 'received_events_url': 'https://api.github.com/users/ramsessanchez/received_events', 'type': 'User', 'site_admin': False}, 'body': 'https://github.com/microsoftgraph/msgraph-sdk-java-core/issues/483\n\n###### Microsoft Reviewers: [Open in CodeFlow](https://portal.fabricbot.ms/api/codeflow?pullrequest=https://github.com/microsoftgraph/msgraph-beta-sdk-java/pull/288)', 'created_at': '2022-04-22T18:37:19Z', 'updated_at': '2022-04-22T19:18:18Z', 'closed_at': '2022-04-22T19:18:17Z', 'merged_at': '2022-04-22T19:18:17Z', 'merge_commit_sha': '84b9586d380449438d4489e0715558d9427f2dce', 'assignee': None, 'assignees': [], 'requested_reviewers': [{'login': 'baywet', 'id': 7905502, 'node_id': 'MDQ6VXNlcjc5MDU1MDI=', 'avatar_url': 'https://avatars.githubusercontent.com/u/7905502?v=4', 'gravatar_id': '', 'url': 'https://api.github.com/users/baywet', 'html_url': 'https://github.com/baywet', 'followers_url': 'https://api.github.com/users/baywet/followers', 'following_url': 'https://api.github.com/users/baywet/following{/other_user}', 'gists_url': 'https://api.github.com/users/baywet/gists{/gist_id}', 'starred_url': 'https://api.github.com/users/baywet/starred{/owner}{/repo}', 'subscriptions_url': 'https://api.github.com/users/baywet/subscriptions', 'organizations_url': 'https://api.github.com/users/baywet/orgs', 'repos_url': 'https://api.github.com/users/baywet/repos', 'events_url': 'https://api.github.com/users/baywet/events{/privacy}', 'received_events_url': 'https://api.github.com/users/baywet/received_events', 'type': 'User', 'site_admin': False}, {'login': 'MIchaelMainer', 'id': 8527305, 'node_id': 'MDQ6VXNlcjg1MjczMDU=', 'avatar_url': 'https://avatars.githubusercontent.com/u/8527305?v=4', 'gravatar_id': '', 'url': 'https://api.github.com/users/MIchaelMainer', 'html_url': 'https://github.com/MIchaelMainer', 'followers_url': 'https://api.github.com/users/MIchaelMainer/followers', 'following_url': 'https://api.github.com/users/MIchaelMainer/following{/other_user}', 'gists_url': 'https://api.github.com/users/MIchaelMainer/gists{/gist_id}', 'starred_url': 'https://api.github.com/users/MIchaelMainer/starred{/owner}{/repo}', 'subscriptions_url': 'https://api.github.com/users/MIchaelMainer/subscriptions', 'organizations_url': 'https://api.github.com/users/MIchaelMainer/orgs', 'repos_url': 'https://api.github.com/users/MIchaelMainer/repos', 'events_url': 'https://api.github.com/users/MIchaelMainer/events{/privacy}', 'received_events_url': 'https://api.github.com/users/MIchaelMainer/received_events', 'type': 'User', 'site_admin': False}, {'login': 'ddyett', 'id': 20829981, 'node_id': 'MDQ6VXNlcjIwODI5OTgx', 'avatar_url': 'https://avatars.githubusercontent.com/u/20829981?v=4', 'gravatar_id': '', 'url': 'https://api.github.com/users/ddyett', 'html_url': 'https://github.com/ddyett', 'followers_url': 'https://api.github.com/users/ddyett/followers', 'following_url': 'https://api.github.com/users/ddyett/following{/other_user}', 'gists_url': 'https://api.github.com/users/ddyett/gists{/gist_id}', 'starred_url': 'https://api.github.com/users/ddyett/starred{/owner}{/repo}', 'subscriptions_url': 'https://api.github.com/users/ddyett/subscriptions', 'organizations_url': 'https://api.github.com/users/ddyett/orgs', 'repos_url': 'https://api.github.com/users/ddyett/repos', 'events_url': 'https://api.github.com/users/ddyett/events{/privacy}', 'received_events_url': 'https://api.github.com/users/ddyett/received_events', 'type': 'User', 'site_admin': False}, {'login': 'nikithauc', 'id': 23219007, 'node_id': 'MDQ6VXNlcjIzMjE5MDA3', 'avatar_url': 'https://avatars.githubusercontent.com/u/23219007?v=4', 'gravatar_id': '', 'url': 'https://api.github.com/users/nikithauc', 'html_url': 'https://github.com/nikithauc', 'followers_url': 'https://api.github.com/users/nikithauc/followers', 'following_url': 'https://api.github.com/users/nikithauc/following{/other_user}', 'gists_url': 'https://api.github.com/users/nikithauc/gists{/gist_id}', 'starred_url': 'https://api.github.com/users/nikithauc/starred{/owner}{/repo}', 'subscriptions_url': 'https://api.github.com/users/nikithauc/subscriptions', 'organizations_url': 'https://api.github.com/users/nikithauc/orgs', 'repos_url': 'https://api.github.com/users/nikithauc/repos', 'events_url': 'https://api.github.com/users/nikithauc/events{/privacy}', 'received_events_url': 'https://api.github.com/users/nikithauc/received_events', 'type': 'User', 'site_admin': False}], 'requested_teams': [], 'labels': [], 'milestone': None, 'draft': False, 'commits_url': 'https://api.github.com/repos/microsoftgraph/msgraph-beta-sdk-java/pulls/288/commits', 'review_comments_url': 'https://api.github.com/repos/microsoftgraph/msgraph-beta-sdk-java/pulls/288/comments', 'review_comment_url': 'https://api.github.com/repos/microsoftgraph/msgraph-beta-sdk-java/pulls/comments{/number}', 'comments_url': 'https://api.github.com/repos/microsoftgraph/msgraph-beta-sdk-java/issues/288/comments', 'statuses_url': 'https://api.github.com/repos/microsoftgraph/msgraph-beta-sdk-java/statuses/0b6fc9bdcc8b0d0bf877b98bb700a04994f26a5c', 'head': {'label': 'microsoftgraph:coreDependency2.0.12', 'ref': 'coreDependency2.0.12', 'sha': '0b6fc9bdcc8b0d0bf877b98bb700a04994f26a5c', 'user': {'login': 'microsoftgraph', 'id': 17304259, 'node_id': 'MDEyOk9yZ2FuaXphdGlvbjE3MzA0MjU5', 'avatar_url': 'https://avatars.githubusercontent.com/u/17304259?v=4', 'gravatar_id': '', 'url': 'https://api.github.com/users/microsoftgraph', 'html_url': 'https://github.com/microsoftgraph', 'followers_url': 'https://api.github.com/users/microsoftgraph/followers', 'following_url': 'https://api.github.com/users/microsoftgraph/following{/other_user}', 'gists_url': 'https://api.github.com/users/microsoftgraph/gists{/gist_id}', 'starred_url': 'https://api.github.com/users/microsoftgraph/starred{/owner}{/repo}', 'subscriptions_url': 'https://api.github.com/users/microsoftgraph/subscriptions', 'organizations_url': 'https://api.github.com/users/microsoftgraph/orgs', 'repos_url': 'https://api.github.com/users/microsoftgraph/repos', 'events_url': 'https://api.github.com/users/microsoftgraph/events{/privacy}', 'received_events_url': 'https://api.github.com/users/microsoftgraph/received_events', 'type': 'Organization', 'site_admin': False}, 'repo': {'id': 204568878, 'node_id': 'MDEwOlJlcG9zaXRvcnkyMDQ1Njg4Nzg=', 'name': 'msgraph-beta-sdk-java', 'full_name': 'microsoftgraph/msgraph-beta-sdk-java', 'private': False, 'owner': {'login': 'microsoftgraph', 'id': 17304259, 'node_id': 'MDEyOk9yZ2FuaXphdGlvbjE3MzA0MjU5', 'avatar_url': 'https://avatars.githubusercontent.com/u/17304259?v=4', 'gravatar_id': '', 'url': 'https://api.github.com/users/microsoftgraph', 'html_url': 'https://github.com/microsoftgraph', 'followers_url': 'https://api.github.com/users/microsoftgraph/followers', 'following_url': 'https://api.github.com/users/microsoftgraph/following{/other_user}', 'gists_url': 'https://api.github.com/users/microsoftgraph/gists{/gist_id}', 'starred_url': 'https://api.github.com/users/microsoftgraph/starred{/owner}{/repo}', 'subscriptions_url': 'https://api.github.com/users/microsoftgraph/subscriptions', 'organizations_url': 'https://api.github.com/users/microsoftgraph/orgs', 'repos_url': 'https://api.github.com/users/microsoftgraph/repos', 'events_url': 'https://api.github.com/users/microsoftgraph/events{/privacy}', 'received_events_url': 'https://api.github.com/users/microsoftgraph/received_events', 'type': 'Organization', 'site_admin': False}, 'html_url': 'https://github.com/microsoftgraph/msgraph-beta-sdk-java', 'description': 'Microsoft Graph Beta Java SDK', 'fork': False, 'url': 'https://api.github.com/repos/microsoftgraph/msgraph-beta-sdk-java', 'forks_url': 'https://api.github.com/repos/microsoftgraph/msgraph-beta-sdk-java/forks', 'keys_url': 'https://api.github.com/repos/microsoftgraph/msgraph-beta-sdk-java/keys{/key_id}', 'collaborators_url': 'https://api.github.com/repos/microsoftgraph/msgraph-beta-sdk-java/collaborators{/collaborator}', 'teams_url': 'https://api.github.com/repos/microsoftgraph/msgraph-beta-sdk-java/teams', 'hooks_url': 'https://api.github.com/repos/microsoftgraph/msgraph-beta-sdk-java/hooks', 'issue_events_url': 'https://api.github.com/repos/microsoftgraph/msgraph-beta-sdk-java/issues/events{/number}', 'events_url': 'https://api.github.com/repos/microsoftgraph/msgraph-beta-sdk-java/events', 'assignees_url': 'https://api.github.com/repos/microsoftgraph/msgraph-beta-sdk-java/assignees{/user}', 'branches_url': 'https://api.github.com/repos/microsoftgraph/msgraph-beta-sdk-java/branches{/branch}', 'tags_url': 'https://api.github.com/repos/microsoftgraph/msgraph-beta-sdk-java/tags', 'blobs_url': 'https://api.github.com/repos/microsoftgraph/msgraph-beta-sdk-java/git/blobs{/sha}', 'git_tags_url': 'https://api.github.com/repos/microsoftgraph/msgraph-beta-sdk-java/git/tags{/sha}', 'git_refs_url': 'https://api.github.com/repos/microsoftgraph/msgraph-beta-sdk-java/git/refs{/sha}', 'trees_url': 'https://api.github.com/repos/microsoftgraph/msgraph-beta-sdk-java/git/trees{/sha}', 'statuses_url': 'https://api.github.com/repos/microsoftgraph/msgraph-beta-sdk-java/statuses/{sha}', 'languages_url': 'https://api.github.com/repos/microsoftgraph/msgraph-beta-sdk-java/languages', 'stargazers_url': 'https://api.github.com/repos/microsoftgraph/msgraph-beta-sdk-java/stargazers', 'contributors_url': 'https://api.github.com/repos/microsoftgraph/msgraph-beta-sdk-java/contributors', 'subscribers_url': 'https://api.github.com/repos/microsoftgraph/msgraph-beta-sdk-java/subscribers', 'subscription_url': 'https://api.github.com/repos/microsoftgraph/msgraph-beta-sdk-java/subscription', 'commits_url': 'https://api.github.com/repos/microsoftgraph/msgraph-beta-sdk-java/commits{/sha}', 'git_commits_url': 'https://api.github.com/repos/microsoftgraph/msgraph-beta-sdk-java/git/commits{/sha}', 'comments_url': 'https://api.github.com/repos/microsoftgraph/msgraph-beta-sdk-java/comments{/number}', 'issue_comment_url': 'https://api.github.com/repos/microsoftgraph/msgraph-beta-sdk-java/issues/comments{/number}', 'contents_url': 'https://api.github.com/repos/microsoftgraph/msgraph-beta-sdk-java/contents/{+path}', 'compare_url': 'https://api.github.com/repos/microsoftgraph/msgraph-beta-sdk-java/compare/{base}...{head}', 'merges_url': 'https://api.github.com/repos/microsoftgraph/msgraph-beta-sdk-java/merges', 'archive_url': 'https://api.github.com/repos/microsoftgraph/msgraph-beta-sdk-java/{archive_format}{/ref}', 'downloads_url': 'https://api.github.com/repos/microsoftgraph/msgraph-beta-sdk-java/downloads', 'issues_url': 'https://api.github.com/repos/microsoftgraph/msgraph-beta-sdk-java/issues{/number}', 'pulls_url': 'https://api.github.com/repos/microsoftgraph/msgraph-beta-sdk-java/pulls{/number}', 'milestones_url': 'https://api.github.com/repos/microsoftgraph/msgraph-beta-sdk-java/milestones{/number}', 'notifications_url': 'https://api.github.com/repos/microsoftgraph/msgraph-beta-sdk-java/notifications{?since,all,participating}', 'labels_url': 'https://api.github.com/repos/microsoftgraph/msgraph-beta-sdk-java/labels{/name}', 'releases_url': 'https://api.github.com/repos/microsoftgraph/msgraph-beta-sdk-java/releases{/id}', 'deployments_url': 'https://api.github.com/repos/microsoftgraph/msgraph-beta-sdk-java/deployments', 'created_at': '2019-08-26T21:59:24Z', 'updated_at': '2022-04-15T21:56:29Z', 'pushed_at': '2022-04-22T19:18:17Z', 'git_url': 'git://github.com/microsoftgraph/msgraph-beta-sdk-java.git', 'ssh_url': 'git@github.com:microsoftgraph/msgraph-beta-sdk-java.git', 'clone_url': 'https://github.com/microsoftgraph/msgraph-beta-sdk-java.git', 'svn_url': 'https://github.com/microsoftgraph/msgraph-beta-sdk-java', 'homepage': 'https://docs.microsoft.com/en-us/graph/sdks/use-beta?tabs=Java', 'size': 46813, 'stargazers_count': 9, 'watchers_count': 9, 'language': 'Java', 'has_issues': True, 'has_projects': True, 'has_downloads': True, 'has_wiki': False, 'has_pages': False, 'forks_count': 5, 'mirror_url': None, 'archived': False, 'disabled': False, 'open_issues_count': 2, 'license': {'key': 'mit', 'name': 'MIT License', 'spdx_id': 'MIT', 'url': 'https://api.github.com/licenses/mit', 'node_id': 'MDc6TGljZW5zZTEz'}, 'allow_forking': True, 'is_template': False, 'topics': ['java', 'microsoft-graph', 'sdk'], 'visibility': 'public', 'forks': 5, 'open_issues': 2, 'watchers': 9, 'default_branch': 'dev'}}, 'base': {'label': 'microsoftgraph:dev', 'ref': 'dev', 'sha': '2cbf20b1890e5a86d2b056b79296d9ac1d28f31d', 'user': {'login': 'microsoftgraph', 'id': 17304259, 'node_id': 'MDEyOk9yZ2FuaXphdGlvbjE3MzA0MjU5', 'avatar_url': 'https://avatars.githubusercontent.com/u/17304259?v=4', 'gravatar_id': '', 'url': 'https://api.github.com/users/microsoftgraph', 'html_url': 'https://github.com/microsoftgraph', 'followers_url': 'https://api.github.com/users/microsoftgraph/followers', 'following_url': 'https://api.github.com/users/microsoftgraph/following{/other_user}', 'gists_url': 'https://api.github.com/users/microsoftgraph/gists{/gist_id}', 'starred_url': 'https://api.github.com/users/microsoftgraph/starred{/owner}{/repo}', 'subscriptions_url': 'https://api.github.com/users/microsoftgraph/subscriptions', 'organizations_url': 'https://api.github.com/users/microsoftgraph/orgs', 'repos_url': 'https://api.github.com/users/microsoftgraph/repos', 'events_url': 'https://api.github.com/users/microsoftgraph/events{/privacy}', 'received_events_url': 'https://api.github.com/users/microsoftgraph/received_events', 'type': 'Organization', 'site_admin': False}, 'repo': {'id': 204568878, 'node_id': 'MDEwOlJlcG9zaXRvcnkyMDQ1Njg4Nzg=', 'name': 'msgraph-beta-sdk-java', 'full_name': 'microsoftgraph/msgraph-beta-sdk-java', 'private': False, 'owner': {'login': 'microsoftgraph', 'id': 17304259, 'node_id': 'MDEyOk9yZ2FuaXphdGlvbjE3MzA0MjU5', 'avatar_url': 'https://avatars.githubusercontent.com/u/17304259?v=4', 'gravatar_id': '', 'url': 'https://api.github.com/users/microsoftgraph', 'html_url': 'https://github.com/microsoftgraph', 'followers_url': 'https://api.github.com/users/microsoftgraph/followers', 'following_url': 'https://api.github.com/users/microsoftgraph/following{/other_user}', 'gists_url': 'https://api.github.com/users/microsoftgraph/gists{/gist_id}', 'starred_url': 'https://api.github.com/users/microsoftgraph/starred{/owner}{/repo}', 'subscriptions_url': 'https://api.github.com/users/microsoftgraph/subscriptions', 'organizations_url': 'https://api.github.com/users/microsoftgraph/orgs', 'repos_url': 'https://api.github.com/users/microsoftgraph/repos', 'events_url': 'https://api.github.com/users/microsoftgraph/events{/privacy}', 'received_events_url': 'https://api.github.com/users/microsoftgraph/received_events', 'type': 'Organization', 'site_admin': False}, 'html_url': 'https://github.com/microsoftgraph/msgraph-beta-sdk-java', 'description': 'Microsoft Graph Beta Java SDK', 'fork': False, 'url': 'https://api.github.com/repos/microsoftgraph/msgraph-beta-sdk-java', 'forks_url': 'https://api.github.com/repos/microsoftgraph/msgraph-beta-sdk-java/forks', 'keys_url': 'https://api.github.com/repos/microsoftgraph/msgraph-beta-sdk-java/keys{/key_id}', 'collaborators_url': 'https://api.github.com/repos/microsoftgraph/msgraph-beta-sdk-java/collaborators{/collaborator}', 'teams_url': 'https://api.github.com/repos/microsoftgraph/msgraph-beta-sdk-java/teams', 'hooks_url': 'https://api.github.com/repos/microsoftgraph/msgraph-beta-sdk-java/hooks', 'issue_events_url': 'https://api.github.com/repos/microsoftgraph/msgraph-beta-sdk-java/issues/events{/number}', 'events_url': 'https://api.github.com/repos/microsoftgraph/msgraph-beta-sdk-java/events', 'assignees_url': 'https://api.github.com/repos/microsoftgraph/msgraph-beta-sdk-java/assignees{/user}', 'branches_url': 'https://api.github.com/repos/microsoftgraph/msgraph-beta-sdk-java/branches{/branch}', 'tags_url': 'https://api.github.com/repos/microsoftgraph/msgraph-beta-sdk-java/tags', 'blobs_url': 'https://api.github.com/repos/microsoftgraph/msgraph-beta-sdk-java/git/blobs{/sha}', 'git_tags_url': 'https://api.github.com/repos/microsoftgraph/msgraph-beta-sdk-java/git/tags{/sha}', 'git_refs_url': 'https://api.github.com/repos/microsoftgraph/msgraph-beta-sdk-java/git/refs{/sha}', 'trees_url': 'https://api.github.com/repos/microsoftgraph/msgraph-beta-sdk-java/git/trees{/sha}', 'statuses_url': 'https://api.github.com/repos/microsoftgraph/msgraph-beta-sdk-java/statuses/{sha}', 'languages_url': 'https://api.github.com/repos/microsoftgraph/msgraph-beta-sdk-java/languages', 'stargazers_url': 'https://api.github.com/repos/microsoftgraph/msgraph-beta-sdk-java/stargazers', 'contributors_url': 'https://api.github.com/repos/microsoftgraph/msgraph-beta-sdk-java/contributors', 'subscribers_url': 'https://api.github.com/repos/microsoftgraph/msgraph-beta-sdk-java/subscribers', 'subscription_url': 'https://api.github.com/repos/microsoftgraph/msgraph-beta-sdk-java/subscription', 'commits_url': 'https://api.github.com/repos/microsoftgraph/msgraph-beta-sdk-java/commits{/sha}', 'git_commits_url': 'https://api.github.com/repos/microsoftgraph/msgraph-beta-sdk-java/git/commits{/sha}', 'comments_url': 'https://api.github.com/repos/microsoftgraph/msgraph-beta-sdk-java/comments{/number}', 'issue_comment_url': 'https://api.github.com/repos/microsoftgraph/msgraph-beta-sdk-java/issues/comments{/number}', 'contents_url': 'https://api.github.com/repos/microsoftgraph/msgraph-beta-sdk-java/contents/{+path}', 'compare_url': 'https://api.github.com/repos/microsoftgraph/msgraph-beta-sdk-java/compare/{base}...{head}', 'merges_url': 'https://api.github.com/repos/microsoftgraph/msgraph-beta-sdk-java/merges', 'archive_url': 'https://api.github.com/repos/microsoftgraph/msgraph-beta-sdk-java/{archive_format}{/ref}', 'downloads_url': 'https://api.github.com/repos/microsoftgraph/msgraph-beta-sdk-java/downloads', 'issues_url': 'https://api.github.com/repos/microsoftgraph/msgraph-beta-sdk-java/issues{/number}', 'pulls_url': 'https://api.github.com/repos/microsoftgraph/msgraph-beta-sdk-java/pulls{/number}', 'milestones_url': 'https://api.github.com/repos/microsoftgraph/msgraph-beta-sdk-java/milestones{/number}', 'notifications_url': 'https://api.github.com/repos/microsoftgraph/msgraph-beta-sdk-java/notifications{?since,all,participating}', 'labels_url': 'https://api.github.com/repos/microsoftgraph/msgraph-beta-sdk-java/labels{/name}', 'releases_url': 'https://api.github.com/repos/microsoftgraph/msgraph-beta-sdk-java/releases{/id}', 'deployments_url': 'https://api.github.com/repos/microsoftgraph/msgraph-beta-sdk-java/deployments', 'created_at': '2019-08-26T21:59:24Z', 'updated_at': '2022-04-15T21:56:29Z', 'pushed_at': '2022-04-22T19:18:17Z', 'git_url': 'git://github.com/microsoftgraph/msgraph-beta-sdk-java.git', 'ssh_url': 'git@github.com:microsoftgraph/msgraph-beta-sdk-java.git', 'clone_url': 'https://github.com/microsoftgraph/msgraph-beta-sdk-java.git', 'svn_url': 'https://github.com/microsoftgraph/msgraph-beta-sdk-java', 'homepage': 'https://docs.microsoft.com/en-us/graph/sdks/use-beta?tabs=Java', 'size': 46813, 'stargazers_count': 9, 'watchers_count': 9, 'language': 'Java', 'has_issues': True, 'has_projects': True, 'has_downloads': True, 'has_wiki': False, 'has_pages': False, 'forks_count': 5, 'mirror_url': None, 'archived': False, 'disabled': False, 'open_issues_count': 2, 'license': {'key': 'mit', 'name': 'MIT License', 'spdx_id': 'MIT', 'url': 'https://api.github.com/licenses/mit', 'node_id': 'MDc6TGljZW5zZTEz'}, 'allow_forking': True, 'is_template': False, 'topics': ['java', 'microsoft-graph', 'sdk'], 'visibility': 'public', 'forks': 5, 'open_issues': 2, 'watchers': 9, 'default_branch': 'dev'}}, '_links': {'self': {'href': 'https://api.github.com/repos/microsoftgraph/msgraph-beta-sdk-java/pulls/288'}, 'html': {'href': 'https://github.com/microsoftgraph/msgraph-beta-sdk-java/pull/288'}, 'issue': {'href': 'https://api.github.com/repos/microsoftgraph/msgraph-beta-sdk-java/issues/288'}, 'comments': {'href': 'https://api.github.com/repos/microsoftgraph/msgraph-beta-sdk-java/issues/288/comments'}, 'review_comments': {'href': 'https://api.github.com/repos/microsoftgraph/msgraph-beta-sdk-java/pulls/288/comments'}, 'review_comment': {'href': 'https://api.github.com/repos/microsoftgraph/msgraph-beta-sdk-java/pulls/comments{/number}'}, 'commits': {'href': 'https://api.github.com/repos/microsoftgraph/msgraph-beta-sdk-java/pulls/288/commits'}, 'statuses': {'href': 'https://api.github.com/repos/microsoftgraph/msgraph-beta-sdk-java/statuses/0b6fc9bdcc8b0d0bf877b98bb700a04994f26a5c'}}, 'author_association': 'CONTRIBUTOR', 'auto_merge': {'enabled_by': {'login': 'ramsessanchez', 'id': 63934382, 'node_id': 'MDQ6VXNlcjYzOTM0Mzgy', 'avatar_url': 'https://avatars.githubusercontent.com/u/63934382?v=4', 'gravatar_id': '', 'url': 'https://api.github.com/users/ramsessanchez', 'html_url': 'https://github.com/ramsessanchez', 'followers_url': 'https://api.github.com/users/ramsessanchez/followers', 'following_url': 'https://api.github.com/users/ramsessanchez/following{/other_user}', 'gists_url': 'https://api.github.com/users/ramsessanchez/gists{/gist_id}', 'starred_url': 'https://api.github.com/users/ramsessanchez/starred{/owner}{/repo}', 'subscriptions_url': 'https://api.github.com/users/ramsessanchez/subscriptions', 'organizations_url': 'https://api.github.com/users/ramsessanchez/orgs', 'repos_url': 'https://api.github.com/users/ramsessanchez/repos', 'events_url': 'https://api.github.com/users/ramsessanchez/events{/privacy}', 'received_events_url': 'https://api.github.com/users/ramsessanchez/received_events', 'type': 'User', 'site_admin': False}, 'merge_method': 'merge', 'commit_title': 'Merge pull request #288 from microsoftgraph/coreDependency2.0.12', 'commit_message': 'update core dependency to 2.0.12'}, 'active_lock_reason': None, 'merged': True, 'mergeable': None, 'rebaseable': None, 'mergeable_state': 'unknown', 'merged_by': {'login': 'ramsessanchez', 'id': 63934382, 'node_id': 'MDQ6VXNlcjYzOTM0Mzgy', 'avatar_url': 'https://avatars.githubusercontent.com/u/63934382?v=4', 'gravatar_id': '', 'url': 'https://api.github.com/users/ramsessanchez', 'html_url': 'https://github.com/ramsessanchez', 'followers_url': 'https://api.github.com/users/ramsessanchez/followers', 'following_url': 'https://api.github.com/users/ramsessanchez/following{/other_user}', 'gists_url': 'https://api.github.com/users/ramsessanchez/gists{/gist_id}', 'starred_url': 'https://api.github.com/users/ramsessanchez/starred{/owner}{/repo}', 'subscriptions_url': 'https://api.github.com/users/ramsessanchez/subscriptions', 'organizations_url': 'https://api.github.com/users/ramsessanchez/orgs', 'repos_url': 'https://api.github.com/users/ramsessanchez/repos', 'events_url': 'https://api.github.com/users/ramsessanchez/events{/privacy}', 'received_events_url': 'https://api.github.com/users/ramsessanchez/received_events', 'type': 'User', 'site_admin': False}, 'comments': 0, 'review_comments': 0, 'maintainer_can_modify': False, 'commits': 1, 'additions': 9, 'deletions': 1, 'changed_files': 2}}",closed,Java
21424127808,CreateEvent,microsoftgraph/msgraph-beta-sdk-java,0.0,2022-04-22T19:15:52Z,"{'ref': 'v0.45.0', 'ref_type': 'tag', 'master_branch': 'dev', 'description': 'Microsoft Graph Beta Java SDK', 'pusher_type': 'user'}",,Java
21424127734,ReleaseEvent,microsoftgraph/msgraph-beta-sdk-java,0.0,2022-04-22T19:15:51Z,"{'action': 'published', 'release': {'url': 'https://api.github.com/repos/microsoftgraph/msgraph-beta-sdk-java/releases/65109788', 'assets_url': 'https://api.github.com/repos/microsoftgraph/msgraph-beta-sdk-java/releases/65109788/assets', 'upload_url': 'https://uploads.github.com/repos/microsoftgraph/msgraph-beta-sdk-java/releases/65109788/assets{?name,label}', 'html_url': 'https://github.com/microsoftgraph/msgraph-beta-sdk-java/releases/tag/v0.45.0', 'id': 65109788, 'author': {'login': 'ramsessanchez', 'id': 63934382, 'node_id': 'MDQ6VXNlcjYzOTM0Mzgy', 'avatar_url': 'https://avatars.githubusercontent.com/u/63934382?v=4', 'gravatar_id': '', 'url': 'https://api.github.com/users/ramsessanchez', 'html_url': 'https://github.com/ramsessanchez', 'followers_url': 'https://api.github.com/users/ramsessanchez/followers', 'following_url': 'https://api.github.com/users/ramsessanchez/following{/other_user}', 'gists_url': 'https://api.github.com/users/ramsessanchez/gists{/gist_id}', 'starred_url': 'https://api.github.com/users/ramsessanchez/starred{/owner}{/repo}', 'subscriptions_url': 'https://api.github.com/users/ramsessanchez/subscriptions', 'organizations_url': 'https://api.github.com/users/ramsessanchez/orgs', 'repos_url': 'https://api.github.com/users/ramsessanchez/repos', 'events_url': 'https://api.github.com/users/ramsessanchez/events{/privacy}', 'received_events_url': 'https://api.github.com/users/ramsessanchez/received_events', 'type': 'User', 'site_admin': False}, 'node_id': 'RE_kwDODDF5Ls4D4X8c', 'tag_name': 'v0.45.0', 'target_commitish': 'dev', 'name': 'v0.45.0', 'draft': False, 'prerelease': False, 'created_at': '2022-04-22T16:20:14Z', 'published_at': '2022-04-22T19:15:51Z', 'assets': [], 'tarball_url': 'https://api.github.com/repos/microsoftgraph/msgraph-beta-sdk-java/tarball/v0.45.0', 'zipball_url': 'https://api.github.com/repos/microsoftgraph/msgraph-beta-sdk-java/zipball/v0.45.0', 'body': '### Added\r\n \r\n- ClientCredentialType model. \r\n- CloudPcUserAccessLevel model. \r\n- CloudPcReviewStatus models and related requests. \r\n- DocumentSetVersion models and related requests. \r\n- SignInConfirm models and related requests. \r\n- SubjectRightsRequest models. \r\n- DocumentSetVersion requests. \r\n\r\n### Changed\r\n\r\n- Updated beta models and request builders generated using Typewriter, based on latest Beta-Metadata. \r\n- Models and requests related to the added models such as CloudPcOrganizationSettings model, SignIn model, SubjectRightsRequest model etc. ', 'short_description_html': '<h3>Added</h3>\n<ul>\n<li>ClientCredentialType model.</li>\n<li>CloudPcUserAccessLevel model.</li>\n<li>CloudPcReviewStatus models and related requests.</li>\n<li>DocumentSetVersion models and related requests.</li>\n<li>SignInConfirm models and related re…</li>\n</ul>', 'is_short_description_html_truncated': True}}",published,Java
21424086025,CreateEvent,microsoftgraph/msgraph-sdk-java,0.0,2022-04-22T19:12:31Z,"{'ref': 'v5.21.0', 'ref_type': 'tag', 'master_branch': 'dev', 'description': 'Microsoft Graph SDK for Java', 'pusher_type': 'user'}",,Java
21424085944,ReleaseEvent,microsoftgraph/msgraph-sdk-java,0.0,2022-04-22T19:12:31Z,"{'action': 'published', 'release': {'url': 'https://api.github.com/repos/microsoftgraph/msgraph-sdk-java/releases/65109506', 'assets_url': 'https://api.github.com/repos/microsoftgraph/msgraph-sdk-java/releases/65109506/assets', 'upload_url': 'https://uploads.github.com/repos/microsoftgraph/msgraph-sdk-java/releases/65109506/assets{?name,label}', 'html_url': 'https://github.com/microsoftgraph/msgraph-sdk-java/releases/tag/v5.21.0', 'id': 65109506, 'author': {'login': 'ramsessanchez', 'id': 63934382, 'node_id': 'MDQ6VXNlcjYzOTM0Mzgy', 'avatar_url': 'https://avatars.githubusercontent.com/u/63934382?v=4', 'gravatar_id': '', 'url': 'https://api.github.com/users/ramsessanchez', 'html_url': 'https://github.com/ramsessanchez', 'followers_url': 'https://api.github.com/users/ramsessanchez/followers', 'following_url': 'https://api.github.com/users/ramsessanchez/following{/other_user}', 'gists_url': 'https://api.github.com/users/ramsessanchez/gists{/gist_id}', 'starred_url': 'https://api.github.com/users/ramsessanchez/starred{/owner}{/repo}', 'subscriptions_url': 'https://api.github.com/users/ramsessanchez/subscriptions', 'organizations_url': 'https://api.github.com/users/ramsessanchez/orgs', 'repos_url': 'https://api.github.com/users/ramsessanchez/repos', 'events_url': 'https://api.github.com/users/ramsessanchez/events{/privacy}', 'received_events_url': 'https://api.github.com/users/ramsessanchez/received_events', 'type': 'User', 'site_admin': False}, 'node_id': 'RE_kwDOBig9Oc4D4X4C', 'tag_name': 'v5.21.0', 'target_commitish': 'dev', 'name': 'v5.21.0', 'draft': False, 'prerelease': False, 'created_at': '2022-04-22T18:48:16Z', 'published_at': '2022-04-22T19:12:30Z', 'assets': [], 'tarball_url': 'https://api.github.com/repos/microsoftgraph/msgraph-sdk-java/tarball/v5.21.0', 'zipball_url': 'https://api.github.com/repos/microsoftgraph/msgraph-sdk-java/zipball/v5.21.0', 'body': '### Changed\r\n\r\n- Bump dependency on Graph-Core to 2.0.12 ', 'short_description_html': '<h3>Changed</h3>\n<ul>\n<li>Bump dependency on Graph-Core to 2.0.12</li>\n</ul>', 'is_short_description_html_truncated': False}}",published,Java
21424071769,CreateEvent,microsoftgraph/msgraph-sdk-java,0.0,2022-04-22T19:11:24Z,"{'ref': 'v5.20.0', 'ref_type': 'tag', 'master_branch': 'dev', 'description': 'Microsoft Graph SDK for Java', 'pusher_type': 'user'}",,Java
21424071681,ReleaseEvent,microsoftgraph/msgraph-sdk-java,0.0,2022-04-22T19:11:23Z,"{'action': 'published', 'release': {'url': 'https://api.github.com/repos/microsoftgraph/msgraph-sdk-java/releases/65109406', 'assets_url': 'https://api.github.com/repos/microsoftgraph/msgraph-sdk-java/releases/65109406/assets', 'upload_url': 'https://uploads.github.com/repos/microsoftgraph/msgraph-sdk-java/releases/65109406/assets{?name,label}', 'html_url': 'https://github.com/microsoftgraph/msgraph-sdk-java/releases/tag/v5.20.0', 'id': 65109406, 'author': {'login': 'ramsessanchez', 'id': 63934382, 'node_id': 'MDQ6VXNlcjYzOTM0Mzgy', 'avatar_url': 'https://avatars.githubusercontent.com/u/63934382?v=4', 'gravatar_id': '', 'url': 'https://api.github.com/users/ramsessanchez', 'html_url': 'https://github.com/ramsessanchez', 'followers_url': 'https://api.github.com/users/ramsessanchez/followers', 'following_url': 'https://api.github.com/users/ramsessanchez/following{/other_user}', 'gists_url': 'https://api.github.com/users/ramsessanchez/gists{/gist_id}', 'starred_url': 'https://api.github.com/users/ramsessanchez/starred{/owner}{/repo}', 'subscriptions_url': 'https://api.github.com/users/ramsessanchez/subscriptions', 'organizations_url': 'https://api.github.com/users/ramsessanchez/orgs', 'repos_url': 'https://api.github.com/users/ramsessanchez/repos', 'events_url': 'https://api.github.com/users/ramsessanchez/events{/privacy}', 'received_events_url': 'https://api.github.com/users/ramsessanchez/received_events', 'type': 'User', 'site_admin': False}, 'node_id': 'RE_kwDOBig9Oc4D4X2e', 'tag_name': 'v5.20.0', 'target_commitish': 'dev', 'name': 'v5.20.0', 'draft': False, 'prerelease': False, 'created_at': '2022-04-22T18:48:16Z', 'published_at': '2022-04-22T19:11:23Z', 'assets': [], 'tarball_url': 'https://api.github.com/repos/microsoftgraph/msgraph-sdk-java/tarball/v5.20.0', 'zipball_url': 'https://api.github.com/repos/microsoftgraph/msgraph-sdk-java/zipball/v5.20.0', 'body': '\r\n### Added\r\n\r\n- ApprovalSettings model.\r\n- RequestSchedule model.\r\n- TicketInfo model.\r\n- UnifiedApprovalStage model. \r\n- UnifiedRoleScheduleRequestActions model. \r\n- AppScopeReference and AppScopeWithReference requests.  \r\n- RoleAssignmentSchedule models and related requests. \r\n- RoleEligibilitySchedule models and related requests. \r\n- UnifiedRoleAssignmentSchedule models and related requests. \r\n- UnifiedRoleEligibilitySchedule models and related requests. \r\n- UnifiedRoleManagementPolicy models and related requests. \r\n- UnifiedRoleSchedule models and related requests.  \r\n\r\n### Changed\r\n\r\n- Generated v1.0 models and request builders using Typewriter.\r\n- PolicyRoot model and request builder.  \r\n- RbacApplication model and request builder. ', 'short_description_html': '<h3>Added</h3>\n<ul>\n<li>ApprovalSettings model.</li>\n<li>RequestSchedule model.</li>\n<li>TicketInfo model.</li>\n<li>UnifiedApprovalStage model.</li>\n<li>UnifiedRoleScheduleRequestActions model.</li>\n<li>AppScopeReference and AppScopeWithReference requests.</li>\n<li>Ro…</li>\n</ul>', 'is_short_description_html_truncated': True}}",published,Java
21423822190,CreateEvent,microsoftgraph/msgraph-sdk-java-core,0.0,2022-04-22T18:52:24Z,"{'ref': 'v2.0.12', 'ref_type': 'tag', 'master_branch': 'dev', 'description': 'Microsoft Graph SDK for Java - Core Library', 'pusher_type': 'user'}",,Java
21423822106,ReleaseEvent,microsoftgraph/msgraph-sdk-java-core,0.0,2022-04-22T18:52:24Z,"{'action': 'published', 'release': {'url': 'https://api.github.com/repos/microsoftgraph/msgraph-sdk-java-core/releases/65108232', 'assets_url': 'https://api.github.com/repos/microsoftgraph/msgraph-sdk-java-core/releases/65108232/assets', 'upload_url': 'https://uploads.github.com/repos/microsoftgraph/msgraph-sdk-java-core/releases/65108232/assets{?name,label}', 'html_url': 'https://github.com/microsoftgraph/msgraph-sdk-java-core/releases/tag/v2.0.12', 'id': 65108232, 'author': {'login': 'ramsessanchez', 'id': 63934382, 'node_id': 'MDQ6VXNlcjYzOTM0Mzgy', 'avatar_url': 'https://avatars.githubusercontent.com/u/63934382?v=4', 'gravatar_id': '', 'url': 'https://api.github.com/users/ramsessanchez', 'html_url': 'https://github.com/ramsessanchez', 'followers_url': 'https://api.github.com/users/ramsessanchez/followers', 'following_url': 'https://api.github.com/users/ramsessanchez/following{/other_user}', 'gists_url': 'https://api.github.com/users/ramsessanchez/gists{/gist_id}', 'starred_url': 'https://api.github.com/users/ramsessanchez/starred{/owner}{/repo}', 'subscriptions_url': 'https://api.github.com/users/ramsessanchez/subscriptions', 'organizations_url': 'https://api.github.com/users/ramsessanchez/orgs', 'repos_url': 'https://api.github.com/users/ramsessanchez/repos', 'events_url': 'https://api.github.com/users/ramsessanchez/events{/privacy}', 'received_events_url': 'https://api.github.com/users/ramsessanchez/received_events', 'type': 'User', 'site_admin': False}, 'node_id': 'RE_kwDOCTce4M4D4XkI', 'tag_name': 'v2.0.12', 'target_commitish': 'master', 'name': 'v2.0.12', 'draft': False, 'prerelease': True, 'created_at': '2022-04-22T18:11:58Z', 'published_at': '2022-04-22T18:52:23Z', 'assets': [], 'tarball_url': 'https://api.github.com/repos/microsoftgraph/msgraph-sdk-java-core/tarball/v2.0.12', 'zipball_url': 'https://api.github.com/repos/microsoftgraph/msgraph-sdk-java-core/zipball/v2.0.12', 'body': '', 'short_description_html': '', 'is_short_description_html_truncated': False}}",published,Java
21423767423,PushEvent,microsoftgraph/msgraph-sdk-java,0.0,2022-04-22T18:48:18Z,"{'push_id': 9695945610, 'size': 6, 'distinct_size': 6, 'ref': 'refs/heads/dev', 'head': '398595d743b27e7a5c62d10bd34edf9c97b24a83', 'before': '7e1ab03f9699ae0e0043e02e673d050fdc637019', 'commits': [{'sha': '2ffa6361406c3313c5b1eb2bfe15846bbcc5e4ca', 'author': {'email': 'ramses.sanchez99@gmail.com', 'name': 'ramsessanchez'}, 'message': 'Take dependency on graph-core 2.0.12', 'distinct': True, 'url': 'https://api.github.com/repos/microsoftgraph/msgraph-sdk-java/commits/2ffa6361406c3313c5b1eb2bfe15846bbcc5e4ca'}, {'sha': '98cded4afd185a0e571373a3ad6a82061e2d3443', 'author': {'email': '63934382+ramsessanchez@users.noreply.github.com', 'name': 'ramsessanchez'}, 'message': 'Update CHANGELOG.md', 'distinct': True, 'url': 'https://api.github.com/repos/microsoftgraph/msgraph-sdk-java/commits/98cded4afd185a0e571373a3ad6a82061e2d3443'}, {'sha': 'fe5a6e0e6bdd9ea63ffbb10417ba28030e314f55', 'author': {'email': '63934382+ramsessanchez@users.noreply.github.com', 'name': 'ramsessanchez'}, 'message': 'Update Constants.java', 'distinct': True, 'url': 'https://api.github.com/repos/microsoftgraph/msgraph-sdk-java/commits/fe5a6e0e6bdd9ea63ffbb10417ba28030e314f55'}, {'sha': '5e755fbc4f484b954e68de26c257bd9bec363d02', 'author': {'email': '63934382+ramsessanchez@users.noreply.github.com', 'name': 'ramsessanchez'}, 'message': 'Update gradle.properties', 'distinct': True, 'url': 'https://api.github.com/repos/microsoftgraph/msgraph-sdk-java/commits/5e755fbc4f484b954e68de26c257bd9bec363d02'}, {'sha': '3bce56b1b1ff96ed53183fc79916a39d8d38ac37', 'author': {'email': '63934382+ramsessanchez@users.noreply.github.com', 'name': 'ramsessanchez'}, 'message': 'Update README.md', 'distinct': True, 'url': 'https://api.github.com/repos/microsoftgraph/msgraph-sdk-java/commits/3bce56b1b1ff96ed53183fc79916a39d8d38ac37'}, {'sha': '398595d743b27e7a5c62d10bd34edf9c97b24a83', 'author': {'email': '63934382+ramsessanchez@users.noreply.github.com', 'name': 'ramsessanchez'}, 'message': 'Merge pull request #1058 from microsoftgraph/core2.0.12Dependency\n\nTake dependency on graph-core 2.0.12', 'distinct': True, 'url': 'https://api.github.com/repos/microsoftgraph/msgraph-sdk-java/commits/398595d743b27e7a5c62d10bd34edf9c97b24a83'}]}",,Java
21423767309,DeleteEvent,microsoftgraph/msgraph-sdk-java,0.0,2022-04-22T18:48:17Z,"{'ref': 'core2.0.12Dependency', 'ref_type': 'branch', 'pusher_type': 'user'}",,Java
21423767216,PullRequestEvent,microsoftgraph/msgraph-sdk-java,0.0,2022-04-22T18:48:17Z,"{'action': 'closed', 'number': 1058, 'pull_request': {'url': 'https://api.github.com/repos/microsoftgraph/msgraph-sdk-java/pulls/1058', 'id': 916699535, 'node_id': 'PR_kwDOBig9Oc42o7mP', 'html_url': 'https://github.com/microsoftgraph/msgraph-sdk-java/pull/1058', 'diff_url': 'https://github.com/microsoftgraph/msgraph-sdk-java/pull/1058.diff', 'patch_url': 'https://github.com/microsoftgraph/msgraph-sdk-java/pull/1058.patch', 'issue_url': 'https://api.github.com/repos/microsoftgraph/msgraph-sdk-java/issues/1058', 'number': 1058, 'state': 'closed', 'locked': False, 'title': 'Take dependency on graph-core 2.0.12', 'user': {'login': 'ramsessanchez', 'id': 63934382, 'node_id': 'MDQ6VXNlcjYzOTM0Mzgy', 'avatar_url': 'https://avatars.githubusercontent.com/u/63934382?v=4', 'gravatar_id': '', 'url': 'https://api.github.com/users/ramsessanchez', 'html_url': 'https://github.com/ramsessanchez', 'followers_url': 'https://api.github.com/users/ramsessanchez/followers', 'following_url': 'https://api.github.com/users/ramsessanchez/following{/other_user}', 'gists_url': 'https://api.github.com/users/ramsessanchez/gists{/gist_id}', 'starred_url': 'https://api.github.com/users/ramsessanchez/starred{/owner}{/repo}', 'subscriptions_url': 'https://api.github.com/users/ramsessanchez/subscriptions', 'organizations_url': 'https://api.github.com/users/ramsessanchez/orgs', 'repos_url': 'https://api.github.com/users/ramsessanchez/repos', 'events_url': 'https://api.github.com/users/ramsessanchez/events{/privacy}', 'received_events_url': 'https://api.github.com/users/ramsessanchez/received_events', 'type': 'User', 'site_admin': False}, 'body': 'https://github.com/microsoftgraph/msgraph-sdk-java-core/issues/483', 'created_at': '2022-04-22T18:17:58Z', 'updated_at': '2022-04-22T18:48:16Z', 'closed_at': '2022-04-22T18:48:16Z', 'merged_at': '2022-04-22T18:48:16Z', 'merge_commit_sha': '398595d743b27e7a5c62d10bd34edf9c97b24a83', 'assignee': None, 'assignees': [], 'requested_reviewers': [{'login': 'baywet', 'id': 7905502, 'node_id': 'MDQ6VXNlcjc5MDU1MDI=', 'avatar_url': 'https://avatars.githubusercontent.com/u/7905502?v=4', 'gravatar_id': '', 'url': 'https://api.github.com/users/baywet', 'html_url': 'https://github.com/baywet', 'followers_url': 'https://api.github.com/users/baywet/followers', 'following_url': 'https://api.github.com/users/baywet/following{/other_user}', 'gists_url': 'https://api.github.com/users/baywet/gists{/gist_id}', 'starred_url': 'https://api.github.com/users/baywet/starred{/owner}{/repo}', 'subscriptions_url': 'https://api.github.com/users/baywet/subscriptions', 'organizations_url': 'https://api.github.com/users/baywet/orgs', 'repos_url': 'https://api.github.com/users/baywet/repos', 'events_url': 'https://api.github.com/users/baywet/events{/privacy}', 'received_events_url': 'https://api.github.com/users/baywet/received_events', 'type': 'User', 'site_admin': False}, {'login': 'MIchaelMainer', 'id': 8527305, 'node_id': 'MDQ6VXNlcjg1MjczMDU=', 'avatar_url': 'https://avatars.githubusercontent.com/u/8527305?v=4', 'gravatar_id': '', 'url': 'https://api.github.com/users/MIchaelMainer', 'html_url': 'https://github.com/MIchaelMainer', 'followers_url': 'https://api.github.com/users/MIchaelMainer/followers', 'following_url': 'https://api.github.com/users/MIchaelMainer/following{/other_user}', 'gists_url': 'https://api.github.com/users/MIchaelMainer/gists{/gist_id}', 'starred_url': 'https://api.github.com/users/MIchaelMainer/starred{/owner}{/repo}', 'subscriptions_url': 'https://api.github.com/users/MIchaelMainer/subscriptions', 'organizations_url': 'https://api.github.com/users/MIchaelMainer/orgs', 'repos_url': 'https://api.github.com/users/MIchaelMainer/repos', 'events_url': 'https://api.github.com/users/MIchaelMainer/events{/privacy}', 'received_events_url': 'https://api.github.com/users/MIchaelMainer/received_events', 'type': 'User', 'site_admin': False}, {'login': 'ddyett', 'id': 20829981, 'node_id': 'MDQ6VXNlcjIwODI5OTgx', 'avatar_url': 'https://avatars.githubusercontent.com/u/20829981?v=4', 'gravatar_id': '', 'url': 'https://api.github.com/users/ddyett', 'html_url': 'https://github.com/ddyett', 'followers_url': 'https://api.github.com/users/ddyett/followers', 'following_url': 'https://api.github.com/users/ddyett/following{/other_user}', 'gists_url': 'https://api.github.com/users/ddyett/gists{/gist_id}', 'starred_url': 'https://api.github.com/users/ddyett/starred{/owner}{/repo}', 'subscriptions_url': 'https://api.github.com/users/ddyett/subscriptions', 'organizations_url': 'https://api.github.com/users/ddyett/orgs', 'repos_url': 'https://api.github.com/users/ddyett/repos', 'events_url': 'https://api.github.com/users/ddyett/events{/privacy}', 'received_events_url': 'https://api.github.com/users/ddyett/received_events', 'type': 'User', 'site_admin': False}, {'login': 'nikithauc', 'id': 23219007, 'node_id': 'MDQ6VXNlcjIzMjE5MDA3', 'avatar_url': 'https://avatars.githubusercontent.com/u/23219007?v=4', 'gravatar_id': '', 'url': 'https://api.github.com/users/nikithauc', 'html_url': 'https://github.com/nikithauc', 'followers_url': 'https://api.github.com/users/nikithauc/followers', 'following_url': 'https://api.github.com/users/nikithauc/following{/other_user}', 'gists_url': 'https://api.github.com/users/nikithauc/gists{/gist_id}', 'starred_url': 'https://api.github.com/users/nikithauc/starred{/owner}{/repo}', 'subscriptions_url': 'https://api.github.com/users/nikithauc/subscriptions', 'organizations_url': 'https://api.github.com/users/nikithauc/orgs', 'repos_url': 'https://api.github.com/users/nikithauc/repos', 'events_url': 'https://api.github.com/users/nikithauc/events{/privacy}', 'received_events_url': 'https://api.github.com/users/nikithauc/received_events', 'type': 'User', 'site_admin': False}], 'requested_teams': [], 'labels': [], 'milestone': None, 'draft': False, 'commits_url': 'https://api.github.com/repos/microsoftgraph/msgraph-sdk-java/pulls/1058/commits', 'review_comments_url': 'https://api.github.com/repos/microsoftgraph/msgraph-sdk-java/pulls/1058/comments', 'review_comment_url': 'https://api.github.com/repos/microsoftgraph/msgraph-sdk-java/pulls/comments{/number}', 'comments_url': 'https://api.github.com/repos/microsoftgraph/msgraph-sdk-java/issues/1058/comments', 'statuses_url': 'https://api.github.com/repos/microsoftgraph/msgraph-sdk-java/statuses/3bce56b1b1ff96ed53183fc79916a39d8d38ac37', 'head': {'label': 'microsoftgraph:core2.0.12Dependency', 'ref': 'core2.0.12Dependency', 'sha': '3bce56b1b1ff96ed53183fc79916a39d8d38ac37', 'user': {'login': 'microsoftgraph', 'id': 17304259, 'node_id': 'MDEyOk9yZ2FuaXphdGlvbjE3MzA0MjU5', 'avatar_url': 'https://avatars.githubusercontent.com/u/17304259?v=4', 'gravatar_id': '', 'url': 'https://api.github.com/users/microsoftgraph', 'html_url': 'https://github.com/microsoftgraph', 'followers_url': 'https://api.github.com/users/microsoftgraph/followers', 'following_url': 'https://api.github.com/users/microsoftgraph/following{/other_user}', 'gists_url': 'https://api.github.com/users/microsoftgraph/gists{/gist_id}', 'starred_url': 'https://api.github.com/users/microsoftgraph/starred{/owner}{/repo}', 'subscriptions_url': 'https://api.github.com/users/microsoftgraph/subscriptions', 'organizations_url': 'https://api.github.com/users/microsoftgraph/orgs', 'repos_url': 'https://api.github.com/users/microsoftgraph/repos', 'events_url': 'https://api.github.com/users/microsoftgraph/events{/privacy}', 'received_events_url': 'https://api.github.com/users/microsoftgraph/received_events', 'type': 'Organization', 'site_admin': False}, 'repo': {'id': 103300409, 'node_id': 'MDEwOlJlcG9zaXRvcnkxMDMzMDA0MDk=', 'name': 'msgraph-sdk-java', 'full_name': 'microsoftgraph/msgraph-sdk-java', 'private': False, 'owner': {'login': 'microsoftgraph', 'id': 17304259, 'node_id': 'MDEyOk9yZ2FuaXphdGlvbjE3MzA0MjU5', 'avatar_url': 'https://avatars.githubusercontent.com/u/17304259?v=4', 'gravatar_id': '', 'url': 'https://api.github.com/users/microsoftgraph', 'html_url': 'https://github.com/microsoftgraph', 'followers_url': 'https://api.github.com/users/microsoftgraph/followers', 'following_url': 'https://api.github.com/users/microsoftgraph/following{/other_user}', 'gists_url': 'https://api.github.com/users/microsoftgraph/gists{/gist_id}', 'starred_url': 'https://api.github.com/users/microsoftgraph/starred{/owner}{/repo}', 'subscriptions_url': 'https://api.github.com/users/microsoftgraph/subscriptions', 'organizations_url': 'https://api.github.com/users/microsoftgraph/orgs', 'repos_url': 'https://api.github.com/users/microsoftgraph/repos', 'events_url': 'https://api.github.com/users/microsoftgraph/events{/privacy}', 'received_events_url': 'https://api.github.com/users/microsoftgraph/received_events', 'type': 'Organization', 'site_admin': False}, 'html_url': 'https://github.com/microsoftgraph/msgraph-sdk-java', 'description': 'Microsoft Graph SDK for Java', 'fork': False, 'url': 'https://api.github.com/repos/microsoftgraph/msgraph-sdk-java', 'forks_url': 'https://api.github.com/repos/microsoftgraph/msgraph-sdk-java/forks', 'keys_url': 'https://api.github.com/repos/microsoftgraph/msgraph-sdk-java/keys{/key_id}', 'collaborators_url': 'https://api.github.com/repos/microsoftgraph/msgraph-sdk-java/collaborators{/collaborator}', 'teams_url': 'https://api.github.com/repos/microsoftgraph/msgraph-sdk-java/teams', 'hooks_url': 'https://api.github.com/repos/microsoftgraph/msgraph-sdk-java/hooks', 'issue_events_url': 'https://api.github.com/repos/microsoftgraph/msgraph-sdk-java/issues/events{/number}', 'events_url': 'https://api.github.com/repos/microsoftgraph/msgraph-sdk-java/events', 'assignees_url': 'https://api.github.com/repos/microsoftgraph/msgraph-sdk-java/assignees{/user}', 'branches_url': 'https://api.github.com/repos/microsoftgraph/msgraph-sdk-java/branches{/branch}', 'tags_url': 'https://api.github.com/repos/microsoftgraph/msgraph-sdk-java/tags', 'blobs_url': 'https://api.github.com/repos/microsoftgraph/msgraph-sdk-java/git/blobs{/sha}', 'git_tags_url': 'https://api.github.com/repos/microsoftgraph/msgraph-sdk-java/git/tags{/sha}', 'git_refs_url': 'https://api.github.com/repos/microsoftgraph/msgraph-sdk-java/git/refs{/sha}', 'trees_url': 'https://api.github.com/repos/microsoftgraph/msgraph-sdk-java/git/trees{/sha}', 'statuses_url': 'https://api.github.com/repos/microsoftgraph/msgraph-sdk-java/statuses/{sha}', 'languages_url': 'https://api.github.com/repos/microsoftgraph/msgraph-sdk-java/languages', 'stargazers_url': 'https://api.github.com/repos/microsoftgraph/msgraph-sdk-java/stargazers', 'contributors_url': 'https://api.github.com/repos/microsoftgraph/msgraph-sdk-java/contributors', 'subscribers_url': 'https://api.github.com/repos/microsoftgraph/msgraph-sdk-java/subscribers', 'subscription_url': 'https://api.github.com/repos/microsoftgraph/msgraph-sdk-java/subscription', 'commits_url': 'https://api.github.com/repos/microsoftgraph/msgraph-sdk-java/commits{/sha}', 'git_commits_url': 'https://api.github.com/repos/microsoftgraph/msgraph-sdk-java/git/commits{/sha}', 'comments_url': 'https://api.github.com/repos/microsoftgraph/msgraph-sdk-java/comments{/number}', 'issue_comment_url': 'https://api.github.com/repos/microsoftgraph/msgraph-sdk-java/issues/comments{/number}', 'contents_url': 'https://api.github.com/repos/microsoftgraph/msgraph-sdk-java/contents/{+path}', 'compare_url': 'https://api.github.com/repos/microsoftgraph/msgraph-sdk-java/compare/{base}...{head}', 'merges_url': 'https://api.github.com/repos/microsoftgraph/msgraph-sdk-java/merges', 'archive_url': 'https://api.github.com/repos/microsoftgraph/msgraph-sdk-java/{archive_format}{/ref}', 'downloads_url': 'https://api.github.com/repos/microsoftgraph/msgraph-sdk-java/downloads', 'issues_url': 'https://api.github.com/repos/microsoftgraph/msgraph-sdk-java/issues{/number}', 'pulls_url': 'https://api.github.com/repos/microsoftgraph/msgraph-sdk-java/pulls{/number}', 'milestones_url': 'https://api.github.com/repos/microsoftgraph/msgraph-sdk-java/milestones{/number}', 'notifications_url': 'https://api.github.com/repos/microsoftgraph/msgraph-sdk-java/notifications{?since,all,participating}', 'labels_url': 'https://api.github.com/repos/microsoftgraph/msgraph-sdk-java/labels{/name}', 'releases_url': 'https://api.github.com/repos/microsoftgraph/msgraph-sdk-java/releases{/id}', 'deployments_url': 'https://api.github.com/repos/microsoftgraph/msgraph-sdk-java/deployments', 'created_at': '2017-09-12T17:20:15Z', 'updated_at': '2022-04-10T14:24:06Z', 'pushed_at': '2022-04-22T18:48:16Z', 'git_url': 'git://github.com/microsoftgraph/msgraph-sdk-java.git', 'ssh_url': 'git@github.com:microsoftgraph/msgraph-sdk-java.git', 'clone_url': 'https://github.com/microsoftgraph/msgraph-sdk-java.git', 'svn_url': 'https://github.com/microsoftgraph/msgraph-sdk-java', 'homepage': 'https://docs.microsoft.com/en-us/graph/sdks/sdks-overview', 'size': 58757, 'stargazers_count': 245, 'watchers_count': 245, 'language': 'Java', 'has_issues': True, 'has_projects': True, 'has_downloads': True, 'has_wiki': False, 'has_pages': False, 'forks_count': 102, 'mirror_url': None, 'archived': False, 'disabled': False, 'open_issues_count': 4, 'license': {'key': 'mit', 'name': 'MIT License', 'spdx_id': 'MIT', 'url': 'https://api.github.com/licenses/mit', 'node_id': 'MDc6TGljZW5zZTEz'}, 'allow_forking': True, 'is_template': False, 'topics': ['java', 'microsoft-graph', 'microsoft-graph-sdk', 'sdk'], 'visibility': 'public', 'forks': 102, 'open_issues': 4, 'watchers': 245, 'default_branch': 'dev'}}, 'base': {'label': 'microsoftgraph:dev', 'ref': 'dev', 'sha': '7e1ab03f9699ae0e0043e02e673d050fdc637019', 'user': {'login': 'microsoftgraph', 'id': 17304259, 'node_id': 'MDEyOk9yZ2FuaXphdGlvbjE3MzA0MjU5', 'avatar_url': 'https://avatars.githubusercontent.com/u/17304259?v=4', 'gravatar_id': '', 'url': 'https://api.github.com/users/microsoftgraph', 'html_url': 'https://github.com/microsoftgraph', 'followers_url': 'https://api.github.com/users/microsoftgraph/followers', 'following_url': 'https://api.github.com/users/microsoftgraph/following{/other_user}', 'gists_url': 'https://api.github.com/users/microsoftgraph/gists{/gist_id}', 'starred_url': 'https://api.github.com/users/microsoftgraph/starred{/owner}{/repo}', 'subscriptions_url': 'https://api.github.com/users/microsoftgraph/subscriptions', 'organizations_url': 'https://api.github.com/users/microsoftgraph/orgs', 'repos_url': 'https://api.github.com/users/microsoftgraph/repos', 'events_url': 'https://api.github.com/users/microsoftgraph/events{/privacy}', 'received_events_url': 'https://api.github.com/users/microsoftgraph/received_events', 'type': 'Organization', 'site_admin': False}, 'repo': {'id': 103300409, 'node_id': 'MDEwOlJlcG9zaXRvcnkxMDMzMDA0MDk=', 'name': 'msgraph-sdk-java', 'full_name': 'microsoftgraph/msgraph-sdk-java', 'private': False, 'owner': {'login': 'microsoftgraph', 'id': 17304259, 'node_id': 'MDEyOk9yZ2FuaXphdGlvbjE3MzA0MjU5', 'avatar_url': 'https://avatars.githubusercontent.com/u/17304259?v=4', 'gravatar_id': '', 'url': 'https://api.github.com/users/microsoftgraph', 'html_url': 'https://github.com/microsoftgraph', 'followers_url': 'https://api.github.com/users/microsoftgraph/followers', 'following_url': 'https://api.github.com/users/microsoftgraph/following{/other_user}', 'gists_url': 'https://api.github.com/users/microsoftgraph/gists{/gist_id}', 'starred_url': 'https://api.github.com/users/microsoftgraph/starred{/owner}{/repo}', 'subscriptions_url': 'https://api.github.com/users/microsoftgraph/subscriptions', 'organizations_url': 'https://api.github.com/users/microsoftgraph/orgs', 'repos_url': 'https://api.github.com/users/microsoftgraph/repos', 'events_url': 'https://api.github.com/users/microsoftgraph/events{/privacy}', 'received_events_url': 'https://api.github.com/users/microsoftgraph/received_events', 'type': 'Organization', 'site_admin': False}, 'html_url': 'https://github.com/microsoftgraph/msgraph-sdk-java', 'description': 'Microsoft Graph SDK for Java', 'fork': False, 'url': 'https://api.github.com/repos/microsoftgraph/msgraph-sdk-java', 'forks_url': 'https://api.github.com/repos/microsoftgraph/msgraph-sdk-java/forks', 'keys_url': 'https://api.github.com/repos/microsoftgraph/msgraph-sdk-java/keys{/key_id}', 'collaborators_url': 'https://api.github.com/repos/microsoftgraph/msgraph-sdk-java/collaborators{/collaborator}', 'teams_url': 'https://api.github.com/repos/microsoftgraph/msgraph-sdk-java/teams', 'hooks_url': 'https://api.github.com/repos/microsoftgraph/msgraph-sdk-java/hooks', 'issue_events_url': 'https://api.github.com/repos/microsoftgraph/msgraph-sdk-java/issues/events{/number}', 'events_url': 'https://api.github.com/repos/microsoftgraph/msgraph-sdk-java/events', 'assignees_url': 'https://api.github.com/repos/microsoftgraph/msgraph-sdk-java/assignees{/user}', 'branches_url': 'https://api.github.com/repos/microsoftgraph/msgraph-sdk-java/branches{/branch}', 'tags_url': 'https://api.github.com/repos/microsoftgraph/msgraph-sdk-java/tags', 'blobs_url': 'https://api.github.com/repos/microsoftgraph/msgraph-sdk-java/git/blobs{/sha}', 'git_tags_url': 'https://api.github.com/repos/microsoftgraph/msgraph-sdk-java/git/tags{/sha}', 'git_refs_url': 'https://api.github.com/repos/microsoftgraph/msgraph-sdk-java/git/refs{/sha}', 'trees_url': 'https://api.github.com/repos/microsoftgraph/msgraph-sdk-java/git/trees{/sha}', 'statuses_url': 'https://api.github.com/repos/microsoftgraph/msgraph-sdk-java/statuses/{sha}', 'languages_url': 'https://api.github.com/repos/microsoftgraph/msgraph-sdk-java/languages', 'stargazers_url': 'https://api.github.com/repos/microsoftgraph/msgraph-sdk-java/stargazers', 'contributors_url': 'https://api.github.com/repos/microsoftgraph/msgraph-sdk-java/contributors', 'subscribers_url': 'https://api.github.com/repos/microsoftgraph/msgraph-sdk-java/subscribers', 'subscription_url': 'https://api.github.com/repos/microsoftgraph/msgraph-sdk-java/subscription', 'commits_url': 'https://api.github.com/repos/microsoftgraph/msgraph-sdk-java/commits{/sha}', 'git_commits_url': 'https://api.github.com/repos/microsoftgraph/msgraph-sdk-java/git/commits{/sha}', 'comments_url': 'https://api.github.com/repos/microsoftgraph/msgraph-sdk-java/comments{/number}', 'issue_comment_url': 'https://api.github.com/repos/microsoftgraph/msgraph-sdk-java/issues/comments{/number}', 'contents_url': 'https://api.github.com/repos/microsoftgraph/msgraph-sdk-java/contents/{+path}', 'compare_url': 'https://api.github.com/repos/microsoftgraph/msgraph-sdk-java/compare/{base}...{head}', 'merges_url': 'https://api.github.com/repos/microsoftgraph/msgraph-sdk-java/merges', 'archive_url': 'https://api.github.com/repos/microsoftgraph/msgraph-sdk-java/{archive_format}{/ref}', 'downloads_url': 'https://api.github.com/repos/microsoftgraph/msgraph-sdk-java/downloads', 'issues_url': 'https://api.github.com/repos/microsoftgraph/msgraph-sdk-java/issues{/number}', 'pulls_url': 'https://api.github.com/repos/microsoftgraph/msgraph-sdk-java/pulls{/number}', 'milestones_url': 'https://api.github.com/repos/microsoftgraph/msgraph-sdk-java/milestones{/number}', 'notifications_url': 'https://api.github.com/repos/microsoftgraph/msgraph-sdk-java/notifications{?since,all,participating}', 'labels_url': 'https://api.github.com/repos/microsoftgraph/msgraph-sdk-java/labels{/name}', 'releases_url': 'https://api.github.com/repos/microsoftgraph/msgraph-sdk-java/releases{/id}', 'deployments_url': 'https://api.github.com/repos/microsoftgraph/msgraph-sdk-java/deployments', 'created_at': '2017-09-12T17:20:15Z', 'updated_at': '2022-04-10T14:24:06Z', 'pushed_at': '2022-04-22T18:48:16Z', 'git_url': 'git://github.com/microsoftgraph/msgraph-sdk-java.git', 'ssh_url': 'git@github.com:microsoftgraph/msgraph-sdk-java.git', 'clone_url': 'https://github.com/microsoftgraph/msgraph-sdk-java.git', 'svn_url': 'https://github.com/microsoftgraph/msgraph-sdk-java', 'homepage': 'https://docs.microsoft.com/en-us/graph/sdks/sdks-overview', 'size': 58757, 'stargazers_count': 245, 'watchers_count': 245, 'language': 'Java', 'has_issues': True, 'has_projects': True, 'has_downloads': True, 'has_wiki': False, 'has_pages': False, 'forks_count': 102, 'mirror_url': None, 'archived': False, 'disabled': False, 'open_issues_count': 4, 'license': {'key': 'mit', 'name': 'MIT License', 'spdx_id': 'MIT', 'url': 'https://api.github.com/licenses/mit', 'node_id': 'MDc6TGljZW5zZTEz'}, 'allow_forking': True, 'is_template': False, 'topics': ['java', 'microsoft-graph', 'microsoft-graph-sdk', 'sdk'], 'visibility': 'public', 'forks': 102, 'open_issues': 4, 'watchers': 245, 'default_branch': 'dev'}}, '_links': {'self': {'href': 'https://api.github.com/repos/microsoftgraph/msgraph-sdk-java/pulls/1058'}, 'html': {'href': 'https://github.com/microsoftgraph/msgraph-sdk-java/pull/1058'}, 'issue': {'href': 'https://api.github.com/repos/microsoftgraph/msgraph-sdk-java/issues/1058'}, 'comments': {'href': 'https://api.github.com/repos/microsoftgraph/msgraph-sdk-java/issues/1058/comments'}, 'review_comments': {'href': 'https://api.github.com/repos/microsoftgraph/msgraph-sdk-java/pulls/1058/comments'}, 'review_comment': {'href': 'https://api.github.com/repos/microsoftgraph/msgraph-sdk-java/pulls/comments{/number}'}, 'commits': {'href': 'https://api.github.com/repos/microsoftgraph/msgraph-sdk-java/pulls/1058/commits'}, 'statuses': {'href': 'https://api.github.com/repos/microsoftgraph/msgraph-sdk-java/statuses/3bce56b1b1ff96ed53183fc79916a39d8d38ac37'}}, 'author_association': 'CONTRIBUTOR', 'auto_merge': {'enabled_by': {'login': 'ramsessanchez', 'id': 63934382, 'node_id': 'MDQ6VXNlcjYzOTM0Mzgy', 'avatar_url': 'https://avatars.githubusercontent.com/u/63934382?v=4', 'gravatar_id': '', 'url': 'https://api.github.com/users/ramsessanchez', 'html_url': 'https://github.com/ramsessanchez', 'followers_url': 'https://api.github.com/users/ramsessanchez/followers', 'following_url': 'https://api.github.com/users/ramsessanchez/following{/other_user}', 'gists_url': 'https://api.github.com/users/ramsessanchez/gists{/gist_id}', 'starred_url': 'https://api.github.com/users/ramsessanchez/starred{/owner}{/repo}', 'subscriptions_url': 'https://api.github.com/users/ramsessanchez/subscriptions', 'organizations_url': 'https://api.github.com/users/ramsessanchez/orgs', 'repos_url': 'https://api.github.com/users/ramsessanchez/repos', 'events_url': 'https://api.github.com/users/ramsessanchez/events{/privacy}', 'received_events_url': 'https://api.github.com/users/ramsessanchez/received_events', 'type': 'User', 'site_admin': False}, 'merge_method': 'merge', 'commit_title': 'Merge pull request #1058 from microsoftgraph/core2.0.12Dependency', 'commit_message': 'Take dependency on graph-core 2.0.12'}, 'active_lock_reason': None, 'merged': True, 'mergeable': None, 'rebaseable': None, 'mergeable_state': 'unknown', 'merged_by': {'login': 'ramsessanchez', 'id': 63934382, 'node_id': 'MDQ6VXNlcjYzOTM0Mzgy', 'avatar_url': 'https://avatars.githubusercontent.com/u/63934382?v=4', 'gravatar_id': '', 'url': 'https://api.github.com/users/ramsessanchez', 'html_url': 'https://github.com/ramsessanchez', 'followers_url': 'https://api.github.com/users/ramsessanchez/followers', 'following_url': 'https://api.github.com/users/ramsessanchez/following{/other_user}', 'gists_url': 'https://api.github.com/users/ramsessanchez/gists{/gist_id}', 'starred_url': 'https://api.github.com/users/ramsessanchez/starred{/owner}{/repo}', 'subscriptions_url': 'https://api.github.com/users/ramsessanchez/subscriptions', 'organizations_url': 'https://api.github.com/users/ramsessanchez/orgs', 'repos_url': 'https://api.github.com/users/ramsessanchez/repos', 'events_url': 'https://api.github.com/users/ramsessanchez/events{/privacy}', 'received_events_url': 'https://api.github.com/users/ramsessanchez/received_events', 'type': 'User', 'site_admin': False}, 'comments': 0, 'review_comments': 0, 'maintainer_can_modify': False, 'commits': 5, 'additions': 13, 'deletions': 5, 'changed_files': 6}}",closed,Java
21423624371,PullRequestEvent,microsoftgraph/msgraph-beta-sdk-java,0.0,2022-04-22T18:37:20Z,"{'action': 'opened', 'number': 288, 'pull_request': {'url': 'https://api.github.com/repos/microsoftgraph/msgraph-beta-sdk-java/pulls/288', 'id': 916712160, 'node_id': 'PR_kwDODDF5Ls42o-rg', 'html_url': 'https://github.com/microsoftgraph/msgraph-beta-sdk-java/pull/288', 'diff_url': 'https://github.com/microsoftgraph/msgraph-beta-sdk-java/pull/288.diff', 'patch_url': 'https://github.com/microsoftgraph/msgraph-beta-sdk-java/pull/288.patch', 'issue_url': 'https://api.github.com/repos/microsoftgraph/msgraph-beta-sdk-java/issues/288', 'number': 288, 'state': 'open', 'locked': False, 'title': 'update core dependency to 2.0.12', 'user': {'login': 'ramsessanchez', 'id': 63934382, 'node_id': 'MDQ6VXNlcjYzOTM0Mzgy', 'avatar_url': 'https://avatars.githubusercontent.com/u/63934382?v=4', 'gravatar_id': '', 'url': 'https://api.github.com/users/ramsessanchez', 'html_url': 'https://github.com/ramsessanchez', 'followers_url': 'https://api.github.com/users/ramsessanchez/followers', 'following_url': 'https://api.github.com/users/ramsessanchez/following{/other_user}', 'gists_url': 'https://api.github.com/users/ramsessanchez/gists{/gist_id}', 'starred_url': 'https://api.github.com/users/ramsessanchez/starred{/owner}{/repo}', 'subscriptions_url': 'https://api.github.com/users/ramsessanchez/subscriptions', 'organizations_url': 'https://api.github.com/users/ramsessanchez/orgs', 'repos_url': 'https://api.github.com/users/ramsessanchez/repos', 'events_url': 'https://api.github.com/users/ramsessanchez/events{/privacy}', 'received_events_url': 'https://api.github.com/users/ramsessanchez/received_events', 'type': 'User', 'site_admin': False}, 'body': 'https://github.com/microsoftgraph/msgraph-sdk-java-core/issues/483', 'created_at': '2022-04-22T18:37:19Z', 'updated_at': '2022-04-22T18:37:19Z', 'closed_at': None, 'merged_at': None, 'merge_commit_sha': None, 'assignee': None, 'assignees': [], 'requested_reviewers': [], 'requested_teams': [], 'labels': [], 'milestone': None, 'draft': False, 'commits_url': 'https://api.github.com/repos/microsoftgraph/msgraph-beta-sdk-java/pulls/288/commits', 'review_comments_url': 'https://api.github.com/repos/microsoftgraph/msgraph-beta-sdk-java/pulls/288/comments', 'review_comment_url': 'https://api.github.com/repos/microsoftgraph/msgraph-beta-sdk-java/pulls/comments{/number}', 'comments_url': 'https://api.github.com/repos/microsoftgraph/msgraph-beta-sdk-java/issues/288/comments', 'statuses_url': 'https://api.github.com/repos/microsoftgraph/msgraph-beta-sdk-java/statuses/0b6fc9bdcc8b0d0bf877b98bb700a04994f26a5c', 'head': {'label': 'microsoftgraph:coreDependency2.0.12', 'ref': 'coreDependency2.0.12', 'sha': '0b6fc9bdcc8b0d0bf877b98bb700a04994f26a5c', 'user': {'login': 'microsoftgraph', 'id': 17304259, 'node_id': 'MDEyOk9yZ2FuaXphdGlvbjE3MzA0MjU5', 'avatar_url': 'https://avatars.githubusercontent.com/u/17304259?v=4', 'gravatar_id': '', 'url': 'https://api.github.com/users/microsoftgraph', 'html_url': 'https://github.com/microsoftgraph', 'followers_url': 'https://api.github.com/users/microsoftgraph/followers', 'following_url': 'https://api.github.com/users/microsoftgraph/following{/other_user}', 'gists_url': 'https://api.github.com/users/microsoftgraph/gists{/gist_id}', 'starred_url': 'https://api.github.com/users/microsoftgraph/starred{/owner}{/repo}', 'subscriptions_url': 'https://api.github.com/users/microsoftgraph/subscriptions', 'organizations_url': 'https://api.github.com/users/microsoftgraph/orgs', 'repos_url': 'https://api.github.com/users/microsoftgraph/repos', 'events_url': 'https://api.github.com/users/microsoftgraph/events{/privacy}', 'received_events_url': 'https://api.github.com/users/microsoftgraph/received_events', 'type': 'Organization', 'site_admin': False}, 'repo': {'id': 204568878, 'node_id': 'MDEwOlJlcG9zaXRvcnkyMDQ1Njg4Nzg=', 'name': 'msgraph-beta-sdk-java', 'full_name': 'microsoftgraph/msgraph-beta-sdk-java', 'private': False, 'owner': {'login': 'microsoftgraph', 'id': 17304259, 'node_id': 'MDEyOk9yZ2FuaXphdGlvbjE3MzA0MjU5', 'avatar_url': 'https://avatars.githubusercontent.com/u/17304259?v=4', 'gravatar_id': '', 'url': 'https://api.github.com/users/microsoftgraph', 'html_url': 'https://github.com/microsoftgraph', 'followers_url': 'https://api.github.com/users/microsoftgraph/followers', 'following_url': 'https://api.github.com/users/microsoftgraph/following{/other_user}', 'gists_url': 'https://api.github.com/users/microsoftgraph/gists{/gist_id}', 'starred_url': 'https://api.github.com/users/microsoftgraph/starred{/owner}{/repo}', 'subscriptions_url': 'https://api.github.com/users/microsoftgraph/subscriptions', 'organizations_url': 'https://api.github.com/users/microsoftgraph/orgs', 'repos_url': 'https://api.github.com/users/microsoftgraph/repos', 'events_url': 'https://api.github.com/users/microsoftgraph/events{/privacy}', 'received_events_url': 'https://api.github.com/users/microsoftgraph/received_events', 'type': 'Organization', 'site_admin': False}, 'html_url': 'https://github.com/microsoftgraph/msgraph-beta-sdk-java', 'description': 'Microsoft Graph Beta Java SDK', 'fork': False, 'url': 'https://api.github.com/repos/microsoftgraph/msgraph-beta-sdk-java', 'forks_url': 'https://api.github.com/repos/microsoftgraph/msgraph-beta-sdk-java/forks', 'keys_url': 'https://api.github.com/repos/microsoftgraph/msgraph-beta-sdk-java/keys{/key_id}', 'collaborators_url': 'https://api.github.com/repos/microsoftgraph/msgraph-beta-sdk-java/collaborators{/collaborator}', 'teams_url': 'https://api.github.com/repos/microsoftgraph/msgraph-beta-sdk-java/teams', 'hooks_url': 'https://api.github.com/repos/microsoftgraph/msgraph-beta-sdk-java/hooks', 'issue_events_url': 'https://api.github.com/repos/microsoftgraph/msgraph-beta-sdk-java/issues/events{/number}', 'events_url': 'https://api.github.com/repos/microsoftgraph/msgraph-beta-sdk-java/events', 'assignees_url': 'https://api.github.com/repos/microsoftgraph/msgraph-beta-sdk-java/assignees{/user}', 'branches_url': 'https://api.github.com/repos/microsoftgraph/msgraph-beta-sdk-java/branches{/branch}', 'tags_url': 'https://api.github.com/repos/microsoftgraph/msgraph-beta-sdk-java/tags', 'blobs_url': 'https://api.github.com/repos/microsoftgraph/msgraph-beta-sdk-java/git/blobs{/sha}', 'git_tags_url': 'https://api.github.com/repos/microsoftgraph/msgraph-beta-sdk-java/git/tags{/sha}', 'git_refs_url': 'https://api.github.com/repos/microsoftgraph/msgraph-beta-sdk-java/git/refs{/sha}', 'trees_url': 'https://api.github.com/repos/microsoftgraph/msgraph-beta-sdk-java/git/trees{/sha}', 'statuses_url': 'https://api.github.com/repos/microsoftgraph/msgraph-beta-sdk-java/statuses/{sha}', 'languages_url': 'https://api.github.com/repos/microsoftgraph/msgraph-beta-sdk-java/languages', 'stargazers_url': 'https://api.github.com/repos/microsoftgraph/msgraph-beta-sdk-java/stargazers', 'contributors_url': 'https://api.github.com/repos/microsoftgraph/msgraph-beta-sdk-java/contributors', 'subscribers_url': 'https://api.github.com/repos/microsoftgraph/msgraph-beta-sdk-java/subscribers', 'subscription_url': 'https://api.github.com/repos/microsoftgraph/msgraph-beta-sdk-java/subscription', 'commits_url': 'https://api.github.com/repos/microsoftgraph/msgraph-beta-sdk-java/commits{/sha}', 'git_commits_url': 'https://api.github.com/repos/microsoftgraph/msgraph-beta-sdk-java/git/commits{/sha}', 'comments_url': 'https://api.github.com/repos/microsoftgraph/msgraph-beta-sdk-java/comments{/number}', 'issue_comment_url': 'https://api.github.com/repos/microsoftgraph/msgraph-beta-sdk-java/issues/comments{/number}', 'contents_url': 'https://api.github.com/repos/microsoftgraph/msgraph-beta-sdk-java/contents/{+path}', 'compare_url': 'https://api.github.com/repos/microsoftgraph/msgraph-beta-sdk-java/compare/{base}...{head}', 'merges_url': 'https://api.github.com/repos/microsoftgraph/msgraph-beta-sdk-java/merges', 'archive_url': 'https://api.github.com/repos/microsoftgraph/msgraph-beta-sdk-java/{archive_format}{/ref}', 'downloads_url': 'https://api.github.com/repos/microsoftgraph/msgraph-beta-sdk-java/downloads', 'issues_url': 'https://api.github.com/repos/microsoftgraph/msgraph-beta-sdk-java/issues{/number}', 'pulls_url': 'https://api.github.com/repos/microsoftgraph/msgraph-beta-sdk-java/pulls{/number}', 'milestones_url': 'https://api.github.com/repos/microsoftgraph/msgraph-beta-sdk-java/milestones{/number}', 'notifications_url': 'https://api.github.com/repos/microsoftgraph/msgraph-beta-sdk-java/notifications{?since,all,participating}', 'labels_url': 'https://api.github.com/repos/microsoftgraph/msgraph-beta-sdk-java/labels{/name}', 'releases_url': 'https://api.github.com/repos/microsoftgraph/msgraph-beta-sdk-java/releases{/id}', 'deployments_url': 'https://api.github.com/repos/microsoftgraph/msgraph-beta-sdk-java/deployments', 'created_at': '2019-08-26T21:59:24Z', 'updated_at': '2022-04-15T21:56:29Z', 'pushed_at': '2022-04-22T18:36:50Z', 'git_url': 'git://github.com/microsoftgraph/msgraph-beta-sdk-java.git', 'ssh_url': 'git@github.com:microsoftgraph/msgraph-beta-sdk-java.git', 'clone_url': 'https://github.com/microsoftgraph/msgraph-beta-sdk-java.git', 'svn_url': 'https://github.com/microsoftgraph/msgraph-beta-sdk-java', 'homepage': 'https://docs.microsoft.com/en-us/graph/sdks/use-beta?tabs=Java', 'size': 46813, 'stargazers_count': 9, 'watchers_count': 9, 'language': 'Java', 'has_issues': True, 'has_projects': True, 'has_downloads': True, 'has_wiki': False, 'has_pages': False, 'forks_count': 5, 'mirror_url': None, 'archived': False, 'disabled': False, 'open_issues_count': 3, 'license': {'key': 'mit', 'name': 'MIT License', 'spdx_id': 'MIT', 'url': 'https://api.github.com/licenses/mit', 'node_id': 'MDc6TGljZW5zZTEz'}, 'allow_forking': True, 'is_template': False, 'topics': ['java', 'microsoft-graph', 'sdk'], 'visibility': 'public', 'forks': 5, 'open_issues': 3, 'watchers': 9, 'default_branch': 'dev'}}, 'base': {'label': 'microsoftgraph:dev', 'ref': 'dev', 'sha': '2cbf20b1890e5a86d2b056b79296d9ac1d28f31d', 'user': {'login': 'microsoftgraph', 'id': 17304259, 'node_id': 'MDEyOk9yZ2FuaXphdGlvbjE3MzA0MjU5', 'avatar_url': 'https://avatars.githubusercontent.com/u/17304259?v=4', 'gravatar_id': '', 'url': 'https://api.github.com/users/microsoftgraph', 'html_url': 'https://github.com/microsoftgraph', 'followers_url': 'https://api.github.com/users/microsoftgraph/followers', 'following_url': 'https://api.github.com/users/microsoftgraph/following{/other_user}', 'gists_url': 'https://api.github.com/users/microsoftgraph/gists{/gist_id}', 'starred_url': 'https://api.github.com/users/microsoftgraph/starred{/owner}{/repo}', 'subscriptions_url': 'https://api.github.com/users/microsoftgraph/subscriptions', 'organizations_url': 'https://api.github.com/users/microsoftgraph/orgs', 'repos_url': 'https://api.github.com/users/microsoftgraph/repos', 'events_url': 'https://api.github.com/users/microsoftgraph/events{/privacy}', 'received_events_url': 'https://api.github.com/users/microsoftgraph/received_events', 'type': 'Organization', 'site_admin': False}, 'repo': {'id': 204568878, 'node_id': 'MDEwOlJlcG9zaXRvcnkyMDQ1Njg4Nzg=', 'name': 'msgraph-beta-sdk-java', 'full_name': 'microsoftgraph/msgraph-beta-sdk-java', 'private': False, 'owner': {'login': 'microsoftgraph', 'id': 17304259, 'node_id': 'MDEyOk9yZ2FuaXphdGlvbjE3MzA0MjU5', 'avatar_url': 'https://avatars.githubusercontent.com/u/17304259?v=4', 'gravatar_id': '', 'url': 'https://api.github.com/users/microsoftgraph', 'html_url': 'https://github.com/microsoftgraph', 'followers_url': 'https://api.github.com/users/microsoftgraph/followers', 'following_url': 'https://api.github.com/users/microsoftgraph/following{/other_user}', 'gists_url': 'https://api.github.com/users/microsoftgraph/gists{/gist_id}', 'starred_url': 'https://api.github.com/users/microsoftgraph/starred{/owner}{/repo}', 'subscriptions_url': 'https://api.github.com/users/microsoftgraph/subscriptions', 'organizations_url': 'https://api.github.com/users/microsoftgraph/orgs', 'repos_url': 'https://api.github.com/users/microsoftgraph/repos', 'events_url': 'https://api.github.com/users/microsoftgraph/events{/privacy}', 'received_events_url': 'https://api.github.com/users/microsoftgraph/received_events', 'type': 'Organization', 'site_admin': False}, 'html_url': 'https://github.com/microsoftgraph/msgraph-beta-sdk-java', 'description': 'Microsoft Graph Beta Java SDK', 'fork': False, 'url': 'https://api.github.com/repos/microsoftgraph/msgraph-beta-sdk-java', 'forks_url': 'https://api.github.com/repos/microsoftgraph/msgraph-beta-sdk-java/forks', 'keys_url': 'https://api.github.com/repos/microsoftgraph/msgraph-beta-sdk-java/keys{/key_id}', 'collaborators_url': 'https://api.github.com/repos/microsoftgraph/msgraph-beta-sdk-java/collaborators{/collaborator}', 'teams_url': 'https://api.github.com/repos/microsoftgraph/msgraph-beta-sdk-java/teams', 'hooks_url': 'https://api.github.com/repos/microsoftgraph/msgraph-beta-sdk-java/hooks', 'issue_events_url': 'https://api.github.com/repos/microsoftgraph/msgraph-beta-sdk-java/issues/events{/number}', 'events_url': 'https://api.github.com/repos/microsoftgraph/msgraph-beta-sdk-java/events', 'assignees_url': 'https://api.github.com/repos/microsoftgraph/msgraph-beta-sdk-java/assignees{/user}', 'branches_url': 'https://api.github.com/repos/microsoftgraph/msgraph-beta-sdk-java/branches{/branch}', 'tags_url': 'https://api.github.com/repos/microsoftgraph/msgraph-beta-sdk-java/tags', 'blobs_url': 'https://api.github.com/repos/microsoftgraph/msgraph-beta-sdk-java/git/blobs{/sha}', 'git_tags_url': 'https://api.github.com/repos/microsoftgraph/msgraph-beta-sdk-java/git/tags{/sha}', 'git_refs_url': 'https://api.github.com/repos/microsoftgraph/msgraph-beta-sdk-java/git/refs{/sha}', 'trees_url': 'https://api.github.com/repos/microsoftgraph/msgraph-beta-sdk-java/git/trees{/sha}', 'statuses_url': 'https://api.github.com/repos/microsoftgraph/msgraph-beta-sdk-java/statuses/{sha}', 'languages_url': 'https://api.github.com/repos/microsoftgraph/msgraph-beta-sdk-java/languages', 'stargazers_url': 'https://api.github.com/repos/microsoftgraph/msgraph-beta-sdk-java/stargazers', 'contributors_url': 'https://api.github.com/repos/microsoftgraph/msgraph-beta-sdk-java/contributors', 'subscribers_url': 'https://api.github.com/repos/microsoftgraph/msgraph-beta-sdk-java/subscribers', 'subscription_url': 'https://api.github.com/repos/microsoftgraph/msgraph-beta-sdk-java/subscription', 'commits_url': 'https://api.github.com/repos/microsoftgraph/msgraph-beta-sdk-java/commits{/sha}', 'git_commits_url': 'https://api.github.com/repos/microsoftgraph/msgraph-beta-sdk-java/git/commits{/sha}', 'comments_url': 'https://api.github.com/repos/microsoftgraph/msgraph-beta-sdk-java/comments{/number}', 'issue_comment_url': 'https://api.github.com/repos/microsoftgraph/msgraph-beta-sdk-java/issues/comments{/number}', 'contents_url': 'https://api.github.com/repos/microsoftgraph/msgraph-beta-sdk-java/contents/{+path}', 'compare_url': 'https://api.github.com/repos/microsoftgraph/msgraph-beta-sdk-java/compare/{base}...{head}', 'merges_url': 'https://api.github.com/repos/microsoftgraph/msgraph-beta-sdk-java/merges', 'archive_url': 'https://api.github.com/repos/microsoftgraph/msgraph-beta-sdk-java/{archive_format}{/ref}', 'downloads_url': 'https://api.github.com/repos/microsoftgraph/msgraph-beta-sdk-java/downloads', 'issues_url': 'https://api.github.com/repos/microsoftgraph/msgraph-beta-sdk-java/issues{/number}', 'pulls_url': 'https://api.github.com/repos/microsoftgraph/msgraph-beta-sdk-java/pulls{/number}', 'milestones_url': 'https://api.github.com/repos/microsoftgraph/msgraph-beta-sdk-java/milestones{/number}', 'notifications_url': 'https://api.github.com/repos/microsoftgraph/msgraph-beta-sdk-java/notifications{?since,all,participating}', 'labels_url': 'https://api.github.com/repos/microsoftgraph/msgraph-beta-sdk-java/labels{/name}', 'releases_url': 'https://api.github.com/repos/microsoftgraph/msgraph-beta-sdk-java/releases{/id}', 'deployments_url': 'https://api.github.com/repos/microsoftgraph/msgraph-beta-sdk-java/deployments', 'created_at': '2019-08-26T21:59:24Z', 'updated_at': '2022-04-15T21:56:29Z', 'pushed_at': '2022-04-22T18:36:50Z', 'git_url': 'git://github.com/microsoftgraph/msgraph-beta-sdk-java.git', 'ssh_url': 'git@github.com:microsoftgraph/msgraph-beta-sdk-java.git', 'clone_url': 'https://github.com/microsoftgraph/msgraph-beta-sdk-java.git', 'svn_url': 'https://github.com/microsoftgraph/msgraph-beta-sdk-java', 'homepage': 'https://docs.microsoft.com/en-us/graph/sdks/use-beta?tabs=Java', 'size': 46813, 'stargazers_count': 9, 'watchers_count': 9, 'language': 'Java', 'has_issues': True, 'has_projects': True, 'has_downloads': True, 'has_wiki': False, 'has_pages': False, 'forks_count': 5, 'mirror_url': None, 'archived': False, 'disabled': False, 'open_issues_count': 3, 'license': {'key': 'mit', 'name': 'MIT License', 'spdx_id': 'MIT', 'url': 'https://api.github.com/licenses/mit', 'node_id': 'MDc6TGljZW5zZTEz'}, 'allow_forking': True, 'is_template': False, 'topics': ['java', 'microsoft-graph', 'sdk'], 'visibility': 'public', 'forks': 5, 'open_issues': 3, 'watchers': 9, 'default_branch': 'dev'}}, '_links': {'self': {'href': 'https://api.github.com/repos/microsoftgraph/msgraph-beta-sdk-java/pulls/288'}, 'html': {'href': 'https://github.com/microsoftgraph/msgraph-beta-sdk-java/pull/288'}, 'issue': {'href': 'https://api.github.com/repos/microsoftgraph/msgraph-beta-sdk-java/issues/288'}, 'comments': {'href': 'https://api.github.com/repos/microsoftgraph/msgraph-beta-sdk-java/issues/288/comments'}, 'review_comments': {'href': 'https://api.github.com/repos/microsoftgraph/msgraph-beta-sdk-java/pulls/288/comments'}, 'review_comment': {'href': 'https://api.github.com/repos/microsoftgraph/msgraph-beta-sdk-java/pulls/comments{/number}'}, 'commits': {'href': 'https://api.github.com/repos/microsoftgraph/msgraph-beta-sdk-java/pulls/288/commits'}, 'statuses': {'href': 'https://api.github.com/repos/microsoftgraph/msgraph-beta-sdk-java/statuses/0b6fc9bdcc8b0d0bf877b98bb700a04994f26a5c'}}, 'author_association': 'CONTRIBUTOR', 'auto_merge': None, 'active_lock_reason': None, 'merged': False, 'mergeable': None, 'rebaseable': None, 'mergeable_state': 'unknown', 'merged_by': None, 'comments': 0, 'review_comments': 0, 'maintainer_can_modify': False, 'commits': 1, 'additions': 9, 'deletions': 1, 'changed_files': 2}}",opened,Java
21423618236,CreateEvent,microsoftgraph/msgraph-beta-sdk-java,0.0,2022-04-22T18:36:52Z,"{'ref': 'coreDependency2.0.12', 'ref_type': 'branch', 'master_branch': 'dev', 'description': 'Microsoft Graph Beta Java SDK', 'pusher_type': 'user'}",,Java
21423420181,PushEvent,microsoftgraph/msgraph-sdk-java,0.0,2022-04-22T18:22:10Z,"{'push_id': 9695770079, 'size': 1, 'distinct_size': 1, 'ref': 'refs/heads/core2.0.12Dependency', 'head': '3bce56b1b1ff96ed53183fc79916a39d8d38ac37', 'before': '5e755fbc4f484b954e68de26c257bd9bec363d02', 'commits': [{'sha': '3bce56b1b1ff96ed53183fc79916a39d8d38ac37', 'author': {'email': '63934382+ramsessanchez@users.noreply.github.com', 'name': 'ramsessanchez'}, 'message': 'Update README.md', 'distinct': True, 'url': 'https://api.github.com/repos/microsoftgraph/msgraph-sdk-java/commits/3bce56b1b1ff96ed53183fc79916a39d8d38ac37'}]}",,Java
21423415248,PushEvent,microsoftgraph/msgraph-sdk-java,0.0,2022-04-22T18:21:49Z,"{'push_id': 9695767644, 'size': 1, 'distinct_size': 1, 'ref': 'refs/heads/core2.0.12Dependency', 'head': '5e755fbc4f484b954e68de26c257bd9bec363d02', 'before': 'fe5a6e0e6bdd9ea63ffbb10417ba28030e314f55', 'commits': [{'sha': '5e755fbc4f484b954e68de26c257bd9bec363d02', 'author': {'email': '63934382+ramsessanchez@users.noreply.github.com', 'name': 'ramsessanchez'}, 'message': 'Update gradle.properties', 'distinct': True, 'url': 'https://api.github.com/repos/microsoftgraph/msgraph-sdk-java/commits/5e755fbc4f484b954e68de26c257bd9bec363d02'}]}",,Java
21423411859,PushEvent,microsoftgraph/msgraph-sdk-java,0.0,2022-04-22T18:21:33Z,"{'push_id': 9695765936, 'size': 1, 'distinct_size': 1, 'ref': 'refs/heads/core2.0.12Dependency', 'head': 'fe5a6e0e6bdd9ea63ffbb10417ba28030e314f55', 'before': '98cded4afd185a0e571373a3ad6a82061e2d3443', 'commits': [{'sha': 'fe5a6e0e6bdd9ea63ffbb10417ba28030e314f55', 'author': {'email': '63934382+ramsessanchez@users.noreply.github.com', 'name': 'ramsessanchez'}, 'message': 'Update Constants.java', 'distinct': True, 'url': 'https://api.github.com/repos/microsoftgraph/msgraph-sdk-java/commits/fe5a6e0e6bdd9ea63ffbb10417ba28030e314f55'}]}",,Java
21423393197,PushEvent,microsoftgraph/msgraph-sdk-java,0.0,2022-04-22T18:20:12Z,"{'push_id': 9695756597, 'size': 1, 'distinct_size': 1, 'ref': 'refs/heads/core2.0.12Dependency', 'head': '98cded4afd185a0e571373a3ad6a82061e2d3443', 'before': '2ffa6361406c3313c5b1eb2bfe15846bbcc5e4ca', 'commits': [{'sha': '98cded4afd185a0e571373a3ad6a82061e2d3443', 'author': {'email': '63934382+ramsessanchez@users.noreply.github.com', 'name': 'ramsessanchez'}, 'message': 'Update CHANGELOG.md', 'distinct': True, 'url': 'https://api.github.com/repos/microsoftgraph/msgraph-sdk-java/commits/98cded4afd185a0e571373a3ad6a82061e2d3443'}]}",,Java
21423363175,PullRequestEvent,microsoftgraph/msgraph-sdk-java,0.0,2022-04-22T18:17:59Z,"{'action': 'opened', 'number': 1058, 'pull_request': {'url': 'https://api.github.com/repos/microsoftgraph/msgraph-sdk-java/pulls/1058', 'id': 916699535, 'node_id': 'PR_kwDOBig9Oc42o7mP', 'html_url': 'https://github.com/microsoftgraph/msgraph-sdk-java/pull/1058', 'diff_url': 'https://github.com/microsoftgraph/msgraph-sdk-java/pull/1058.diff', 'patch_url': 'https://github.com/microsoftgraph/msgraph-sdk-java/pull/1058.patch', 'issue_url': 'https://api.github.com/repos/microsoftgraph/msgraph-sdk-java/issues/1058', 'number': 1058, 'state': 'open', 'locked': False, 'title': 'Take dependency on graph-core 2.0.12', 'user': {'login': 'ramsessanchez', 'id': 63934382, 'node_id': 'MDQ6VXNlcjYzOTM0Mzgy', 'avatar_url': 'https://avatars.githubusercontent.com/u/63934382?v=4', 'gravatar_id': '', 'url': 'https://api.github.com/users/ramsessanchez', 'html_url': 'https://github.com/ramsessanchez', 'followers_url': 'https://api.github.com/users/ramsessanchez/followers', 'following_url': 'https://api.github.com/users/ramsessanchez/following{/other_user}', 'gists_url': 'https://api.github.com/users/ramsessanchez/gists{/gist_id}', 'starred_url': 'https://api.github.com/users/ramsessanchez/starred{/owner}{/repo}', 'subscriptions_url': 'https://api.github.com/users/ramsessanchez/subscriptions', 'organizations_url': 'https://api.github.com/users/ramsessanchez/orgs', 'repos_url': 'https://api.github.com/users/ramsessanchez/repos', 'events_url': 'https://api.github.com/users/ramsessanchez/events{/privacy}', 'received_events_url': 'https://api.github.com/users/ramsessanchez/received_events', 'type': 'User', 'site_admin': False}, 'body': None, 'created_at': '2022-04-22T18:17:58Z', 'updated_at': '2022-04-22T18:17:58Z', 'closed_at': None, 'merged_at': None, 'merge_commit_sha': None, 'assignee': None, 'assignees': [], 'requested_reviewers': [], 'requested_teams': [], 'labels': [], 'milestone': None, 'draft': False, 'commits_url': 'https://api.github.com/repos/microsoftgraph/msgraph-sdk-java/pulls/1058/commits', 'review_comments_url': 'https://api.github.com/repos/microsoftgraph/msgraph-sdk-java/pulls/1058/comments', 'review_comment_url': 'https://api.github.com/repos/microsoftgraph/msgraph-sdk-java/pulls/comments{/number}', 'comments_url': 'https://api.github.com/repos/microsoftgraph/msgraph-sdk-java/issues/1058/comments', 'statuses_url': 'https://api.github.com/repos/microsoftgraph/msgraph-sdk-java/statuses/2ffa6361406c3313c5b1eb2bfe15846bbcc5e4ca', 'head': {'label': 'microsoftgraph:core2.0.12Dependency', 'ref': 'core2.0.12Dependency', 'sha': '2ffa6361406c3313c5b1eb2bfe15846bbcc5e4ca', 'user': {'login': 'microsoftgraph', 'id': 17304259, 'node_id': 'MDEyOk9yZ2FuaXphdGlvbjE3MzA0MjU5', 'avatar_url': 'https://avatars.githubusercontent.com/u/17304259?v=4', 'gravatar_id': '', 'url': 'https://api.github.com/users/microsoftgraph', 'html_url': 'https://github.com/microsoftgraph', 'followers_url': 'https://api.github.com/users/microsoftgraph/followers', 'following_url': 'https://api.github.com/users/microsoftgraph/following{/other_user}', 'gists_url': 'https://api.github.com/users/microsoftgraph/gists{/gist_id}', 'starred_url': 'https://api.github.com/users/microsoftgraph/starred{/owner}{/repo}', 'subscriptions_url': 'https://api.github.com/users/microsoftgraph/subscriptions', 'organizations_url': 'https://api.github.com/users/microsoftgraph/orgs', 'repos_url': 'https://api.github.com/users/microsoftgraph/repos', 'events_url': 'https://api.github.com/users/microsoftgraph/events{/privacy}', 'received_events_url': 'https://api.github.com/users/microsoftgraph/received_events', 'type': 'Organization', 'site_admin': False}, 'repo': {'id': 103300409, 'node_id': 'MDEwOlJlcG9zaXRvcnkxMDMzMDA0MDk=', 'name': 'msgraph-sdk-java', 'full_name': 'microsoftgraph/msgraph-sdk-java', 'private': False, 'owner': {'login': 'microsoftgraph', 'id': 17304259, 'node_id': 'MDEyOk9yZ2FuaXphdGlvbjE3MzA0MjU5', 'avatar_url': 'https://avatars.githubusercontent.com/u/17304259?v=4', 'gravatar_id': '', 'url': 'https://api.github.com/users/microsoftgraph', 'html_url': 'https://github.com/microsoftgraph', 'followers_url': 'https://api.github.com/users/microsoftgraph/followers', 'following_url': 'https://api.github.com/users/microsoftgraph/following{/other_user}', 'gists_url': 'https://api.github.com/users/microsoftgraph/gists{/gist_id}', 'starred_url': 'https://api.github.com/users/microsoftgraph/starred{/owner}{/repo}', 'subscriptions_url': 'https://api.github.com/users/microsoftgraph/subscriptions', 'organizations_url': 'https://api.github.com/users/microsoftgraph/orgs', 'repos_url': 'https://api.github.com/users/microsoftgraph/repos', 'events_url': 'https://api.github.com/users/microsoftgraph/events{/privacy}', 'received_events_url': 'https://api.github.com/users/microsoftgraph/received_events', 'type': 'Organization', 'site_admin': False}, 'html_url': 'https://github.com/microsoftgraph/msgraph-sdk-java', 'description': 'Microsoft Graph SDK for Java', 'fork': False, 'url': 'https://api.github.com/repos/microsoftgraph/msgraph-sdk-java', 'forks_url': 'https://api.github.com/repos/microsoftgraph/msgraph-sdk-java/forks', 'keys_url': 'https://api.github.com/repos/microsoftgraph/msgraph-sdk-java/keys{/key_id}', 'collaborators_url': 'https://api.github.com/repos/microsoftgraph/msgraph-sdk-java/collaborators{/collaborator}', 'teams_url': 'https://api.github.com/repos/microsoftgraph/msgraph-sdk-java/teams', 'hooks_url': 'https://api.github.com/repos/microsoftgraph/msgraph-sdk-java/hooks', 'issue_events_url': 'https://api.github.com/repos/microsoftgraph/msgraph-sdk-java/issues/events{/number}', 'events_url': 'https://api.github.com/repos/microsoftgraph/msgraph-sdk-java/events', 'assignees_url': 'https://api.github.com/repos/microsoftgraph/msgraph-sdk-java/assignees{/user}', 'branches_url': 'https://api.github.com/repos/microsoftgraph/msgraph-sdk-java/branches{/branch}', 'tags_url': 'https://api.github.com/repos/microsoftgraph/msgraph-sdk-java/tags', 'blobs_url': 'https://api.github.com/repos/microsoftgraph/msgraph-sdk-java/git/blobs{/sha}', 'git_tags_url': 'https://api.github.com/repos/microsoftgraph/msgraph-sdk-java/git/tags{/sha}', 'git_refs_url': 'https://api.github.com/repos/microsoftgraph/msgraph-sdk-java/git/refs{/sha}', 'trees_url': 'https://api.github.com/repos/microsoftgraph/msgraph-sdk-java/git/trees{/sha}', 'statuses_url': 'https://api.github.com/repos/microsoftgraph/msgraph-sdk-java/statuses/{sha}', 'languages_url': 'https://api.github.com/repos/microsoftgraph/msgraph-sdk-java/languages', 'stargazers_url': 'https://api.github.com/repos/microsoftgraph/msgraph-sdk-java/stargazers', 'contributors_url': 'https://api.github.com/repos/microsoftgraph/msgraph-sdk-java/contributors', 'subscribers_url': 'https://api.github.com/repos/microsoftgraph/msgraph-sdk-java/subscribers', 'subscription_url': 'https://api.github.com/repos/microsoftgraph/msgraph-sdk-java/subscription', 'commits_url': 'https://api.github.com/repos/microsoftgraph/msgraph-sdk-java/commits{/sha}', 'git_commits_url': 'https://api.github.com/repos/microsoftgraph/msgraph-sdk-java/git/commits{/sha}', 'comments_url': 'https://api.github.com/repos/microsoftgraph/msgraph-sdk-java/comments{/number}', 'issue_comment_url': 'https://api.github.com/repos/microsoftgraph/msgraph-sdk-java/issues/comments{/number}', 'contents_url': 'https://api.github.com/repos/microsoftgraph/msgraph-sdk-java/contents/{+path}', 'compare_url': 'https://api.github.com/repos/microsoftgraph/msgraph-sdk-java/compare/{base}...{head}', 'merges_url': 'https://api.github.com/repos/microsoftgraph/msgraph-sdk-java/merges', 'archive_url': 'https://api.github.com/repos/microsoftgraph/msgraph-sdk-java/{archive_format}{/ref}', 'downloads_url': 'https://api.github.com/repos/microsoftgraph/msgraph-sdk-java/downloads', 'issues_url': 'https://api.github.com/repos/microsoftgraph/msgraph-sdk-java/issues{/number}', 'pulls_url': 'https://api.github.com/repos/microsoftgraph/msgraph-sdk-java/pulls{/number}', 'milestones_url': 'https://api.github.com/repos/microsoftgraph/msgraph-sdk-java/milestones{/number}', 'notifications_url': 'https://api.github.com/repos/microsoftgraph/msgraph-sdk-java/notifications{?since,all,participating}', 'labels_url': 'https://api.github.com/repos/microsoftgraph/msgraph-sdk-java/labels{/name}', 'releases_url': 'https://api.github.com/repos/microsoftgraph/msgraph-sdk-java/releases{/id}', 'deployments_url': 'https://api.github.com/repos/microsoftgraph/msgraph-sdk-java/deployments', 'created_at': '2017-09-12T17:20:15Z', 'updated_at': '2022-04-10T14:24:06Z', 'pushed_at': '2022-04-22T18:17:35Z', 'git_url': 'git://github.com/microsoftgraph/msgraph-sdk-java.git', 'ssh_url': 'git@github.com:microsoftgraph/msgraph-sdk-java.git', 'clone_url': 'https://github.com/microsoftgraph/msgraph-sdk-java.git', 'svn_url': 'https://github.com/microsoftgraph/msgraph-sdk-java', 'homepage': 'https://docs.microsoft.com/en-us/graph/sdks/sdks-overview', 'size': 58757, 'stargazers_count': 245, 'watchers_count': 245, 'language': 'Java', 'has_issues': True, 'has_projects': True, 'has_downloads': True, 'has_wiki': False, 'has_pages': False, 'forks_count': 102, 'mirror_url': None, 'archived': False, 'disabled': False, 'open_issues_count': 5, 'license': {'key': 'mit', 'name': 'MIT License', 'spdx_id': 'MIT', 'url': 'https://api.github.com/licenses/mit', 'node_id': 'MDc6TGljZW5zZTEz'}, 'allow_forking': True, 'is_template': False, 'topics': ['java', 'microsoft-graph', 'microsoft-graph-sdk', 'sdk'], 'visibility': 'public', 'forks': 102, 'open_issues': 5, 'watchers': 245, 'default_branch': 'dev'}}, 'base': {'label': 'microsoftgraph:dev', 'ref': 'dev', 'sha': '7e1ab03f9699ae0e0043e02e673d050fdc637019', 'user': {'login': 'microsoftgraph', 'id': 17304259, 'node_id': 'MDEyOk9yZ2FuaXphdGlvbjE3MzA0MjU5', 'avatar_url': 'https://avatars.githubusercontent.com/u/17304259?v=4', 'gravatar_id': '', 'url': 'https://api.github.com/users/microsoftgraph', 'html_url': 'https://github.com/microsoftgraph', 'followers_url': 'https://api.github.com/users/microsoftgraph/followers', 'following_url': 'https://api.github.com/users/microsoftgraph/following{/other_user}', 'gists_url': 'https://api.github.com/users/microsoftgraph/gists{/gist_id}', 'starred_url': 'https://api.github.com/users/microsoftgraph/starred{/owner}{/repo}', 'subscriptions_url': 'https://api.github.com/users/microsoftgraph/subscriptions', 'organizations_url': 'https://api.github.com/users/microsoftgraph/orgs', 'repos_url': 'https://api.github.com/users/microsoftgraph/repos', 'events_url': 'https://api.github.com/users/microsoftgraph/events{/privacy}', 'received_events_url': 'https://api.github.com/users/microsoftgraph/received_events', 'type': 'Organization', 'site_admin': False}, 'repo': {'id': 103300409, 'node_id': 'MDEwOlJlcG9zaXRvcnkxMDMzMDA0MDk=', 'name': 'msgraph-sdk-java', 'full_name': 'microsoftgraph/msgraph-sdk-java', 'private': False, 'owner': {'login': 'microsoftgraph', 'id': 17304259, 'node_id': 'MDEyOk9yZ2FuaXphdGlvbjE3MzA0MjU5', 'avatar_url': 'https://avatars.githubusercontent.com/u/17304259?v=4', 'gravatar_id': '', 'url': 'https://api.github.com/users/microsoftgraph', 'html_url': 'https://github.com/microsoftgraph', 'followers_url': 'https://api.github.com/users/microsoftgraph/followers', 'following_url': 'https://api.github.com/users/microsoftgraph/following{/other_user}', 'gists_url': 'https://api.github.com/users/microsoftgraph/gists{/gist_id}', 'starred_url': 'https://api.github.com/users/microsoftgraph/starred{/owner}{/repo}', 'subscriptions_url': 'https://api.github.com/users/microsoftgraph/subscriptions', 'organizations_url': 'https://api.github.com/users/microsoftgraph/orgs', 'repos_url': 'https://api.github.com/users/microsoftgraph/repos', 'events_url': 'https://api.github.com/users/microsoftgraph/events{/privacy}', 'received_events_url': 'https://api.github.com/users/microsoftgraph/received_events', 'type': 'Organization', 'site_admin': False}, 'html_url': 'https://github.com/microsoftgraph/msgraph-sdk-java', 'description': 'Microsoft Graph SDK for Java', 'fork': False, 'url': 'https://api.github.com/repos/microsoftgraph/msgraph-sdk-java', 'forks_url': 'https://api.github.com/repos/microsoftgraph/msgraph-sdk-java/forks', 'keys_url': 'https://api.github.com/repos/microsoftgraph/msgraph-sdk-java/keys{/key_id}', 'collaborators_url': 'https://api.github.com/repos/microsoftgraph/msgraph-sdk-java/collaborators{/collaborator}', 'teams_url': 'https://api.github.com/repos/microsoftgraph/msgraph-sdk-java/teams', 'hooks_url': 'https://api.github.com/repos/microsoftgraph/msgraph-sdk-java/hooks', 'issue_events_url': 'https://api.github.com/repos/microsoftgraph/msgraph-sdk-java/issues/events{/number}', 'events_url': 'https://api.github.com/repos/microsoftgraph/msgraph-sdk-java/events', 'assignees_url': 'https://api.github.com/repos/microsoftgraph/msgraph-sdk-java/assignees{/user}', 'branches_url': 'https://api.github.com/repos/microsoftgraph/msgraph-sdk-java/branches{/branch}', 'tags_url': 'https://api.github.com/repos/microsoftgraph/msgraph-sdk-java/tags', 'blobs_url': 'https://api.github.com/repos/microsoftgraph/msgraph-sdk-java/git/blobs{/sha}', 'git_tags_url': 'https://api.github.com/repos/microsoftgraph/msgraph-sdk-java/git/tags{/sha}', 'git_refs_url': 'https://api.github.com/repos/microsoftgraph/msgraph-sdk-java/git/refs{/sha}', 'trees_url': 'https://api.github.com/repos/microsoftgraph/msgraph-sdk-java/git/trees{/sha}', 'statuses_url': 'https://api.github.com/repos/microsoftgraph/msgraph-sdk-java/statuses/{sha}', 'languages_url': 'https://api.github.com/repos/microsoftgraph/msgraph-sdk-java/languages', 'stargazers_url': 'https://api.github.com/repos/microsoftgraph/msgraph-sdk-java/stargazers', 'contributors_url': 'https://api.github.com/repos/microsoftgraph/msgraph-sdk-java/contributors', 'subscribers_url': 'https://api.github.com/repos/microsoftgraph/msgraph-sdk-java/subscribers', 'subscription_url': 'https://api.github.com/repos/microsoftgraph/msgraph-sdk-java/subscription', 'commits_url': 'https://api.github.com/repos/microsoftgraph/msgraph-sdk-java/commits{/sha}', 'git_commits_url': 'https://api.github.com/repos/microsoftgraph/msgraph-sdk-java/git/commits{/sha}', 'comments_url': 'https://api.github.com/repos/microsoftgraph/msgraph-sdk-java/comments{/number}', 'issue_comment_url': 'https://api.github.com/repos/microsoftgraph/msgraph-sdk-java/issues/comments{/number}', 'contents_url': 'https://api.github.com/repos/microsoftgraph/msgraph-sdk-java/contents/{+path}', 'compare_url': 'https://api.github.com/repos/microsoftgraph/msgraph-sdk-java/compare/{base}...{head}', 'merges_url': 'https://api.github.com/repos/microsoftgraph/msgraph-sdk-java/merges', 'archive_url': 'https://api.github.com/repos/microsoftgraph/msgraph-sdk-java/{archive_format}{/ref}', 'downloads_url': 'https://api.github.com/repos/microsoftgraph/msgraph-sdk-java/downloads', 'issues_url': 'https://api.github.com/repos/microsoftgraph/msgraph-sdk-java/issues{/number}', 'pulls_url': 'https://api.github.com/repos/microsoftgraph/msgraph-sdk-java/pulls{/number}', 'milestones_url': 'https://api.github.com/repos/microsoftgraph/msgraph-sdk-java/milestones{/number}', 'notifications_url': 'https://api.github.com/repos/microsoftgraph/msgraph-sdk-java/notifications{?since,all,participating}', 'labels_url': 'https://api.github.com/repos/microsoftgraph/msgraph-sdk-java/labels{/name}', 'releases_url': 'https://api.github.com/repos/microsoftgraph/msgraph-sdk-java/releases{/id}', 'deployments_url': 'https://api.github.com/repos/microsoftgraph/msgraph-sdk-java/deployments', 'created_at': '2017-09-12T17:20:15Z', 'updated_at': '2022-04-10T14:24:06Z', 'pushed_at': '2022-04-22T18:17:35Z', 'git_url': 'git://github.com/microsoftgraph/msgraph-sdk-java.git', 'ssh_url': 'git@github.com:microsoftgraph/msgraph-sdk-java.git', 'clone_url': 'https://github.com/microsoftgraph/msgraph-sdk-java.git', 'svn_url': 'https://github.com/microsoftgraph/msgraph-sdk-java', 'homepage': 'https://docs.microsoft.com/en-us/graph/sdks/sdks-overview', 'size': 58757, 'stargazers_count': 245, 'watchers_count': 245, 'language': 'Java', 'has_issues': True, 'has_projects': True, 'has_downloads': True, 'has_wiki': False, 'has_pages': False, 'forks_count': 102, 'mirror_url': None, 'archived': False, 'disabled': False, 'open_issues_count': 5, 'license': {'key': 'mit', 'name': 'MIT License', 'spdx_id': 'MIT', 'url': 'https://api.github.com/licenses/mit', 'node_id': 'MDc6TGljZW5zZTEz'}, 'allow_forking': True, 'is_template': False, 'topics': ['java', 'microsoft-graph', 'microsoft-graph-sdk', 'sdk'], 'visibility': 'public', 'forks': 102, 'open_issues': 5, 'watchers': 245, 'default_branch': 'dev'}}, '_links': {'self': {'href': 'https://api.github.com/repos/microsoftgraph/msgraph-sdk-java/pulls/1058'}, 'html': {'href': 'https://github.com/microsoftgraph/msgraph-sdk-java/pull/1058'}, 'issue': {'href': 'https://api.github.com/repos/microsoftgraph/msgraph-sdk-java/issues/1058'}, 'comments': {'href': 'https://api.github.com/repos/microsoftgraph/msgraph-sdk-java/issues/1058/comments'}, 'review_comments': {'href': 'https://api.github.com/repos/microsoftgraph/msgraph-sdk-java/pulls/1058/comments'}, 'review_comment': {'href': 'https://api.github.com/repos/microsoftgraph/msgraph-sdk-java/pulls/comments{/number}'}, 'commits': {'href': 'https://api.github.com/repos/microsoftgraph/msgraph-sdk-java/pulls/1058/commits'}, 'statuses': {'href': 'https://api.github.com/repos/microsoftgraph/msgraph-sdk-java/statuses/2ffa6361406c3313c5b1eb2bfe15846bbcc5e4ca'}}, 'author_association': 'CONTRIBUTOR', 'auto_merge': None, 'active_lock_reason': None, 'merged': False, 'mergeable': None, 'rebaseable': None, 'mergeable_state': 'unknown', 'merged_by': None, 'comments': 0, 'review_comments': 0, 'maintainer_can_modify': False, 'commits': 1, 'additions': 2, 'deletions': 2, 'changed_files': 2}}",opened,Java
21423358403,CreateEvent,microsoftgraph/msgraph-sdk-java,0.0,2022-04-22T18:17:37Z,"{'ref': 'core2.0.12Dependency', 'ref_type': 'branch', 'master_branch': 'dev', 'description': 'Microsoft Graph SDK for Java', 'pusher_type': 'user'}",,Java
21423283140,PushEvent,microsoftgraph/msgraph-sdk-java-core,0.0,2022-04-22T18:12:05Z,"{'push_id': 9695701234, 'size': 126, 'distinct_size': 1, 'ref': 'refs/heads/master', 'head': 'b4361e8bfda1b375aade8d58a667f2621e46681e', 'before': 'f61d598c5909ae348cdbdcf1c6de64083f579091', 'commits': [{'sha': 'adb978a25f7d1772a05a3ad0361a9ccc4388a736', 'author': {'email': 'vibiret@microsoft.com', 'name': 'Vincent Biret'}, 'message': '- upgrades android tools to unlock release', 'distinct': False, 'url': 'https://api.github.com/repos/microsoftgraph/msgraph-sdk-java-core/commits/adb978a25f7d1772a05a3ad0361a9ccc4388a736'}, {'sha': '929efa7e9cfee25dfa0f45c14784ef9d71a51f1f', 'author': {'email': 'vibiret@microsoft.com', 'name': 'Vincent Biret'}, 'message': 'Merge pull request #431 from microsoftgraph/bugfix/android-tools-update\n\n- upgrades android tools to unlock release', 'distinct': False, 'url': 'https://api.github.com/repos/microsoftgraph/msgraph-sdk-java-core/commits/929efa7e9cfee25dfa0f45c14784ef9d71a51f1f'}, {'sha': '999993ba2b7858e05c3222e850d18f35f5db8b70', 'author': {'email': '49699333+dependabot[bot]@users.noreply.github.com', 'name': 'dependabot[bot]'}, 'message': 'Bump azure-core from 1.24.1 to 1.25.0\n\nBumps [azure-core](https://github.com/Azure/azure-sdk-for-java) from 1.24.1 to 1.25.0.\n- [Release notes](https://github.com/Azure/azure-sdk-for-java/releases)\n- [Commits](https://github.com/Azure/azure-sdk-for-java/compare/azure-core_1.24.1...azure-core_1.25.0)\n\n---\nupdated-dependencies:\n- dependency-name: com.azure:azure-core\n  dependency-type: direct:production\n  update-type: version-update:semver-minor\n...\n\nSigned-off-by: dependabot[bot] <support@github.com>', 'distinct': False, 'url': 'https://api.github.com/repos/microsoftgraph/msgraph-sdk-java-core/commits/999993ba2b7858e05c3222e850d18f35f5db8b70'}, {'sha': 'e78627a1a2c95350a84ef1347dee1ef5b2d24af6', 'author': {'email': '49699333+dependabot[bot]@users.noreply.github.com', 'name': 'dependabot[bot]'}, 'message': 'Bump azure-core from 1.24.1 to 1.25.0\n\nBumps [azure-core](https://github.com/Azure/azure-sdk-for-java) from 1.24.1 to 1.25.0.\n- [Release notes](https://github.com/Azure/azure-sdk-for-java/releases)\n- [Commits](https://github.com/Azure/azure-sdk-for-java/compare/azure-core_1.24.1...azure-core_1.25.0)\n\n---\nupdated-dependencies:\n- dependency-name: com.azure:azure-core\n  dependency-type: direct:production\n  update-type: version-update:semver-minor\n...\n\nSigned-off-by: dependabot[bot] <support@github.com>', 'distinct': False, 'url': 'https://api.github.com/repos/microsoftgraph/msgraph-sdk-java-core/commits/e78627a1a2c95350a84ef1347dee1ef5b2d24af6'}, {'sha': '352b34c59cb8f2119f16d8d240937757be2927d4', 'author': {'email': '49699333+dependabot[bot]@users.noreply.github.com', 'name': 'dependabot[bot]'}, 'message': 'Bump azure-core from 1.24.1 to 1.25.0 in /android\n\nBumps [azure-core](https://github.com/Azure/azure-sdk-for-java) from 1.24.1 to 1.25.0.\n- [Release notes](https://github.com/Azure/azure-sdk-for-java/releases)\n- [Commits](https://github.com/Azure/azure-sdk-for-java/compare/azure-core_1.24.1...azure-core_1.25.0)\n\n---\nupdated-dependencies:\n- dependency-name: com.azure:azure-core\n  dependency-type: direct:production\n  update-type: version-update:semver-minor\n...\n\nSigned-off-by: dependabot[bot] <support@github.com>', 'distinct': False, 'url': 'https://api.github.com/repos/microsoftgraph/msgraph-sdk-java-core/commits/352b34c59cb8f2119f16d8d240937757be2927d4'}, {'sha': '9461f917931a0281cd0aa9dc2244a0535c60b317', 'author': {'email': 'vibiret@microsoft.com', 'name': 'Vincent Biret'}, 'message': 'Merge pull request #434 from microsoftgraph/dependabot/gradle/android/com.azure-azure-core-1.25.0\n\nBump azure-core from 1.24.1 to 1.25.0 in /android', 'distinct': False, 'url': 'https://api.github.com/repos/microsoftgraph/msgraph-sdk-java-core/commits/9461f917931a0281cd0aa9dc2244a0535c60b317'}, {'sha': '752728a377f8cb0832051116c0afd15bb80c7ce6', 'author': {'email': 'vibiret@microsoft.com', 'name': 'Vincent Biret'}, 'message': 'Merge pull request #433 from microsoftgraph/dependabot/maven/com.azure-azure-core-1.25.0\n\nBump azure-core from 1.24.1 to 1.25.0', 'distinct': False, 'url': 'https://api.github.com/repos/microsoftgraph/msgraph-sdk-java-core/commits/752728a377f8cb0832051116c0afd15bb80c7ce6'}, {'sha': 'b3eb3040f12c00f381e00e79bb31b1938badda6a', 'author': {'email': 'vibiret@microsoft.com', 'name': 'Vincent Biret'}, 'message': 'Merge pull request #432 from microsoftgraph/dependabot/gradle/com.azure-azure-core-1.25.0\n\nBump azure-core from 1.24.1 to 1.25.0', 'distinct': False, 'url': 'https://api.github.com/repos/microsoftgraph/msgraph-sdk-java-core/commits/b3eb3040f12c00f381e00e79bb31b1938badda6a'}, {'sha': '7d0addac23721f2dbddc8ad2d9a409bdbe11df6b', 'author': {'email': '49699333+dependabot[bot]@users.noreply.github.com', 'name': 'dependabot[bot]'}, 'message': 'Bump azure-identity from 1.4.3 to 1.4.4 in /samples/deviceCodeSample\n\nBumps [azure-identity](https://github.com/Azure/azure-sdk-for-java) from 1.4.3 to 1.4.4.\n- [Release notes](https://github.com/Azure/azure-sdk-for-java/releases)\n- [Commits](https://github.com/Azure/azure-sdk-for-java/compare/azure-identity_1.4.3...azure-identity_1.4.4)\n\n---\nupdated-dependencies:\n- dependency-name: com.azure:azure-identity\n  dependency-type: direct:production\n  update-type: version-update:semver-patch\n...\n\nSigned-off-by: dependabot[bot] <support@github.com>', 'distinct': False, 'url': 'https://api.github.com/repos/microsoftgraph/msgraph-sdk-java-core/commits/7d0addac23721f2dbddc8ad2d9a409bdbe11df6b'}, {'sha': '03af3e77f317f8c2f85fe690f957bca7137f336e', 'author': {'email': '49699333+dependabot[bot]@users.noreply.github.com', 'name': 'dependabot[bot]'}, 'message': 'Bump azure-identity in /samples/interactiveBrowserSample\n\nBumps [azure-identity](https://github.com/Azure/azure-sdk-for-java) from 1.4.3 to 1.4.4.\n- [Release notes](https://github.com/Azure/azure-sdk-for-java/releases)\n- [Commits](https://github.com/Azure/azure-sdk-for-java/compare/azure-identity_1.4.3...azure-identity_1.4.4)\n\n---\nupdated-dependencies:\n- dependency-name: com.azure:azure-identity\n  dependency-type: direct:production\n  update-type: version-update:semver-patch\n...\n\nSigned-off-by: dependabot[bot] <support@github.com>', 'distinct': False, 'url': 'https://api.github.com/repos/microsoftgraph/msgraph-sdk-java-core/commits/03af3e77f317f8c2f85fe690f957bca7137f336e'}, {'sha': '35a9e595621adaaec9b172e102a222a0452cb05e', 'author': {'email': 'vibiret@microsoft.com', 'name': 'Vincent Biret'}, 'message': 'Merge pull request #436 from microsoftgraph/dependabot/gradle/samples/interactiveBrowserSample/com.azure-azure-identity-1.4.4\n\nBump azure-identity from 1.4.3 to 1.4.4 in /samples/interactiveBrowserSample', 'distinct': False, 'url': 'https://api.github.com/repos/microsoftgraph/msgraph-sdk-java-core/commits/35a9e595621adaaec9b172e102a222a0452cb05e'}, {'sha': 'a7eb46b770b459e7fd1119597195d59eb6953510', 'author': {'email': 'vibiret@microsoft.com', 'name': 'Vincent Biret'}, 'message': 'Merge pull request #435 from microsoftgraph/dependabot/gradle/samples/deviceCodeSample/com.azure-azure-identity-1.4.4\n\nBump azure-identity from 1.4.3 to 1.4.4 in /samples/deviceCodeSample', 'distinct': False, 'url': 'https://api.github.com/repos/microsoftgraph/msgraph-sdk-java-core/commits/a7eb46b770b459e7fd1119597195d59eb6953510'}, {'sha': '233edb4feb952aafd395049336d7b27efef517cc', 'author': {'email': '49699333+dependabot[bot]@users.noreply.github.com', 'name': 'dependabot[bot]'}, 'message': 'Bump rickstaa/action-create-tag from 1.2.0 to 1.2.1\n\nBumps [rickstaa/action-create-tag](https://github.com/rickstaa/action-create-tag) from 1.2.0 to 1.2.1.\n- [Release notes](https://github.com/rickstaa/action-create-tag/releases)\n- [Changelog](https://github.com/rickstaa/action-create-tag/blob/main/CHANGELOG.md)\n- [Commits](https://github.com/rickstaa/action-create-tag/compare/v1.2.0...v1.2.1)\n\n---\nupdated-dependencies:\n- dependency-name: rickstaa/action-create-tag\n  dependency-type: direct:production\n  update-type: version-update:semver-patch\n...\n\nSigned-off-by: dependabot[bot] <support@github.com>', 'distinct': False, 'url': 'https://api.github.com/repos/microsoftgraph/msgraph-sdk-java-core/commits/233edb4feb952aafd395049336d7b27efef517cc'}, {'sha': '2a0e1016bda51dc62ac7a42c9e696436f6388a60', 'author': {'email': 'vibiret@microsoft.com', 'name': 'Vincent Biret'}, 'message': 'Merge pull request #437 from microsoftgraph/dependabot/github_actions/rickstaa/action-create-tag-1.2.1\n\nBump rickstaa/action-create-tag from 1.2.0 to 1.2.1', 'distinct': False, 'url': 'https://api.github.com/repos/microsoftgraph/msgraph-sdk-java-core/commits/2a0e1016bda51dc62ac7a42c9e696436f6388a60'}, {'sha': '850e75424df4d6f61f743e595769408681c101a4', 'author': {'email': '49699333+dependabot[bot]@users.noreply.github.com', 'name': 'dependabot[bot]'}, 'message': 'Bump gson from 2.8.9 to 2.9.0\n\nBumps [gson](https://github.com/google/gson) from 2.8.9 to 2.9.0.\n- [Release notes](https://github.com/google/gson/releases)\n- [Changelog](https://github.com/google/gson/blob/master/CHANGELOG.md)\n- [Commits](https://github.com/google/gson/compare/gson-parent-2.8.9...gson-parent-2.9.0)\n\n---\nupdated-dependencies:\n- dependency-name: com.google.code.gson:gson\n  dependency-type: direct:production\n  update-type: version-update:semver-minor\n...\n\nSigned-off-by: dependabot[bot] <support@github.com>', 'distinct': False, 'url': 'https://api.github.com/repos/microsoftgraph/msgraph-sdk-java-core/commits/850e75424df4d6f61f743e595769408681c101a4'}, {'sha': '9434a803770071c895f167556067788c253113c3', 'author': {'email': '49699333+dependabot[bot]@users.noreply.github.com', 'name': 'dependabot[bot]'}, 'message': 'Bump gson from 2.8.9 to 2.9.0\n\nBumps [gson](https://github.com/google/gson) from 2.8.9 to 2.9.0.\n- [Release notes](https://github.com/google/gson/releases)\n- [Changelog](https://github.com/google/gson/blob/master/CHANGELOG.md)\n- [Commits](https://github.com/google/gson/compare/gson-parent-2.8.9...gson-parent-2.9.0)\n\n---\nupdated-dependencies:\n- dependency-name: com.google.code.gson:gson\n  dependency-type: direct:production\n  update-type: version-update:semver-minor\n...\n\nSigned-off-by: dependabot[bot] <support@github.com>', 'distinct': False, 'url': 'https://api.github.com/repos/microsoftgraph/msgraph-sdk-java-core/commits/9434a803770071c895f167556067788c253113c3'}, {'sha': '1d343979ef75e954548105688e8fd21a5671b0f0', 'author': {'email': '49699333+dependabot[bot]@users.noreply.github.com', 'name': 'dependabot[bot]'}, 'message': 'Bump gson from 2.8.9 to 2.9.0 in /android\n\nBumps [gson](https://github.com/google/gson) from 2.8.9 to 2.9.0.\n- [Release notes](https://github.com/google/gson/releases)\n- [Changelog](https://github.com/google/gson/blob/master/CHANGELOG.md)\n- [Commits](https://github.com/google/gson/compare/gson-parent-2.8.9...gson-parent-2.9.0)\n\n---\nupdated-dependencies:\n- dependency-name: com.google.code.gson:gson\n  dependency-type: direct:production\n  update-type: version-update:semver-minor\n...\n\nSigned-off-by: dependabot[bot] <support@github.com>', 'distinct': False, 'url': 'https://api.github.com/repos/microsoftgraph/msgraph-sdk-java-core/commits/1d343979ef75e954548105688e8fd21a5671b0f0'}, {'sha': '094be525369ef47247f4345197b2928ce1342b1e', 'author': {'email': 'vibiret@microsoft.com', 'name': 'Vincent Biret'}, 'message': 'Merge pull request #440 from microsoftgraph/dependabot/gradle/android/com.google.code.gson-gson-2.9.0\n\nBump gson from 2.8.9 to 2.9.0 in /android', 'distinct': False, 'url': 'https://api.github.com/repos/microsoftgraph/msgraph-sdk-java-core/commits/094be525369ef47247f4345197b2928ce1342b1e'}, {'sha': 'ca8fc4a72e89e1b522b374d14799f7a5015bab05', 'author': {'email': 'vibiret@microsoft.com', 'name': 'Vincent Biret'}, 'message': 'Merge pull request #439 from microsoftgraph/dependabot/maven/com.google.code.gson-gson-2.9.0\n\nBump gson from 2.8.9 to 2.9.0', 'distinct': False, 'url': 'https://api.github.com/repos/microsoftgraph/msgraph-sdk-java-core/commits/ca8fc4a72e89e1b522b374d14799f7a5015bab05'}, {'sha': '8d72d6bf8bf30cdefefe51fe55bcb182011172c8', 'author': {'email': 'vibiret@microsoft.com', 'name': 'Vincent Biret'}, 'message': 'Merge pull request #438 from microsoftgraph/dependabot/gradle/com.google.code.gson-gson-2.9.0\n\nBump gson from 2.8.9 to 2.9.0', 'distinct': False, 'url': 'https://api.github.com/repos/microsoftgraph/msgraph-sdk-java-core/commits/8d72d6bf8bf30cdefefe51fe55bcb182011172c8'}]}",,Java
21423281743,PullRequestEvent,microsoftgraph/msgraph-sdk-java-core,0.0,2022-04-22T18:11:59Z,"{'action': 'closed', 'number': 496, 'pull_request': {'url': 'https://api.github.com/repos/microsoftgraph/msgraph-sdk-java-core/pulls/496', 'id': 916659340, 'node_id': 'PR_kwDOCTce4M42oxyM', 'html_url': 'https://github.com/microsoftgraph/msgraph-sdk-java-core/pull/496', 'diff_url': 'https://github.com/microsoftgraph/msgraph-sdk-java-core/pull/496.diff', 'patch_url': 'https://github.com/microsoftgraph/msgraph-sdk-java-core/pull/496.patch', 'issue_url': 'https://api.github.com/repos/microsoftgraph/msgraph-sdk-java-core/issues/496', 'number': 496, 'state': 'closed', 'locked': False, 'title': 'Core 2.0.12', 'user': {'login': 'ramsessanchez', 'id': 63934382, 'node_id': 'MDQ6VXNlcjYzOTM0Mzgy', 'avatar_url': 'https://avatars.githubusercontent.com/u/63934382?v=4', 'gravatar_id': '', 'url': 'https://api.github.com/users/ramsessanchez', 'html_url': 'https://github.com/ramsessanchez', 'followers_url': 'https://api.github.com/users/ramsessanchez/followers', 'following_url': 'https://api.github.com/users/ramsessanchez/following{/other_user}', 'gists_url': 'https://api.github.com/users/ramsessanchez/gists{/gist_id}', 'starred_url': 'https://api.github.com/users/ramsessanchez/starred{/owner}{/repo}', 'subscriptions_url': 'https://api.github.com/users/ramsessanchez/subscriptions', 'organizations_url': 'https://api.github.com/users/ramsessanchez/orgs', 'repos_url': 'https://api.github.com/users/ramsessanchez/repos', 'events_url': 'https://api.github.com/users/ramsessanchez/events{/privacy}', 'received_events_url': 'https://api.github.com/users/ramsessanchez/received_events', 'type': 'User', 'site_admin': False}, 'body': 'Preping Core 2.0.12\r\n\r\n', 'created_at': '2022-04-22T17:20:19Z', 'updated_at': '2022-04-22T18:11:58Z', 'closed_at': '2022-04-22T18:11:58Z', 'merged_at': '2022-04-22T18:11:58Z', 'merge_commit_sha': 'b4361e8bfda1b375aade8d58a667f2621e46681e', 'assignee': None, 'assignees': [], 'requested_reviewers': [{'login': 'baywet', 'id': 7905502, 'node_id': 'MDQ6VXNlcjc5MDU1MDI=', 'avatar_url': 'https://avatars.githubusercontent.com/u/7905502?v=4', 'gravatar_id': '', 'url': 'https://api.github.com/users/baywet', 'html_url': 'https://github.com/baywet', 'followers_url': 'https://api.github.com/users/baywet/followers', 'following_url': 'https://api.github.com/users/baywet/following{/other_user}', 'gists_url': 'https://api.github.com/users/baywet/gists{/gist_id}', 'starred_url': 'https://api.github.com/users/baywet/starred{/owner}{/repo}', 'subscriptions_url': 'https://api.github.com/users/baywet/subscriptions', 'organizations_url': 'https://api.github.com/users/baywet/orgs', 'repos_url': 'https://api.github.com/users/baywet/repos', 'events_url': 'https://api.github.com/users/baywet/events{/privacy}', 'received_events_url': 'https://api.github.com/users/baywet/received_events', 'type': 'User', 'site_admin': False}, {'login': 'MIchaelMainer', 'id': 8527305, 'node_id': 'MDQ6VXNlcjg1MjczMDU=', 'avatar_url': 'https://avatars.githubusercontent.com/u/8527305?v=4', 'gravatar_id': '', 'url': 'https://api.github.com/users/MIchaelMainer', 'html_url': 'https://github.com/MIchaelMainer', 'followers_url': 'https://api.github.com/users/MIchaelMainer/followers', 'following_url': 'https://api.github.com/users/MIchaelMainer/following{/other_user}', 'gists_url': 'https://api.github.com/users/MIchaelMainer/gists{/gist_id}', 'starred_url': 'https://api.github.com/users/MIchaelMainer/starred{/owner}{/repo}', 'subscriptions_url': 'https://api.github.com/users/MIchaelMainer/subscriptions', 'organizations_url': 'https://api.github.com/users/MIchaelMainer/orgs', 'repos_url': 'https://api.github.com/users/MIchaelMainer/repos', 'events_url': 'https://api.github.com/users/MIchaelMainer/events{/privacy}', 'received_events_url': 'https://api.github.com/users/MIchaelMainer/received_events', 'type': 'User', 'site_admin': False}, {'login': 'ddyett', 'id': 20829981, 'node_id': 'MDQ6VXNlcjIwODI5OTgx', 'avatar_url': 'https://avatars.githubusercontent.com/u/20829981?v=4', 'gravatar_id': '', 'url': 'https://api.github.com/users/ddyett', 'html_url': 'https://github.com/ddyett', 'followers_url': 'https://api.github.com/users/ddyett/followers', 'following_url': 'https://api.github.com/users/ddyett/following{/other_user}', 'gists_url': 'https://api.github.com/users/ddyett/gists{/gist_id}', 'starred_url': 'https://api.github.com/users/ddyett/starred{/owner}{/repo}', 'subscriptions_url': 'https://api.github.com/users/ddyett/subscriptions', 'organizations_url': 'https://api.github.com/users/ddyett/orgs', 'repos_url': 'https://api.github.com/users/ddyett/repos', 'events_url': 'https://api.github.com/users/ddyett/events{/privacy}', 'received_events_url': 'https://api.github.com/users/ddyett/received_events', 'type': 'User', 'site_admin': False}, {'login': 'nikithauc', 'id': 23219007, 'node_id': 'MDQ6VXNlcjIzMjE5MDA3', 'avatar_url': 'https://avatars.githubusercontent.com/u/23219007?v=4', 'gravatar_id': '', 'url': 'https://api.github.com/users/nikithauc', 'html_url': 'https://github.com/nikithauc', 'followers_url': 'https://api.github.com/users/nikithauc/followers', 'following_url': 'https://api.github.com/users/nikithauc/following{/other_user}', 'gists_url': 'https://api.github.com/users/nikithauc/gists{/gist_id}', 'starred_url': 'https://api.github.com/users/nikithauc/starred{/owner}{/repo}', 'subscriptions_url': 'https://api.github.com/users/nikithauc/subscriptions', 'organizations_url': 'https://api.github.com/users/nikithauc/orgs', 'repos_url': 'https://api.github.com/users/nikithauc/repos', 'events_url': 'https://api.github.com/users/nikithauc/events{/privacy}', 'received_events_url': 'https://api.github.com/users/nikithauc/received_events', 'type': 'User', 'site_admin': False}], 'requested_teams': [], 'labels': [], 'milestone': {'url': 'https://api.github.com/repos/microsoftgraph/msgraph-sdk-java-core/milestones/23', 'html_url': 'https://github.com/microsoftgraph/msgraph-sdk-java-core/milestone/23', 'labels_url': 'https://api.github.com/repos/microsoftgraph/msgraph-sdk-java-core/milestones/23/labels', 'id': 7642528, 'node_id': 'MI_kwDOCTce4M4AdJ2g', 'number': 23, 'title': '2.0.12', 'description': '', 'creator': {'login': 'baywet', 'id': 7905502, 'node_id': 'MDQ6VXNlcjc5MDU1MDI=', 'avatar_url': 'https://avatars.githubusercontent.com/u/7905502?v=4', 'gravatar_id': '', 'url': 'https://api.github.com/users/baywet', 'html_url': 'https://github.com/baywet', 'followers_url': 'https://api.github.com/users/baywet/followers', 'following_url': 'https://api.github.com/users/baywet/following{/other_user}', 'gists_url': 'https://api.github.com/users/baywet/gists{/gist_id}', 'starred_url': 'https://api.github.com/users/baywet/starred{/owner}{/repo}', 'subscriptions_url': 'https://api.github.com/users/baywet/subscriptions', 'organizations_url': 'https://api.github.com/users/baywet/orgs', 'repos_url': 'https://api.github.com/users/baywet/repos', 'events_url': 'https://api.github.com/users/baywet/events{/privacy}', 'received_events_url': 'https://api.github.com/users/baywet/received_events', 'type': 'User', 'site_admin': False}, 'open_issues': 0, 'closed_issues': 47, 'state': 'open', 'created_at': '2022-02-04T19:18:46Z', 'updated_at': '2022-04-22T18:11:58Z', 'due_on': None, 'closed_at': None}, 'draft': False, 'commits_url': 'https://api.github.com/repos/microsoftgraph/msgraph-sdk-java-core/pulls/496/commits', 'review_comments_url': 'https://api.github.com/repos/microsoftgraph/msgraph-sdk-java-core/pulls/496/comments', 'review_comment_url': 'https://api.github.com/repos/microsoftgraph/msgraph-sdk-java-core/pulls/comments{/number}', 'comments_url': 'https://api.github.com/repos/microsoftgraph/msgraph-sdk-java-core/issues/496/comments', 'statuses_url': 'https://api.github.com/repos/microsoftgraph/msgraph-sdk-java-core/statuses/938c3866792833aabe7a0c5040748018a9031463', 'head': {'label': 'microsoftgraph:dev', 'ref': 'dev', 'sha': '938c3866792833aabe7a0c5040748018a9031463', 'user': {'login': 'microsoftgraph', 'id': 17304259, 'node_id': 'MDEyOk9yZ2FuaXphdGlvbjE3MzA0MjU5', 'avatar_url': 'https://avatars.githubusercontent.com/u/17304259?v=4', 'gravatar_id': '', 'url': 'https://api.github.com/users/microsoftgraph', 'html_url': 'https://github.com/microsoftgraph', 'followers_url': 'https://api.github.com/users/microsoftgraph/followers', 'following_url': 'https://api.github.com/users/microsoftgraph/following{/other_user}', 'gists_url': 'https://api.github.com/users/microsoftgraph/gists{/gist_id}', 'starred_url': 'https://api.github.com/users/microsoftgraph/starred{/owner}{/repo}', 'subscriptions_url': 'https://api.github.com/users/microsoftgraph/subscriptions', 'organizations_url': 'https://api.github.com/users/microsoftgraph/orgs', 'repos_url': 'https://api.github.com/users/microsoftgraph/repos', 'events_url': 'https://api.github.com/users/microsoftgraph/events{/privacy}', 'received_events_url': 'https://api.github.com/users/microsoftgraph/received_events', 'type': 'Organization', 'site_admin': False}, 'repo': {'id': 154607328, 'node_id': 'MDEwOlJlcG9zaXRvcnkxNTQ2MDczMjg=', 'name': 'msgraph-sdk-java-core', 'full_name': 'microsoftgraph/msgraph-sdk-java-core', 'private': False, 'owner': {'login': 'microsoftgraph', 'id': 17304259, 'node_id': 'MDEyOk9yZ2FuaXphdGlvbjE3MzA0MjU5', 'avatar_url': 'https://avatars.githubusercontent.com/u/17304259?v=4', 'gravatar_id': '', 'url': 'https://api.github.com/users/microsoftgraph', 'html_url': 'https://github.com/microsoftgraph', 'followers_url': 'https://api.github.com/users/microsoftgraph/followers', 'following_url': 'https://api.github.com/users/microsoftgraph/following{/other_user}', 'gists_url': 'https://api.github.com/users/microsoftgraph/gists{/gist_id}', 'starred_url': 'https://api.github.com/users/microsoftgraph/starred{/owner}{/repo}', 'subscriptions_url': 'https://api.github.com/users/microsoftgraph/subscriptions', 'organizations_url': 'https://api.github.com/users/microsoftgraph/orgs', 'repos_url': 'https://api.github.com/users/microsoftgraph/repos', 'events_url': 'https://api.github.com/users/microsoftgraph/events{/privacy}', 'received_events_url': 'https://api.github.com/users/microsoftgraph/received_events', 'type': 'Organization', 'site_admin': False}, 'html_url': 'https://github.com/microsoftgraph/msgraph-sdk-java-core', 'description': 'Microsoft Graph SDK for Java - Core Library', 'fork': False, 'url': 'https://api.github.com/repos/microsoftgraph/msgraph-sdk-java-core', 'forks_url': 'https://api.github.com/repos/microsoftgraph/msgraph-sdk-java-core/forks', 'keys_url': 'https://api.github.com/repos/microsoftgraph/msgraph-sdk-java-core/keys{/key_id}', 'collaborators_url': 'https://api.github.com/repos/microsoftgraph/msgraph-sdk-java-core/collaborators{/collaborator}', 'teams_url': 'https://api.github.com/repos/microsoftgraph/msgraph-sdk-java-core/teams', 'hooks_url': 'https://api.github.com/repos/microsoftgraph/msgraph-sdk-java-core/hooks', 'issue_events_url': 'https://api.github.com/repos/microsoftgraph/msgraph-sdk-java-core/issues/events{/number}', 'events_url': 'https://api.github.com/repos/microsoftgraph/msgraph-sdk-java-core/events', 'assignees_url': 'https://api.github.com/repos/microsoftgraph/msgraph-sdk-java-core/assignees{/user}', 'branches_url': 'https://api.github.com/repos/microsoftgraph/msgraph-sdk-java-core/branches{/branch}', 'tags_url': 'https://api.github.com/repos/microsoftgraph/msgraph-sdk-java-core/tags', 'blobs_url': 'https://api.github.com/repos/microsoftgraph/msgraph-sdk-java-core/git/blobs{/sha}', 'git_tags_url': 'https://api.github.com/repos/microsoftgraph/msgraph-sdk-java-core/git/tags{/sha}', 'git_refs_url': 'https://api.github.com/repos/microsoftgraph/msgraph-sdk-java-core/git/refs{/sha}', 'trees_url': 'https://api.github.com/repos/microsoftgraph/msgraph-sdk-java-core/git/trees{/sha}', 'statuses_url': 'https://api.github.com/repos/microsoftgraph/msgraph-sdk-java-core/statuses/{sha}', 'languages_url': 'https://api.github.com/repos/microsoftgraph/msgraph-sdk-java-core/languages', 'stargazers_url': 'https://api.github.com/repos/microsoftgraph/msgraph-sdk-java-core/stargazers', 'contributors_url': 'https://api.github.com/repos/microsoftgraph/msgraph-sdk-java-core/contributors', 'subscribers_url': 'https://api.github.com/repos/microsoftgraph/msgraph-sdk-java-core/subscribers', 'subscription_url': 'https://api.github.com/repos/microsoftgraph/msgraph-sdk-java-core/subscription', 'commits_url': 'https://api.github.com/repos/microsoftgraph/msgraph-sdk-java-core/commits{/sha}', 'git_commits_url': 'https://api.github.com/repos/microsoftgraph/msgraph-sdk-java-core/git/commits{/sha}', 'comments_url': 'https://api.github.com/repos/microsoftgraph/msgraph-sdk-java-core/comments{/number}', 'issue_comment_url': 'https://api.github.com/repos/microsoftgraph/msgraph-sdk-java-core/issues/comments{/number}', 'contents_url': 'https://api.github.com/repos/microsoftgraph/msgraph-sdk-java-core/contents/{+path}', 'compare_url': 'https://api.github.com/repos/microsoftgraph/msgraph-sdk-java-core/compare/{base}...{head}', 'merges_url': 'https://api.github.com/repos/microsoftgraph/msgraph-sdk-java-core/merges', 'archive_url': 'https://api.github.com/repos/microsoftgraph/msgraph-sdk-java-core/{archive_format}{/ref}', 'downloads_url': 'https://api.github.com/repos/microsoftgraph/msgraph-sdk-java-core/downloads', 'issues_url': 'https://api.github.com/repos/microsoftgraph/msgraph-sdk-java-core/issues{/number}', 'pulls_url': 'https://api.github.com/repos/microsoftgraph/msgraph-sdk-java-core/pulls{/number}', 'milestones_url': 'https://api.github.com/repos/microsoftgraph/msgraph-sdk-java-core/milestones{/number}', 'notifications_url': 'https://api.github.com/repos/microsoftgraph/msgraph-sdk-java-core/notifications{?since,all,participating}', 'labels_url': 'https://api.github.com/repos/microsoftgraph/msgraph-sdk-java-core/labels{/name}', 'releases_url': 'https://api.github.com/repos/microsoftgraph/msgraph-sdk-java-core/releases{/id}', 'deployments_url': 'https://api.github.com/repos/microsoftgraph/msgraph-sdk-java-core/deployments', 'created_at': '2018-10-25T03:53:47Z', 'updated_at': '2022-04-22T09:16:17Z', 'pushed_at': '2022-04-22T18:11:58Z', 'git_url': 'git://github.com/microsoftgraph/msgraph-sdk-java-core.git', 'ssh_url': 'git@github.com:microsoftgraph/msgraph-sdk-java-core.git', 'clone_url': 'https://github.com/microsoftgraph/msgraph-sdk-java-core.git', 'svn_url': 'https://github.com/microsoftgraph/msgraph-sdk-java-core', 'homepage': 'https://docs.microsoft.com/en-us/graph/sdks/sdks-overview', 'size': 1655, 'stargazers_count': 24, 'watchers_count': 24, 'language': 'Java', 'has_issues': True, 'has_projects': True, 'has_downloads': True, 'has_wiki': False, 'has_pages': False, 'forks_count': 22, 'mirror_url': None, 'archived': False, 'disabled': False, 'open_issues_count': 13, 'license': {'key': 'mit', 'name': 'MIT License', 'spdx_id': 'MIT', 'url': 'https://api.github.com/licenses/mit', 'node_id': 'MDc6TGljZW5zZTEz'}, 'allow_forking': True, 'is_template': False, 'topics': ['hacktoberfest', 'java', 'microsoft-graph', 'sdk'], 'visibility': 'public', 'forks': 22, 'open_issues': 13, 'watchers': 24, 'default_branch': 'dev'}}, 'base': {'label': 'microsoftgraph:master', 'ref': 'master', 'sha': 'f61d598c5909ae348cdbdcf1c6de64083f579091', 'user': {'login': 'microsoftgraph', 'id': 17304259, 'node_id': 'MDEyOk9yZ2FuaXphdGlvbjE3MzA0MjU5', 'avatar_url': 'https://avatars.githubusercontent.com/u/17304259?v=4', 'gravatar_id': '', 'url': 'https://api.github.com/users/microsoftgraph', 'html_url': 'https://github.com/microsoftgraph', 'followers_url': 'https://api.github.com/users/microsoftgraph/followers', 'following_url': 'https://api.github.com/users/microsoftgraph/following{/other_user}', 'gists_url': 'https://api.github.com/users/microsoftgraph/gists{/gist_id}', 'starred_url': 'https://api.github.com/users/microsoftgraph/starred{/owner}{/repo}', 'subscriptions_url': 'https://api.github.com/users/microsoftgraph/subscriptions', 'organizations_url': 'https://api.github.com/users/microsoftgraph/orgs', 'repos_url': 'https://api.github.com/users/microsoftgraph/repos', 'events_url': 'https://api.github.com/users/microsoftgraph/events{/privacy}', 'received_events_url': 'https://api.github.com/users/microsoftgraph/received_events', 'type': 'Organization', 'site_admin': False}, 'repo': {'id': 154607328, 'node_id': 'MDEwOlJlcG9zaXRvcnkxNTQ2MDczMjg=', 'name': 'msgraph-sdk-java-core', 'full_name': 'microsoftgraph/msgraph-sdk-java-core', 'private': False, 'owner': {'login': 'microsoftgraph', 'id': 17304259, 'node_id': 'MDEyOk9yZ2FuaXphdGlvbjE3MzA0MjU5', 'avatar_url': 'https://avatars.githubusercontent.com/u/17304259?v=4', 'gravatar_id': '', 'url': 'https://api.github.com/users/microsoftgraph', 'html_url': 'https://github.com/microsoftgraph', 'followers_url': 'https://api.github.com/users/microsoftgraph/followers', 'following_url': 'https://api.github.com/users/microsoftgraph/following{/other_user}', 'gists_url': 'https://api.github.com/users/microsoftgraph/gists{/gist_id}', 'starred_url': 'https://api.github.com/users/microsoftgraph/starred{/owner}{/repo}', 'subscriptions_url': 'https://api.github.com/users/microsoftgraph/subscriptions', 'organizations_url': 'https://api.github.com/users/microsoftgraph/orgs', 'repos_url': 'https://api.github.com/users/microsoftgraph/repos', 'events_url': 'https://api.github.com/users/microsoftgraph/events{/privacy}', 'received_events_url': 'https://api.github.com/users/microsoftgraph/received_events', 'type': 'Organization', 'site_admin': False}, 'html_url': 'https://github.com/microsoftgraph/msgraph-sdk-java-core', 'description': 'Microsoft Graph SDK for Java - Core Library', 'fork': False, 'url': 'https://api.github.com/repos/microsoftgraph/msgraph-sdk-java-core', 'forks_url': 'https://api.github.com/repos/microsoftgraph/msgraph-sdk-java-core/forks', 'keys_url': 'https://api.github.com/repos/microsoftgraph/msgraph-sdk-java-core/keys{/key_id}', 'collaborators_url': 'https://api.github.com/repos/microsoftgraph/msgraph-sdk-java-core/collaborators{/collaborator}', 'teams_url': 'https://api.github.com/repos/microsoftgraph/msgraph-sdk-java-core/teams', 'hooks_url': 'https://api.github.com/repos/microsoftgraph/msgraph-sdk-java-core/hooks', 'issue_events_url': 'https://api.github.com/repos/microsoftgraph/msgraph-sdk-java-core/issues/events{/number}', 'events_url': 'https://api.github.com/repos/microsoftgraph/msgraph-sdk-java-core/events', 'assignees_url': 'https://api.github.com/repos/microsoftgraph/msgraph-sdk-java-core/assignees{/user}', 'branches_url': 'https://api.github.com/repos/microsoftgraph/msgraph-sdk-java-core/branches{/branch}', 'tags_url': 'https://api.github.com/repos/microsoftgraph/msgraph-sdk-java-core/tags', 'blobs_url': 'https://api.github.com/repos/microsoftgraph/msgraph-sdk-java-core/git/blobs{/sha}', 'git_tags_url': 'https://api.github.com/repos/microsoftgraph/msgraph-sdk-java-core/git/tags{/sha}', 'git_refs_url': 'https://api.github.com/repos/microsoftgraph/msgraph-sdk-java-core/git/refs{/sha}', 'trees_url': 'https://api.github.com/repos/microsoftgraph/msgraph-sdk-java-core/git/trees{/sha}', 'statuses_url': 'https://api.github.com/repos/microsoftgraph/msgraph-sdk-java-core/statuses/{sha}', 'languages_url': 'https://api.github.com/repos/microsoftgraph/msgraph-sdk-java-core/languages', 'stargazers_url': 'https://api.github.com/repos/microsoftgraph/msgraph-sdk-java-core/stargazers', 'contributors_url': 'https://api.github.com/repos/microsoftgraph/msgraph-sdk-java-core/contributors', 'subscribers_url': 'https://api.github.com/repos/microsoftgraph/msgraph-sdk-java-core/subscribers', 'subscription_url': 'https://api.github.com/repos/microsoftgraph/msgraph-sdk-java-core/subscription', 'commits_url': 'https://api.github.com/repos/microsoftgraph/msgraph-sdk-java-core/commits{/sha}', 'git_commits_url': 'https://api.github.com/repos/microsoftgraph/msgraph-sdk-java-core/git/commits{/sha}', 'comments_url': 'https://api.github.com/repos/microsoftgraph/msgraph-sdk-java-core/comments{/number}', 'issue_comment_url': 'https://api.github.com/repos/microsoftgraph/msgraph-sdk-java-core/issues/comments{/number}', 'contents_url': 'https://api.github.com/repos/microsoftgraph/msgraph-sdk-java-core/contents/{+path}', 'compare_url': 'https://api.github.com/repos/microsoftgraph/msgraph-sdk-java-core/compare/{base}...{head}', 'merges_url': 'https://api.github.com/repos/microsoftgraph/msgraph-sdk-java-core/merges', 'archive_url': 'https://api.github.com/repos/microsoftgraph/msgraph-sdk-java-core/{archive_format}{/ref}', 'downloads_url': 'https://api.github.com/repos/microsoftgraph/msgraph-sdk-java-core/downloads', 'issues_url': 'https://api.github.com/repos/microsoftgraph/msgraph-sdk-java-core/issues{/number}', 'pulls_url': 'https://api.github.com/repos/microsoftgraph/msgraph-sdk-java-core/pulls{/number}', 'milestones_url': 'https://api.github.com/repos/microsoftgraph/msgraph-sdk-java-core/milestones{/number}', 'notifications_url': 'https://api.github.com/repos/microsoftgraph/msgraph-sdk-java-core/notifications{?since,all,participating}', 'labels_url': 'https://api.github.com/repos/microsoftgraph/msgraph-sdk-java-core/labels{/name}', 'releases_url': 'https://api.github.com/repos/microsoftgraph/msgraph-sdk-java-core/releases{/id}', 'deployments_url': 'https://api.github.com/repos/microsoftgraph/msgraph-sdk-java-core/deployments', 'created_at': '2018-10-25T03:53:47Z', 'updated_at': '2022-04-22T09:16:17Z', 'pushed_at': '2022-04-22T18:11:58Z', 'git_url': 'git://github.com/microsoftgraph/msgraph-sdk-java-core.git', 'ssh_url': 'git@github.com:microsoftgraph/msgraph-sdk-java-core.git', 'clone_url': 'https://github.com/microsoftgraph/msgraph-sdk-java-core.git', 'svn_url': 'https://github.com/microsoftgraph/msgraph-sdk-java-core', 'homepage': 'https://docs.microsoft.com/en-us/graph/sdks/sdks-overview', 'size': 1655, 'stargazers_count': 24, 'watchers_count': 24, 'language': 'Java', 'has_issues': True, 'has_projects': True, 'has_downloads': True, 'has_wiki': False, 'has_pages': False, 'forks_count': 22, 'mirror_url': None, 'archived': False, 'disabled': False, 'open_issues_count': 13, 'license': {'key': 'mit', 'name': 'MIT License', 'spdx_id': 'MIT', 'url': 'https://api.github.com/licenses/mit', 'node_id': 'MDc6TGljZW5zZTEz'}, 'allow_forking': True, 'is_template': False, 'topics': ['hacktoberfest', 'java', 'microsoft-graph', 'sdk'], 'visibility': 'public', 'forks': 22, 'open_issues': 13, 'watchers': 24, 'default_branch': 'dev'}}, '_links': {'self': {'href': 'https://api.github.com/repos/microsoftgraph/msgraph-sdk-java-core/pulls/496'}, 'html': {'href': 'https://github.com/microsoftgraph/msgraph-sdk-java-core/pull/496'}, 'issue': {'href': 'https://api.github.com/repos/microsoftgraph/msgraph-sdk-java-core/issues/496'}, 'comments': {'href': 'https://api.github.com/repos/microsoftgraph/msgraph-sdk-java-core/issues/496/comments'}, 'review_comments': {'href': 'https://api.github.com/repos/microsoftgraph/msgraph-sdk-java-core/pulls/496/comments'}, 'review_comment': {'href': 'https://api.github.com/repos/microsoftgraph/msgraph-sdk-java-core/pulls/comments{/number}'}, 'commits': {'href': 'https://api.github.com/repos/microsoftgraph/msgraph-sdk-java-core/pulls/496/commits'}, 'statuses': {'href': 'https://api.github.com/repos/microsoftgraph/msgraph-sdk-java-core/statuses/938c3866792833aabe7a0c5040748018a9031463'}}, 'author_association': 'CONTRIBUTOR', 'auto_merge': {'enabled_by': {'login': 'ramsessanchez', 'id': 63934382, 'node_id': 'MDQ6VXNlcjYzOTM0Mzgy', 'avatar_url': 'https://avatars.githubusercontent.com/u/63934382?v=4', 'gravatar_id': '', 'url': 'https://api.github.com/users/ramsessanchez', 'html_url': 'https://github.com/ramsessanchez', 'followers_url': 'https://api.github.com/users/ramsessanchez/followers', 'following_url': 'https://api.github.com/users/ramsessanchez/following{/other_user}', 'gists_url': 'https://api.github.com/users/ramsessanchez/gists{/gist_id}', 'starred_url': 'https://api.github.com/users/ramsessanchez/starred{/owner}{/repo}', 'subscriptions_url': 'https://api.github.com/users/ramsessanchez/subscriptions', 'organizations_url': 'https://api.github.com/users/ramsessanchez/orgs', 'repos_url': 'https://api.github.com/users/ramsessanchez/repos', 'events_url': 'https://api.github.com/users/ramsessanchez/events{/privacy}', 'received_events_url': 'https://api.github.com/users/ramsessanchez/received_events', 'type': 'User', 'site_admin': False}, 'merge_method': 'merge', 'commit_title': 'Merge pull request #496 from microsoftgraph/dev', 'commit_message': 'Core 2.0.12'}, 'active_lock_reason': None, 'merged': True, 'mergeable': None, 'rebaseable': None, 'mergeable_state': 'unknown', 'merged_by': {'login': 'ramsessanchez', 'id': 63934382, 'node_id': 'MDQ6VXNlcjYzOTM0Mzgy', 'avatar_url': 'https://avatars.githubusercontent.com/u/63934382?v=4', 'gravatar_id': '', 'url': 'https://api.github.com/users/ramsessanchez', 'html_url': 'https://github.com/ramsessanchez', 'followers_url': 'https://api.github.com/users/ramsessanchez/followers', 'following_url': 'https://api.github.com/users/ramsessanchez/following{/other_user}', 'gists_url': 'https://api.github.com/users/ramsessanchez/gists{/gist_id}', 'starred_url': 'https://api.github.com/users/ramsessanchez/starred{/owner}{/repo}', 'subscriptions_url': 'https://api.github.com/users/ramsessanchez/subscriptions', 'organizations_url': 'https://api.github.com/users/ramsessanchez/orgs', 'repos_url': 'https://api.github.com/users/ramsessanchez/repos', 'events_url': 'https://api.github.com/users/ramsessanchez/events{/privacy}', 'received_events_url': 'https://api.github.com/users/ramsessanchez/received_events', 'type': 'User', 'site_admin': False}, 'comments': 1, 'review_comments': 0, 'maintainer_can_modify': False, 'commits': 125, 'additions': 220, 'deletions': 76, 'changed_files': 33}}",closed,Java
21423219718,PushEvent,microsoftgraph/msgraph-sdk-java-core,0.0,2022-04-22T18:07:29Z,"{'push_id': 9695669759, 'size': 6, 'distinct_size': 6, 'ref': 'refs/heads/dev', 'head': '938c3866792833aabe7a0c5040748018a9031463', 'before': '734e96eb702dd63172135254e1055612b837a8b8', 'commits': [{'sha': 'f932521569636e9f4fd0de3c1b3112336610ab82', 'author': {'email': '63934382+ramsessanchez@users.noreply.github.com', 'name': 'ramsessanchez'}, 'message': 'Update CHANGELOG.md', 'distinct': True, 'url': 'https://api.github.com/repos/microsoftgraph/msgraph-sdk-java-core/commits/f932521569636e9f4fd0de3c1b3112336610ab82'}, {'sha': '8ed63d900fa4f53b2911378697a165be56c1c1a8', 'author': {'email': '63934382+ramsessanchez@users.noreply.github.com', 'name': 'ramsessanchez'}, 'message': 'Update gradle.properties', 'distinct': True, 'url': 'https://api.github.com/repos/microsoftgraph/msgraph-sdk-java-core/commits/8ed63d900fa4f53b2911378697a165be56c1c1a8'}, {'sha': '21e5da300c0815fd5481ae142ccb8988c3a410c6', 'author': {'email': '63934382+ramsessanchez@users.noreply.github.com', 'name': 'ramsessanchez'}, 'message': 'Update pom.xml', 'distinct': True, 'url': 'https://api.github.com/repos/microsoftgraph/msgraph-sdk-java-core/commits/21e5da300c0815fd5481ae142ccb8988c3a410c6'}, {'sha': 'a780082ff0efed19cc5ad4086f675a105c7f4e6d', 'author': {'email': '63934382+ramsessanchez@users.noreply.github.com', 'name': 'ramsessanchez'}, 'message': 'Update readme.md', 'distinct': True, 'url': 'https://api.github.com/repos/microsoftgraph/msgraph-sdk-java-core/commits/a780082ff0efed19cc5ad4086f675a105c7f4e6d'}, {'sha': '9abdec8a1edcb013e0883cb078da848abb4e1f2b', 'author': {'email': '63934382+ramsessanchez@users.noreply.github.com', 'name': 'ramsessanchez'}, 'message': 'Update TelemetryHandler.java', 'distinct': True, 'url': 'https://api.github.com/repos/microsoftgraph/msgraph-sdk-java-core/commits/9abdec8a1edcb013e0883cb078da848abb4e1f2b'}, {'sha': '938c3866792833aabe7a0c5040748018a9031463', 'author': {'email': '63934382+ramsessanchez@users.noreply.github.com', 'name': 'ramsessanchez'}, 'message': 'Merge pull request #497 from microsoftgraph/prep-for-2.0.12\n\nPrep for 2.0.12', 'distinct': True, 'url': 'https://api.github.com/repos/microsoftgraph/msgraph-sdk-java-core/commits/938c3866792833aabe7a0c5040748018a9031463'}]}",,Java
21423219619,DeleteEvent,microsoftgraph/msgraph-sdk-java-core,0.0,2022-04-22T18:07:28Z,"{'ref': 'prep-for-2.0.12', 'ref_type': 'branch', 'pusher_type': 'user'}",,Java
21423219417,PullRequestEvent,microsoftgraph/msgraph-sdk-java-core,0.0,2022-04-22T18:07:28Z,"{'action': 'closed', 'number': 497, 'pull_request': {'url': 'https://api.github.com/repos/microsoftgraph/msgraph-sdk-java-core/pulls/497', 'id': 916681093, 'node_id': 'PR_kwDOCTce4M42o3GF', 'html_url': 'https://github.com/microsoftgraph/msgraph-sdk-java-core/pull/497', 'diff_url': 'https://github.com/microsoftgraph/msgraph-sdk-java-core/pull/497.diff', 'patch_url': 'https://github.com/microsoftgraph/msgraph-sdk-java-core/pull/497.patch', 'issue_url': 'https://api.github.com/repos/microsoftgraph/msgraph-sdk-java-core/issues/497', 'number': 497, 'state': 'closed', 'locked': False, 'title': 'Prep for 2.0.12', 'user': {'login': 'ramsessanchez', 'id': 63934382, 'node_id': 'MDQ6VXNlcjYzOTM0Mzgy', 'avatar_url': 'https://avatars.githubusercontent.com/u/63934382?v=4', 'gravatar_id': '', 'url': 'https://api.github.com/users/ramsessanchez', 'html_url': 'https://github.com/ramsessanchez', 'followers_url': 'https://api.github.com/users/ramsessanchez/followers', 'following_url': 'https://api.github.com/users/ramsessanchez/following{/other_user}', 'gists_url': 'https://api.github.com/users/ramsessanchez/gists{/gist_id}', 'starred_url': 'https://api.github.com/users/ramsessanchez/starred{/owner}{/repo}', 'subscriptions_url': 'https://api.github.com/users/ramsessanchez/subscriptions', 'organizations_url': 'https://api.github.com/users/ramsessanchez/orgs', 'repos_url': 'https://api.github.com/users/ramsessanchez/repos', 'events_url': 'https://api.github.com/users/ramsessanchez/events{/privacy}', 'received_events_url': 'https://api.github.com/users/ramsessanchez/received_events', 'type': 'User', 'site_admin': False}, 'body': None, 'created_at': '2022-04-22T17:51:13Z', 'updated_at': '2022-04-22T18:07:27Z', 'closed_at': '2022-04-22T18:07:27Z', 'merged_at': '2022-04-22T18:07:27Z', 'merge_commit_sha': '938c3866792833aabe7a0c5040748018a9031463', 'assignee': None, 'assignees': [], 'requested_reviewers': [{'login': 'baywet', 'id': 7905502, 'node_id': 'MDQ6VXNlcjc5MDU1MDI=', 'avatar_url': 'https://avatars.githubusercontent.com/u/7905502?v=4', 'gravatar_id': '', 'url': 'https://api.github.com/users/baywet', 'html_url': 'https://github.com/baywet', 'followers_url': 'https://api.github.com/users/baywet/followers', 'following_url': 'https://api.github.com/users/baywet/following{/other_user}', 'gists_url': 'https://api.github.com/users/baywet/gists{/gist_id}', 'starred_url': 'https://api.github.com/users/baywet/starred{/owner}{/repo}', 'subscriptions_url': 'https://api.github.com/users/baywet/subscriptions', 'organizations_url': 'https://api.github.com/users/baywet/orgs', 'repos_url': 'https://api.github.com/users/baywet/repos', 'events_url': 'https://api.github.com/users/baywet/events{/privacy}', 'received_events_url': 'https://api.github.com/users/baywet/received_events', 'type': 'User', 'site_admin': False}, {'login': 'MIchaelMainer', 'id': 8527305, 'node_id': 'MDQ6VXNlcjg1MjczMDU=', 'avatar_url': 'https://avatars.githubusercontent.com/u/8527305?v=4', 'gravatar_id': '', 'url': 'https://api.github.com/users/MIchaelMainer', 'html_url': 'https://github.com/MIchaelMainer', 'followers_url': 'https://api.github.com/users/MIchaelMainer/followers', 'following_url': 'https://api.github.com/users/MIchaelMainer/following{/other_user}', 'gists_url': 'https://api.github.com/users/MIchaelMainer/gists{/gist_id}', 'starred_url': 'https://api.github.com/users/MIchaelMainer/starred{/owner}{/repo}', 'subscriptions_url': 'https://api.github.com/users/MIchaelMainer/subscriptions', 'organizations_url': 'https://api.github.com/users/MIchaelMainer/orgs', 'repos_url': 'https://api.github.com/users/MIchaelMainer/repos', 'events_url': 'https://api.github.com/users/MIchaelMainer/events{/privacy}', 'received_events_url': 'https://api.github.com/users/MIchaelMainer/received_events', 'type': 'User', 'site_admin': False}, {'login': 'ddyett', 'id': 20829981, 'node_id': 'MDQ6VXNlcjIwODI5OTgx', 'avatar_url': 'https://avatars.githubusercontent.com/u/20829981?v=4', 'gravatar_id': '', 'url': 'https://api.github.com/users/ddyett', 'html_url': 'https://github.com/ddyett', 'followers_url': 'https://api.github.com/users/ddyett/followers', 'following_url': 'https://api.github.com/users/ddyett/following{/other_user}', 'gists_url': 'https://api.github.com/users/ddyett/gists{/gist_id}', 'starred_url': 'https://api.github.com/users/ddyett/starred{/owner}{/repo}', 'subscriptions_url': 'https://api.github.com/users/ddyett/subscriptions', 'organizations_url': 'https://api.github.com/users/ddyett/orgs', 'repos_url': 'https://api.github.com/users/ddyett/repos', 'events_url': 'https://api.github.com/users/ddyett/events{/privacy}', 'received_events_url': 'https://api.github.com/users/ddyett/received_events', 'type': 'User', 'site_admin': False}, {'login': 'nikithauc', 'id': 23219007, 'node_id': 'MDQ6VXNlcjIzMjE5MDA3', 'avatar_url': 'https://avatars.githubusercontent.com/u/23219007?v=4', 'gravatar_id': '', 'url': 'https://api.github.com/users/nikithauc', 'html_url': 'https://github.com/nikithauc', 'followers_url': 'https://api.github.com/users/nikithauc/followers', 'following_url': 'https://api.github.com/users/nikithauc/following{/other_user}', 'gists_url': 'https://api.github.com/users/nikithauc/gists{/gist_id}', 'starred_url': 'https://api.github.com/users/nikithauc/starred{/owner}{/repo}', 'subscriptions_url': 'https://api.github.com/users/nikithauc/subscriptions', 'organizations_url': 'https://api.github.com/users/nikithauc/orgs', 'repos_url': 'https://api.github.com/users/nikithauc/repos', 'events_url': 'https://api.github.com/users/nikithauc/events{/privacy}', 'received_events_url': 'https://api.github.com/users/nikithauc/received_events', 'type': 'User', 'site_admin': False}], 'requested_teams': [], 'labels': [], 'milestone': None, 'draft': False, 'commits_url': 'https://api.github.com/repos/microsoftgraph/msgraph-sdk-java-core/pulls/497/commits', 'review_comments_url': 'https://api.github.com/repos/microsoftgraph/msgraph-sdk-java-core/pulls/497/comments', 'review_comment_url': 'https://api.github.com/repos/microsoftgraph/msgraph-sdk-java-core/pulls/comments{/number}', 'comments_url': 'https://api.github.com/repos/microsoftgraph/msgraph-sdk-java-core/issues/497/comments', 'statuses_url': 'https://api.github.com/repos/microsoftgraph/msgraph-sdk-java-core/statuses/9abdec8a1edcb013e0883cb078da848abb4e1f2b', 'head': {'label': 'microsoftgraph:prep-for-2.0.12', 'ref': 'prep-for-2.0.12', 'sha': '9abdec8a1edcb013e0883cb078da848abb4e1f2b', 'user': {'login': 'microsoftgraph', 'id': 17304259, 'node_id': 'MDEyOk9yZ2FuaXphdGlvbjE3MzA0MjU5', 'avatar_url': 'https://avatars.githubusercontent.com/u/17304259?v=4', 'gravatar_id': '', 'url': 'https://api.github.com/users/microsoftgraph', 'html_url': 'https://github.com/microsoftgraph', 'followers_url': 'https://api.github.com/users/microsoftgraph/followers', 'following_url': 'https://api.github.com/users/microsoftgraph/following{/other_user}', 'gists_url': 'https://api.github.com/users/microsoftgraph/gists{/gist_id}', 'starred_url': 'https://api.github.com/users/microsoftgraph/starred{/owner}{/repo}', 'subscriptions_url': 'https://api.github.com/users/microsoftgraph/subscriptions', 'organizations_url': 'https://api.github.com/users/microsoftgraph/orgs', 'repos_url': 'https://api.github.com/users/microsoftgraph/repos', 'events_url': 'https://api.github.com/users/microsoftgraph/events{/privacy}', 'received_events_url': 'https://api.github.com/users/microsoftgraph/received_events', 'type': 'Organization', 'site_admin': False}, 'repo': {'id': 154607328, 'node_id': 'MDEwOlJlcG9zaXRvcnkxNTQ2MDczMjg=', 'name': 'msgraph-sdk-java-core', 'full_name': 'microsoftgraph/msgraph-sdk-java-core', 'private': False, 'owner': {'login': 'microsoftgraph', 'id': 17304259, 'node_id': 'MDEyOk9yZ2FuaXphdGlvbjE3MzA0MjU5', 'avatar_url': 'https://avatars.githubusercontent.com/u/17304259?v=4', 'gravatar_id': '', 'url': 'https://api.github.com/users/microsoftgraph', 'html_url': 'https://github.com/microsoftgraph', 'followers_url': 'https://api.github.com/users/microsoftgraph/followers', 'following_url': 'https://api.github.com/users/microsoftgraph/following{/other_user}', 'gists_url': 'https://api.github.com/users/microsoftgraph/gists{/gist_id}', 'starred_url': 'https://api.github.com/users/microsoftgraph/starred{/owner}{/repo}', 'subscriptions_url': 'https://api.github.com/users/microsoftgraph/subscriptions', 'organizations_url': 'https://api.github.com/users/microsoftgraph/orgs', 'repos_url': 'https://api.github.com/users/microsoftgraph/repos', 'events_url': 'https://api.github.com/users/microsoftgraph/events{/privacy}', 'received_events_url': 'https://api.github.com/users/microsoftgraph/received_events', 'type': 'Organization', 'site_admin': False}, 'html_url': 'https://github.com/microsoftgraph/msgraph-sdk-java-core', 'description': 'Microsoft Graph SDK for Java - Core Library', 'fork': False, 'url': 'https://api.github.com/repos/microsoftgraph/msgraph-sdk-java-core', 'forks_url': 'https://api.github.com/repos/microsoftgraph/msgraph-sdk-java-core/forks', 'keys_url': 'https://api.github.com/repos/microsoftgraph/msgraph-sdk-java-core/keys{/key_id}', 'collaborators_url': 'https://api.github.com/repos/microsoftgraph/msgraph-sdk-java-core/collaborators{/collaborator}', 'teams_url': 'https://api.github.com/repos/microsoftgraph/msgraph-sdk-java-core/teams', 'hooks_url': 'https://api.github.com/repos/microsoftgraph/msgraph-sdk-java-core/hooks', 'issue_events_url': 'https://api.github.com/repos/microsoftgraph/msgraph-sdk-java-core/issues/events{/number}', 'events_url': 'https://api.github.com/repos/microsoftgraph/msgraph-sdk-java-core/events', 'assignees_url': 'https://api.github.com/repos/microsoftgraph/msgraph-sdk-java-core/assignees{/user}', 'branches_url': 'https://api.github.com/repos/microsoftgraph/msgraph-sdk-java-core/branches{/branch}', 'tags_url': 'https://api.github.com/repos/microsoftgraph/msgraph-sdk-java-core/tags', 'blobs_url': 'https://api.github.com/repos/microsoftgraph/msgraph-sdk-java-core/git/blobs{/sha}', 'git_tags_url': 'https://api.github.com/repos/microsoftgraph/msgraph-sdk-java-core/git/tags{/sha}', 'git_refs_url': 'https://api.github.com/repos/microsoftgraph/msgraph-sdk-java-core/git/refs{/sha}', 'trees_url': 'https://api.github.com/repos/microsoftgraph/msgraph-sdk-java-core/git/trees{/sha}', 'statuses_url': 'https://api.github.com/repos/microsoftgraph/msgraph-sdk-java-core/statuses/{sha}', 'languages_url': 'https://api.github.com/repos/microsoftgraph/msgraph-sdk-java-core/languages', 'stargazers_url': 'https://api.github.com/repos/microsoftgraph/msgraph-sdk-java-core/stargazers', 'contributors_url': 'https://api.github.com/repos/microsoftgraph/msgraph-sdk-java-core/contributors', 'subscribers_url': 'https://api.github.com/repos/microsoftgraph/msgraph-sdk-java-core/subscribers', 'subscription_url': 'https://api.github.com/repos/microsoftgraph/msgraph-sdk-java-core/subscription', 'commits_url': 'https://api.github.com/repos/microsoftgraph/msgraph-sdk-java-core/commits{/sha}', 'git_commits_url': 'https://api.github.com/repos/microsoftgraph/msgraph-sdk-java-core/git/commits{/sha}', 'comments_url': 'https://api.github.com/repos/microsoftgraph/msgraph-sdk-java-core/comments{/number}', 'issue_comment_url': 'https://api.github.com/repos/microsoftgraph/msgraph-sdk-java-core/issues/comments{/number}', 'contents_url': 'https://api.github.com/repos/microsoftgraph/msgraph-sdk-java-core/contents/{+path}', 'compare_url': 'https://api.github.com/repos/microsoftgraph/msgraph-sdk-java-core/compare/{base}...{head}', 'merges_url': 'https://api.github.com/repos/microsoftgraph/msgraph-sdk-java-core/merges', 'archive_url': 'https://api.github.com/repos/microsoftgraph/msgraph-sdk-java-core/{archive_format}{/ref}', 'downloads_url': 'https://api.github.com/repos/microsoftgraph/msgraph-sdk-java-core/downloads', 'issues_url': 'https://api.github.com/repos/microsoftgraph/msgraph-sdk-java-core/issues{/number}', 'pulls_url': 'https://api.github.com/repos/microsoftgraph/msgraph-sdk-java-core/pulls{/number}', 'milestones_url': 'https://api.github.com/repos/microsoftgraph/msgraph-sdk-java-core/milestones{/number}', 'notifications_url': 'https://api.github.com/repos/microsoftgraph/msgraph-sdk-java-core/notifications{?since,all,participating}', 'labels_url': 'https://api.github.com/repos/microsoftgraph/msgraph-sdk-java-core/labels{/name}', 'releases_url': 'https://api.github.com/repos/microsoftgraph/msgraph-sdk-java-core/releases{/id}', 'deployments_url': 'https://api.github.com/repos/microsoftgraph/msgraph-sdk-java-core/deployments', 'created_at': '2018-10-25T03:53:47Z', 'updated_at': '2022-04-22T09:16:17Z', 'pushed_at': '2022-04-22T18:07:26Z', 'git_url': 'git://github.com/microsoftgraph/msgraph-sdk-java-core.git', 'ssh_url': 'git@github.com:microsoftgraph/msgraph-sdk-java-core.git', 'clone_url': 'https://github.com/microsoftgraph/msgraph-sdk-java-core.git', 'svn_url': 'https://github.com/microsoftgraph/msgraph-sdk-java-core', 'homepage': 'https://docs.microsoft.com/en-us/graph/sdks/sdks-overview', 'size': 1655, 'stargazers_count': 24, 'watchers_count': 24, 'language': 'Java', 'has_issues': True, 'has_projects': True, 'has_downloads': True, 'has_wiki': False, 'has_pages': False, 'forks_count': 22, 'mirror_url': None, 'archived': False, 'disabled': False, 'open_issues_count': 14, 'license': {'key': 'mit', 'name': 'MIT License', 'spdx_id': 'MIT', 'url': 'https://api.github.com/licenses/mit', 'node_id': 'MDc6TGljZW5zZTEz'}, 'allow_forking': True, 'is_template': False, 'topics': ['hacktoberfest', 'java', 'microsoft-graph', 'sdk'], 'visibility': 'public', 'forks': 22, 'open_issues': 14, 'watchers': 24, 'default_branch': 'dev'}}, 'base': {'label': 'microsoftgraph:dev', 'ref': 'dev', 'sha': '734e96eb702dd63172135254e1055612b837a8b8', 'user': {'login': 'microsoftgraph', 'id': 17304259, 'node_id': 'MDEyOk9yZ2FuaXphdGlvbjE3MzA0MjU5', 'avatar_url': 'https://avatars.githubusercontent.com/u/17304259?v=4', 'gravatar_id': '', 'url': 'https://api.github.com/users/microsoftgraph', 'html_url': 'https://github.com/microsoftgraph', 'followers_url': 'https://api.github.com/users/microsoftgraph/followers', 'following_url': 'https://api.github.com/users/microsoftgraph/following{/other_user}', 'gists_url': 'https://api.github.com/users/microsoftgraph/gists{/gist_id}', 'starred_url': 'https://api.github.com/users/microsoftgraph/starred{/owner}{/repo}', 'subscriptions_url': 'https://api.github.com/users/microsoftgraph/subscriptions', 'organizations_url': 'https://api.github.com/users/microsoftgraph/orgs', 'repos_url': 'https://api.github.com/users/microsoftgraph/repos', 'events_url': 'https://api.github.com/users/microsoftgraph/events{/privacy}', 'received_events_url': 'https://api.github.com/users/microsoftgraph/received_events', 'type': 'Organization', 'site_admin': False}, 'repo': {'id': 154607328, 'node_id': 'MDEwOlJlcG9zaXRvcnkxNTQ2MDczMjg=', 'name': 'msgraph-sdk-java-core', 'full_name': 'microsoftgraph/msgraph-sdk-java-core', 'private': False, 'owner': {'login': 'microsoftgraph', 'id': 17304259, 'node_id': 'MDEyOk9yZ2FuaXphdGlvbjE3MzA0MjU5', 'avatar_url': 'https://avatars.githubusercontent.com/u/17304259?v=4', 'gravatar_id': '', 'url': 'https://api.github.com/users/microsoftgraph', 'html_url': 'https://github.com/microsoftgraph', 'followers_url': 'https://api.github.com/users/microsoftgraph/followers', 'following_url': 'https://api.github.com/users/microsoftgraph/following{/other_user}', 'gists_url': 'https://api.github.com/users/microsoftgraph/gists{/gist_id}', 'starred_url': 'https://api.github.com/users/microsoftgraph/starred{/owner}{/repo}', 'subscriptions_url': 'https://api.github.com/users/microsoftgraph/subscriptions', 'organizations_url': 'https://api.github.com/users/microsoftgraph/orgs', 'repos_url': 'https://api.github.com/users/microsoftgraph/repos', 'events_url': 'https://api.github.com/users/microsoftgraph/events{/privacy}', 'received_events_url': 'https://api.github.com/users/microsoftgraph/received_events', 'type': 'Organization', 'site_admin': False}, 'html_url': 'https://github.com/microsoftgraph/msgraph-sdk-java-core', 'description': 'Microsoft Graph SDK for Java - Core Library', 'fork': False, 'url': 'https://api.github.com/repos/microsoftgraph/msgraph-sdk-java-core', 'forks_url': 'https://api.github.com/repos/microsoftgraph/msgraph-sdk-java-core/forks', 'keys_url': 'https://api.github.com/repos/microsoftgraph/msgraph-sdk-java-core/keys{/key_id}', 'collaborators_url': 'https://api.github.com/repos/microsoftgraph/msgraph-sdk-java-core/collaborators{/collaborator}', 'teams_url': 'https://api.github.com/repos/microsoftgraph/msgraph-sdk-java-core/teams', 'hooks_url': 'https://api.github.com/repos/microsoftgraph/msgraph-sdk-java-core/hooks', 'issue_events_url': 'https://api.github.com/repos/microsoftgraph/msgraph-sdk-java-core/issues/events{/number}', 'events_url': 'https://api.github.com/repos/microsoftgraph/msgraph-sdk-java-core/events', 'assignees_url': 'https://api.github.com/repos/microsoftgraph/msgraph-sdk-java-core/assignees{/user}', 'branches_url': 'https://api.github.com/repos/microsoftgraph/msgraph-sdk-java-core/branches{/branch}', 'tags_url': 'https://api.github.com/repos/microsoftgraph/msgraph-sdk-java-core/tags', 'blobs_url': 'https://api.github.com/repos/microsoftgraph/msgraph-sdk-java-core/git/blobs{/sha}', 'git_tags_url': 'https://api.github.com/repos/microsoftgraph/msgraph-sdk-java-core/git/tags{/sha}', 'git_refs_url': 'https://api.github.com/repos/microsoftgraph/msgraph-sdk-java-core/git/refs{/sha}', 'trees_url': 'https://api.github.com/repos/microsoftgraph/msgraph-sdk-java-core/git/trees{/sha}', 'statuses_url': 'https://api.github.com/repos/microsoftgraph/msgraph-sdk-java-core/statuses/{sha}', 'languages_url': 'https://api.github.com/repos/microsoftgraph/msgraph-sdk-java-core/languages', 'stargazers_url': 'https://api.github.com/repos/microsoftgraph/msgraph-sdk-java-core/stargazers', 'contributors_url': 'https://api.github.com/repos/microsoftgraph/msgraph-sdk-java-core/contributors', 'subscribers_url': 'https://api.github.com/repos/microsoftgraph/msgraph-sdk-java-core/subscribers', 'subscription_url': 'https://api.github.com/repos/microsoftgraph/msgraph-sdk-java-core/subscription', 'commits_url': 'https://api.github.com/repos/microsoftgraph/msgraph-sdk-java-core/commits{/sha}', 'git_commits_url': 'https://api.github.com/repos/microsoftgraph/msgraph-sdk-java-core/git/commits{/sha}', 'comments_url': 'https://api.github.com/repos/microsoftgraph/msgraph-sdk-java-core/comments{/number}', 'issue_comment_url': 'https://api.github.com/repos/microsoftgraph/msgraph-sdk-java-core/issues/comments{/number}', 'contents_url': 'https://api.github.com/repos/microsoftgraph/msgraph-sdk-java-core/contents/{+path}', 'compare_url': 'https://api.github.com/repos/microsoftgraph/msgraph-sdk-java-core/compare/{base}...{head}', 'merges_url': 'https://api.github.com/repos/microsoftgraph/msgraph-sdk-java-core/merges', 'archive_url': 'https://api.github.com/repos/microsoftgraph/msgraph-sdk-java-core/{archive_format}{/ref}', 'downloads_url': 'https://api.github.com/repos/microsoftgraph/msgraph-sdk-java-core/downloads', 'issues_url': 'https://api.github.com/repos/microsoftgraph/msgraph-sdk-java-core/issues{/number}', 'pulls_url': 'https://api.github.com/repos/microsoftgraph/msgraph-sdk-java-core/pulls{/number}', 'milestones_url': 'https://api.github.com/repos/microsoftgraph/msgraph-sdk-java-core/milestones{/number}', 'notifications_url': 'https://api.github.com/repos/microsoftgraph/msgraph-sdk-java-core/notifications{?since,all,participating}', 'labels_url': 'https://api.github.com/repos/microsoftgraph/msgraph-sdk-java-core/labels{/name}', 'releases_url': 'https://api.github.com/repos/microsoftgraph/msgraph-sdk-java-core/releases{/id}', 'deployments_url': 'https://api.github.com/repos/microsoftgraph/msgraph-sdk-java-core/deployments', 'created_at': '2018-10-25T03:53:47Z', 'updated_at': '2022-04-22T09:16:17Z', 'pushed_at': '2022-04-22T18:07:26Z', 'git_url': 'git://github.com/microsoftgraph/msgraph-sdk-java-core.git', 'ssh_url': 'git@github.com:microsoftgraph/msgraph-sdk-java-core.git', 'clone_url': 'https://github.com/microsoftgraph/msgraph-sdk-java-core.git', 'svn_url': 'https://github.com/microsoftgraph/msgraph-sdk-java-core', 'homepage': 'https://docs.microsoft.com/en-us/graph/sdks/sdks-overview', 'size': 1655, 'stargazers_count': 24, 'watchers_count': 24, 'language': 'Java', 'has_issues': True, 'has_projects': True, 'has_downloads': True, 'has_wiki': False, 'has_pages': False, 'forks_count': 22, 'mirror_url': None, 'archived': False, 'disabled': False, 'open_issues_count': 14, 'license': {'key': 'mit', 'name': 'MIT License', 'spdx_id': 'MIT', 'url': 'https://api.github.com/licenses/mit', 'node_id': 'MDc6TGljZW5zZTEz'}, 'allow_forking': True, 'is_template': False, 'topics': ['hacktoberfest', 'java', 'microsoft-graph', 'sdk'], 'visibility': 'public', 'forks': 22, 'open_issues': 14, 'watchers': 24, 'default_branch': 'dev'}}, '_links': {'self': {'href': 'https://api.github.com/repos/microsoftgraph/msgraph-sdk-java-core/pulls/497'}, 'html': {'href': 'https://github.com/microsoftgraph/msgraph-sdk-java-core/pull/497'}, 'issue': {'href': 'https://api.github.com/repos/microsoftgraph/msgraph-sdk-java-core/issues/497'}, 'comments': {'href': 'https://api.github.com/repos/microsoftgraph/msgraph-sdk-java-core/issues/497/comments'}, 'review_comments': {'href': 'https://api.github.com/repos/microsoftgraph/msgraph-sdk-java-core/pulls/497/comments'}, 'review_comment': {'href': 'https://api.github.com/repos/microsoftgraph/msgraph-sdk-java-core/pulls/comments{/number}'}, 'commits': {'href': 'https://api.github.com/repos/microsoftgraph/msgraph-sdk-java-core/pulls/497/commits'}, 'statuses': {'href': 'https://api.github.com/repos/microsoftgraph/msgraph-sdk-java-core/statuses/9abdec8a1edcb013e0883cb078da848abb4e1f2b'}}, 'author_association': 'CONTRIBUTOR', 'auto_merge': {'enabled_by': {'login': 'ramsessanchez', 'id': 63934382, 'node_id': 'MDQ6VXNlcjYzOTM0Mzgy', 'avatar_url': 'https://avatars.githubusercontent.com/u/63934382?v=4', 'gravatar_id': '', 'url': 'https://api.github.com/users/ramsessanchez', 'html_url': 'https://github.com/ramsessanchez', 'followers_url': 'https://api.github.com/users/ramsessanchez/followers', 'following_url': 'https://api.github.com/users/ramsessanchez/following{/other_user}', 'gists_url': 'https://api.github.com/users/ramsessanchez/gists{/gist_id}', 'starred_url': 'https://api.github.com/users/ramsessanchez/starred{/owner}{/repo}', 'subscriptions_url': 'https://api.github.com/users/ramsessanchez/subscriptions', 'organizations_url': 'https://api.github.com/users/ramsessanchez/orgs', 'repos_url': 'https://api.github.com/users/ramsessanchez/repos', 'events_url': 'https://api.github.com/users/ramsessanchez/events{/privacy}', 'received_events_url': 'https://api.github.com/users/ramsessanchez/received_events', 'type': 'User', 'site_admin': False}, 'merge_method': 'merge', 'commit_title': 'Merge pull request #497 from microsoftgraph/prep-for-2.0.12', 'commit_message': 'Prep for 2.0.12'}, 'active_lock_reason': None, 'merged': True, 'mergeable': None, 'rebaseable': None, 'mergeable_state': 'unknown', 'merged_by': {'login': 'ramsessanchez', 'id': 63934382, 'node_id': 'MDQ6VXNlcjYzOTM0Mzgy', 'avatar_url': 'https://avatars.githubusercontent.com/u/63934382?v=4', 'gravatar_id': '', 'url': 'https://api.github.com/users/ramsessanchez', 'html_url': 'https://github.com/ramsessanchez', 'followers_url': 'https://api.github.com/users/ramsessanchez/followers', 'following_url': 'https://api.github.com/users/ramsessanchez/following{/other_user}', 'gists_url': 'https://api.github.com/users/ramsessanchez/gists{/gist_id}', 'starred_url': 'https://api.github.com/users/ramsessanchez/starred{/owner}{/repo}', 'subscriptions_url': 'https://api.github.com/users/ramsessanchez/subscriptions', 'organizations_url': 'https://api.github.com/users/ramsessanchez/orgs', 'repos_url': 'https://api.github.com/users/ramsessanchez/repos', 'events_url': 'https://api.github.com/users/ramsessanchez/events{/privacy}', 'received_events_url': 'https://api.github.com/users/ramsessanchez/received_events', 'type': 'User', 'site_admin': False}, 'comments': 1, 'review_comments': 0, 'maintainer_can_modify': False, 'commits': 5, 'additions': 29, 'deletions': 5, 'changed_files': 5}}",closed,Java
21423030187,PushEvent,microsoftgraph/msgraph-sdk-java-core,0.0,2022-04-22T17:53:43Z,"{'push_id': 9695574738, 'size': 1, 'distinct_size': 1, 'ref': 'refs/heads/prep-for-2.0.12', 'head': '9abdec8a1edcb013e0883cb078da848abb4e1f2b', 'before': 'a780082ff0efed19cc5ad4086f675a105c7f4e6d', 'commits': [{'sha': '9abdec8a1edcb013e0883cb078da848abb4e1f2b', 'author': {'email': '63934382+ramsessanchez@users.noreply.github.com', 'name': 'ramsessanchez'}, 'message': 'Update TelemetryHandler.java', 'distinct': True, 'url': 'https://api.github.com/repos/microsoftgraph/msgraph-sdk-java-core/commits/9abdec8a1edcb013e0883cb078da848abb4e1f2b'}]}",,Java
21423023317,PushEvent,microsoftgraph/msgraph-sdk-java-core,0.0,2022-04-22T17:53:14Z,"{'push_id': 9695571414, 'size': 1, 'distinct_size': 1, 'ref': 'refs/heads/prep-for-2.0.12', 'head': 'a780082ff0efed19cc5ad4086f675a105c7f4e6d', 'before': '21e5da300c0815fd5481ae142ccb8988c3a410c6', 'commits': [{'sha': 'a780082ff0efed19cc5ad4086f675a105c7f4e6d', 'author': {'email': '63934382+ramsessanchez@users.noreply.github.com', 'name': 'ramsessanchez'}, 'message': 'Update readme.md', 'distinct': True, 'url': 'https://api.github.com/repos/microsoftgraph/msgraph-sdk-java-core/commits/a780082ff0efed19cc5ad4086f675a105c7f4e6d'}]}",,Java
21423016051,PushEvent,microsoftgraph/msgraph-sdk-java-core,0.0,2022-04-22T17:52:42Z,"{'push_id': 9695567751, 'size': 1, 'distinct_size': 1, 'ref': 'refs/heads/prep-for-2.0.12', 'head': '21e5da300c0815fd5481ae142ccb8988c3a410c6', 'before': '8ed63d900fa4f53b2911378697a165be56c1c1a8', 'commits': [{'sha': '21e5da300c0815fd5481ae142ccb8988c3a410c6', 'author': {'email': '63934382+ramsessanchez@users.noreply.github.com', 'name': 'ramsessanchez'}, 'message': 'Update pom.xml', 'distinct': True, 'url': 'https://api.github.com/repos/microsoftgraph/msgraph-sdk-java-core/commits/21e5da300c0815fd5481ae142ccb8988c3a410c6'}]}",,Java
21423010664,PushEvent,microsoftgraph/msgraph-sdk-java-core,0.0,2022-04-22T17:52:20Z,"{'push_id': 9695565205, 'size': 1, 'distinct_size': 1, 'ref': 'refs/heads/prep-for-2.0.12', 'head': '8ed63d900fa4f53b2911378697a165be56c1c1a8', 'before': 'f932521569636e9f4fd0de3c1b3112336610ab82', 'commits': [{'sha': '8ed63d900fa4f53b2911378697a165be56c1c1a8', 'author': {'email': '63934382+ramsessanchez@users.noreply.github.com', 'name': 'ramsessanchez'}, 'message': 'Update gradle.properties', 'distinct': True, 'url': 'https://api.github.com/repos/microsoftgraph/msgraph-sdk-java-core/commits/8ed63d900fa4f53b2911378697a165be56c1c1a8'}]}",,Java
21422994764,PullRequestEvent,microsoftgraph/msgraph-sdk-java-core,0.0,2022-04-22T17:51:13Z,"{'action': 'opened', 'number': 497, 'pull_request': {'url': 'https://api.github.com/repos/microsoftgraph/msgraph-sdk-java-core/pulls/497', 'id': 916681093, 'node_id': 'PR_kwDOCTce4M42o3GF', 'html_url': 'https://github.com/microsoftgraph/msgraph-sdk-java-core/pull/497', 'diff_url': 'https://github.com/microsoftgraph/msgraph-sdk-java-core/pull/497.diff', 'patch_url': 'https://github.com/microsoftgraph/msgraph-sdk-java-core/pull/497.patch', 'issue_url': 'https://api.github.com/repos/microsoftgraph/msgraph-sdk-java-core/issues/497', 'number': 497, 'state': 'open', 'locked': False, 'title': 'Prep for 2.0.12', 'user': {'login': 'ramsessanchez', 'id': 63934382, 'node_id': 'MDQ6VXNlcjYzOTM0Mzgy', 'avatar_url': 'https://avatars.githubusercontent.com/u/63934382?v=4', 'gravatar_id': '', 'url': 'https://api.github.com/users/ramsessanchez', 'html_url': 'https://github.com/ramsessanchez', 'followers_url': 'https://api.github.com/users/ramsessanchez/followers', 'following_url': 'https://api.github.com/users/ramsessanchez/following{/other_user}', 'gists_url': 'https://api.github.com/users/ramsessanchez/gists{/gist_id}', 'starred_url': 'https://api.github.com/users/ramsessanchez/starred{/owner}{/repo}', 'subscriptions_url': 'https://api.github.com/users/ramsessanchez/subscriptions', 'organizations_url': 'https://api.github.com/users/ramsessanchez/orgs', 'repos_url': 'https://api.github.com/users/ramsessanchez/repos', 'events_url': 'https://api.github.com/users/ramsessanchez/events{/privacy}', 'received_events_url': 'https://api.github.com/users/ramsessanchez/received_events', 'type': 'User', 'site_admin': False}, 'body': None, 'created_at': '2022-04-22T17:51:13Z', 'updated_at': '2022-04-22T17:51:13Z', 'closed_at': None, 'merged_at': None, 'merge_commit_sha': None, 'assignee': None, 'assignees': [], 'requested_reviewers': [], 'requested_teams': [], 'labels': [], 'milestone': None, 'draft': False, 'commits_url': 'https://api.github.com/repos/microsoftgraph/msgraph-sdk-java-core/pulls/497/commits', 'review_comments_url': 'https://api.github.com/repos/microsoftgraph/msgraph-sdk-java-core/pulls/497/comments', 'review_comment_url': 'https://api.github.com/repos/microsoftgraph/msgraph-sdk-java-core/pulls/comments{/number}', 'comments_url': 'https://api.github.com/repos/microsoftgraph/msgraph-sdk-java-core/issues/497/comments', 'statuses_url': 'https://api.github.com/repos/microsoftgraph/msgraph-sdk-java-core/statuses/f932521569636e9f4fd0de3c1b3112336610ab82', 'head': {'label': 'microsoftgraph:prep-for-2.0.12', 'ref': 'prep-for-2.0.12', 'sha': 'f932521569636e9f4fd0de3c1b3112336610ab82', 'user': {'login': 'microsoftgraph', 'id': 17304259, 'node_id': 'MDEyOk9yZ2FuaXphdGlvbjE3MzA0MjU5', 'avatar_url': 'https://avatars.githubusercontent.com/u/17304259?v=4', 'gravatar_id': '', 'url': 'https://api.github.com/users/microsoftgraph', 'html_url': 'https://github.com/microsoftgraph', 'followers_url': 'https://api.github.com/users/microsoftgraph/followers', 'following_url': 'https://api.github.com/users/microsoftgraph/following{/other_user}', 'gists_url': 'https://api.github.com/users/microsoftgraph/gists{/gist_id}', 'starred_url': 'https://api.github.com/users/microsoftgraph/starred{/owner}{/repo}', 'subscriptions_url': 'https://api.github.com/users/microsoftgraph/subscriptions', 'organizations_url': 'https://api.github.com/users/microsoftgraph/orgs', 'repos_url': 'https://api.github.com/users/microsoftgraph/repos', 'events_url': 'https://api.github.com/users/microsoftgraph/events{/privacy}', 'received_events_url': 'https://api.github.com/users/microsoftgraph/received_events', 'type': 'Organization', 'site_admin': False}, 'repo': {'id': 154607328, 'node_id': 'MDEwOlJlcG9zaXRvcnkxNTQ2MDczMjg=', 'name': 'msgraph-sdk-java-core', 'full_name': 'microsoftgraph/msgraph-sdk-java-core', 'private': False, 'owner': {'login': 'microsoftgraph', 'id': 17304259, 'node_id': 'MDEyOk9yZ2FuaXphdGlvbjE3MzA0MjU5', 'avatar_url': 'https://avatars.githubusercontent.com/u/17304259?v=4', 'gravatar_id': '', 'url': 'https://api.github.com/users/microsoftgraph', 'html_url': 'https://github.com/microsoftgraph', 'followers_url': 'https://api.github.com/users/microsoftgraph/followers', 'following_url': 'https://api.github.com/users/microsoftgraph/following{/other_user}', 'gists_url': 'https://api.github.com/users/microsoftgraph/gists{/gist_id}', 'starred_url': 'https://api.github.com/users/microsoftgraph/starred{/owner}{/repo}', 'subscriptions_url': 'https://api.github.com/users/microsoftgraph/subscriptions', 'organizations_url': 'https://api.github.com/users/microsoftgraph/orgs', 'repos_url': 'https://api.github.com/users/microsoftgraph/repos', 'events_url': 'https://api.github.com/users/microsoftgraph/events{/privacy}', 'received_events_url': 'https://api.github.com/users/microsoftgraph/received_events', 'type': 'Organization', 'site_admin': False}, 'html_url': 'https://github.com/microsoftgraph/msgraph-sdk-java-core', 'description': 'Microsoft Graph SDK for Java - Core Library', 'fork': False, 'url': 'https://api.github.com/repos/microsoftgraph/msgraph-sdk-java-core', 'forks_url': 'https://api.github.com/repos/microsoftgraph/msgraph-sdk-java-core/forks', 'keys_url': 'https://api.github.com/repos/microsoftgraph/msgraph-sdk-java-core/keys{/key_id}', 'collaborators_url': 'https://api.github.com/repos/microsoftgraph/msgraph-sdk-java-core/collaborators{/collaborator}', 'teams_url': 'https://api.github.com/repos/microsoftgraph/msgraph-sdk-java-core/teams', 'hooks_url': 'https://api.github.com/repos/microsoftgraph/msgraph-sdk-java-core/hooks', 'issue_events_url': 'https://api.github.com/repos/microsoftgraph/msgraph-sdk-java-core/issues/events{/number}', 'events_url': 'https://api.github.com/repos/microsoftgraph/msgraph-sdk-java-core/events', 'assignees_url': 'https://api.github.com/repos/microsoftgraph/msgraph-sdk-java-core/assignees{/user}', 'branches_url': 'https://api.github.com/repos/microsoftgraph/msgraph-sdk-java-core/branches{/branch}', 'tags_url': 'https://api.github.com/repos/microsoftgraph/msgraph-sdk-java-core/tags', 'blobs_url': 'https://api.github.com/repos/microsoftgraph/msgraph-sdk-java-core/git/blobs{/sha}', 'git_tags_url': 'https://api.github.com/repos/microsoftgraph/msgraph-sdk-java-core/git/tags{/sha}', 'git_refs_url': 'https://api.github.com/repos/microsoftgraph/msgraph-sdk-java-core/git/refs{/sha}', 'trees_url': 'https://api.github.com/repos/microsoftgraph/msgraph-sdk-java-core/git/trees{/sha}', 'statuses_url': 'https://api.github.com/repos/microsoftgraph/msgraph-sdk-java-core/statuses/{sha}', 'languages_url': 'https://api.github.com/repos/microsoftgraph/msgraph-sdk-java-core/languages', 'stargazers_url': 'https://api.github.com/repos/microsoftgraph/msgraph-sdk-java-core/stargazers', 'contributors_url': 'https://api.github.com/repos/microsoftgraph/msgraph-sdk-java-core/contributors', 'subscribers_url': 'https://api.github.com/repos/microsoftgraph/msgraph-sdk-java-core/subscribers', 'subscription_url': 'https://api.github.com/repos/microsoftgraph/msgraph-sdk-java-core/subscription', 'commits_url': 'https://api.github.com/repos/microsoftgraph/msgraph-sdk-java-core/commits{/sha}', 'git_commits_url': 'https://api.github.com/repos/microsoftgraph/msgraph-sdk-java-core/git/commits{/sha}', 'comments_url': 'https://api.github.com/repos/microsoftgraph/msgraph-sdk-java-core/comments{/number}', 'issue_comment_url': 'https://api.github.com/repos/microsoftgraph/msgraph-sdk-java-core/issues/comments{/number}', 'contents_url': 'https://api.github.com/repos/microsoftgraph/msgraph-sdk-java-core/contents/{+path}', 'compare_url': 'https://api.github.com/repos/microsoftgraph/msgraph-sdk-java-core/compare/{base}...{head}', 'merges_url': 'https://api.github.com/repos/microsoftgraph/msgraph-sdk-java-core/merges', 'archive_url': 'https://api.github.com/repos/microsoftgraph/msgraph-sdk-java-core/{archive_format}{/ref}', 'downloads_url': 'https://api.github.com/repos/microsoftgraph/msgraph-sdk-java-core/downloads', 'issues_url': 'https://api.github.com/repos/microsoftgraph/msgraph-sdk-java-core/issues{/number}', 'pulls_url': 'https://api.github.com/repos/microsoftgraph/msgraph-sdk-java-core/pulls{/number}', 'milestones_url': 'https://api.github.com/repos/microsoftgraph/msgraph-sdk-java-core/milestones{/number}', 'notifications_url': 'https://api.github.com/repos/microsoftgraph/msgraph-sdk-java-core/notifications{?since,all,participating}', 'labels_url': 'https://api.github.com/repos/microsoftgraph/msgraph-sdk-java-core/labels{/name}', 'releases_url': 'https://api.github.com/repos/microsoftgraph/msgraph-sdk-java-core/releases{/id}', 'deployments_url': 'https://api.github.com/repos/microsoftgraph/msgraph-sdk-java-core/deployments', 'created_at': '2018-10-25T03:53:47Z', 'updated_at': '2022-04-22T09:16:17Z', 'pushed_at': '2022-04-22T17:51:00Z', 'git_url': 'git://github.com/microsoftgraph/msgraph-sdk-java-core.git', 'ssh_url': 'git@github.com:microsoftgraph/msgraph-sdk-java-core.git', 'clone_url': 'https://github.com/microsoftgraph/msgraph-sdk-java-core.git', 'svn_url': 'https://github.com/microsoftgraph/msgraph-sdk-java-core', 'homepage': 'https://docs.microsoft.com/en-us/graph/sdks/sdks-overview', 'size': 1638, 'stargazers_count': 24, 'watchers_count': 24, 'language': 'Java', 'has_issues': True, 'has_projects': True, 'has_downloads': True, 'has_wiki': False, 'has_pages': False, 'forks_count': 22, 'mirror_url': None, 'archived': False, 'disabled': False, 'open_issues_count': 15, 'license': {'key': 'mit', 'name': 'MIT License', 'spdx_id': 'MIT', 'url': 'https://api.github.com/licenses/mit', 'node_id': 'MDc6TGljZW5zZTEz'}, 'allow_forking': True, 'is_template': False, 'topics': ['hacktoberfest', 'java', 'microsoft-graph', 'sdk'], 'visibility': 'public', 'forks': 22, 'open_issues': 15, 'watchers': 24, 'default_branch': 'dev'}}, 'base': {'label': 'microsoftgraph:dev', 'ref': 'dev', 'sha': '734e96eb702dd63172135254e1055612b837a8b8', 'user': {'login': 'microsoftgraph', 'id': 17304259, 'node_id': 'MDEyOk9yZ2FuaXphdGlvbjE3MzA0MjU5', 'avatar_url': 'https://avatars.githubusercontent.com/u/17304259?v=4', 'gravatar_id': '', 'url': 'https://api.github.com/users/microsoftgraph', 'html_url': 'https://github.com/microsoftgraph', 'followers_url': 'https://api.github.com/users/microsoftgraph/followers', 'following_url': 'https://api.github.com/users/microsoftgraph/following{/other_user}', 'gists_url': 'https://api.github.com/users/microsoftgraph/gists{/gist_id}', 'starred_url': 'https://api.github.com/users/microsoftgraph/starred{/owner}{/repo}', 'subscriptions_url': 'https://api.github.com/users/microsoftgraph/subscriptions', 'organizations_url': 'https://api.github.com/users/microsoftgraph/orgs', 'repos_url': 'https://api.github.com/users/microsoftgraph/repos', 'events_url': 'https://api.github.com/users/microsoftgraph/events{/privacy}', 'received_events_url': 'https://api.github.com/users/microsoftgraph/received_events', 'type': 'Organization', 'site_admin': False}, 'repo': {'id': 154607328, 'node_id': 'MDEwOlJlcG9zaXRvcnkxNTQ2MDczMjg=', 'name': 'msgraph-sdk-java-core', 'full_name': 'microsoftgraph/msgraph-sdk-java-core', 'private': False, 'owner': {'login': 'microsoftgraph', 'id': 17304259, 'node_id': 'MDEyOk9yZ2FuaXphdGlvbjE3MzA0MjU5', 'avatar_url': 'https://avatars.githubusercontent.com/u/17304259?v=4', 'gravatar_id': '', 'url': 'https://api.github.com/users/microsoftgraph', 'html_url': 'https://github.com/microsoftgraph', 'followers_url': 'https://api.github.com/users/microsoftgraph/followers', 'following_url': 'https://api.github.com/users/microsoftgraph/following{/other_user}', 'gists_url': 'https://api.github.com/users/microsoftgraph/gists{/gist_id}', 'starred_url': 'https://api.github.com/users/microsoftgraph/starred{/owner}{/repo}', 'subscriptions_url': 'https://api.github.com/users/microsoftgraph/subscriptions', 'organizations_url': 'https://api.github.com/users/microsoftgraph/orgs', 'repos_url': 'https://api.github.com/users/microsoftgraph/repos', 'events_url': 'https://api.github.com/users/microsoftgraph/events{/privacy}', 'received_events_url': 'https://api.github.com/users/microsoftgraph/received_events', 'type': 'Organization', 'site_admin': False}, 'html_url': 'https://github.com/microsoftgraph/msgraph-sdk-java-core', 'description': 'Microsoft Graph SDK for Java - Core Library', 'fork': False, 'url': 'https://api.github.com/repos/microsoftgraph/msgraph-sdk-java-core', 'forks_url': 'https://api.github.com/repos/microsoftgraph/msgraph-sdk-java-core/forks', 'keys_url': 'https://api.github.com/repos/microsoftgraph/msgraph-sdk-java-core/keys{/key_id}', 'collaborators_url': 'https://api.github.com/repos/microsoftgraph/msgraph-sdk-java-core/collaborators{/collaborator}', 'teams_url': 'https://api.github.com/repos/microsoftgraph/msgraph-sdk-java-core/teams', 'hooks_url': 'https://api.github.com/repos/microsoftgraph/msgraph-sdk-java-core/hooks', 'issue_events_url': 'https://api.github.com/repos/microsoftgraph/msgraph-sdk-java-core/issues/events{/number}', 'events_url': 'https://api.github.com/repos/microsoftgraph/msgraph-sdk-java-core/events', 'assignees_url': 'https://api.github.com/repos/microsoftgraph/msgraph-sdk-java-core/assignees{/user}', 'branches_url': 'https://api.github.com/repos/microsoftgraph/msgraph-sdk-java-core/branches{/branch}', 'tags_url': 'https://api.github.com/repos/microsoftgraph/msgraph-sdk-java-core/tags', 'blobs_url': 'https://api.github.com/repos/microsoftgraph/msgraph-sdk-java-core/git/blobs{/sha}', 'git_tags_url': 'https://api.github.com/repos/microsoftgraph/msgraph-sdk-java-core/git/tags{/sha}', 'git_refs_url': 'https://api.github.com/repos/microsoftgraph/msgraph-sdk-java-core/git/refs{/sha}', 'trees_url': 'https://api.github.com/repos/microsoftgraph/msgraph-sdk-java-core/git/trees{/sha}', 'statuses_url': 'https://api.github.com/repos/microsoftgraph/msgraph-sdk-java-core/statuses/{sha}', 'languages_url': 'https://api.github.com/repos/microsoftgraph/msgraph-sdk-java-core/languages', 'stargazers_url': 'https://api.github.com/repos/microsoftgraph/msgraph-sdk-java-core/stargazers', 'contributors_url': 'https://api.github.com/repos/microsoftgraph/msgraph-sdk-java-core/contributors', 'subscribers_url': 'https://api.github.com/repos/microsoftgraph/msgraph-sdk-java-core/subscribers', 'subscription_url': 'https://api.github.com/repos/microsoftgraph/msgraph-sdk-java-core/subscription', 'commits_url': 'https://api.github.com/repos/microsoftgraph/msgraph-sdk-java-core/commits{/sha}', 'git_commits_url': 'https://api.github.com/repos/microsoftgraph/msgraph-sdk-java-core/git/commits{/sha}', 'comments_url': 'https://api.github.com/repos/microsoftgraph/msgraph-sdk-java-core/comments{/number}', 'issue_comment_url': 'https://api.github.com/repos/microsoftgraph/msgraph-sdk-java-core/issues/comments{/number}', 'contents_url': 'https://api.github.com/repos/microsoftgraph/msgraph-sdk-java-core/contents/{+path}', 'compare_url': 'https://api.github.com/repos/microsoftgraph/msgraph-sdk-java-core/compare/{base}...{head}', 'merges_url': 'https://api.github.com/repos/microsoftgraph/msgraph-sdk-java-core/merges', 'archive_url': 'https://api.github.com/repos/microsoftgraph/msgraph-sdk-java-core/{archive_format}{/ref}', 'downloads_url': 'https://api.github.com/repos/microsoftgraph/msgraph-sdk-java-core/downloads', 'issues_url': 'https://api.github.com/repos/microsoftgraph/msgraph-sdk-java-core/issues{/number}', 'pulls_url': 'https://api.github.com/repos/microsoftgraph/msgraph-sdk-java-core/pulls{/number}', 'milestones_url': 'https://api.github.com/repos/microsoftgraph/msgraph-sdk-java-core/milestones{/number}', 'notifications_url': 'https://api.github.com/repos/microsoftgraph/msgraph-sdk-java-core/notifications{?since,all,participating}', 'labels_url': 'https://api.github.com/repos/microsoftgraph/msgraph-sdk-java-core/labels{/name}', 'releases_url': 'https://api.github.com/repos/microsoftgraph/msgraph-sdk-java-core/releases{/id}', 'deployments_url': 'https://api.github.com/repos/microsoftgraph/msgraph-sdk-java-core/deployments', 'created_at': '2018-10-25T03:53:47Z', 'updated_at': '2022-04-22T09:16:17Z', 'pushed_at': '2022-04-22T17:51:00Z', 'git_url': 'git://github.com/microsoftgraph/msgraph-sdk-java-core.git', 'ssh_url': 'git@github.com:microsoftgraph/msgraph-sdk-java-core.git', 'clone_url': 'https://github.com/microsoftgraph/msgraph-sdk-java-core.git', 'svn_url': 'https://github.com/microsoftgraph/msgraph-sdk-java-core', 'homepage': 'https://docs.microsoft.com/en-us/graph/sdks/sdks-overview', 'size': 1638, 'stargazers_count': 24, 'watchers_count': 24, 'language': 'Java', 'has_issues': True, 'has_projects': True, 'has_downloads': True, 'has_wiki': False, 'has_pages': False, 'forks_count': 22, 'mirror_url': None, 'archived': False, 'disabled': False, 'open_issues_count': 15, 'license': {'key': 'mit', 'name': 'MIT License', 'spdx_id': 'MIT', 'url': 'https://api.github.com/licenses/mit', 'node_id': 'MDc6TGljZW5zZTEz'}, 'allow_forking': True, 'is_template': False, 'topics': ['hacktoberfest', 'java', 'microsoft-graph', 'sdk'], 'visibility': 'public', 'forks': 22, 'open_issues': 15, 'watchers': 24, 'default_branch': 'dev'}}, '_links': {'self': {'href': 'https://api.github.com/repos/microsoftgraph/msgraph-sdk-java-core/pulls/497'}, 'html': {'href': 'https://github.com/microsoftgraph/msgraph-sdk-java-core/pull/497'}, 'issue': {'href': 'https://api.github.com/repos/microsoftgraph/msgraph-sdk-java-core/issues/497'}, 'comments': {'href': 'https://api.github.com/repos/microsoftgraph/msgraph-sdk-java-core/issues/497/comments'}, 'review_comments': {'href': 'https://api.github.com/repos/microsoftgraph/msgraph-sdk-java-core/pulls/497/comments'}, 'review_comment': {'href': 'https://api.github.com/repos/microsoftgraph/msgraph-sdk-java-core/pulls/comments{/number}'}, 'commits': {'href': 'https://api.github.com/repos/microsoftgraph/msgraph-sdk-java-core/pulls/497/commits'}, 'statuses': {'href': 'https://api.github.com/repos/microsoftgraph/msgraph-sdk-java-core/statuses/f932521569636e9f4fd0de3c1b3112336610ab82'}}, 'author_association': 'CONTRIBUTOR', 'auto_merge': None, 'active_lock_reason': None, 'merged': False, 'mergeable': None, 'rebaseable': None, 'mergeable_state': 'unknown', 'merged_by': None, 'comments': 0, 'review_comments': 0, 'maintainer_can_modify': False, 'commits': 1, 'additions': 24, 'deletions': 0, 'changed_files': 1}}",opened,Java
21422991860,CreateEvent,microsoftgraph/msgraph-sdk-java-core,0.0,2022-04-22T17:51:01Z,"{'ref': 'prep-for-2.0.12', 'ref_type': 'branch', 'master_branch': 'dev', 'description': 'Microsoft Graph SDK for Java - Core Library', 'pusher_type': 'user'}",,Java
21422587519,IssueCommentEvent,microsoftgraph/msgraph-sdk-java-core,0.0,2022-04-22T17:22:28Z,"{'action': 'created', 'issue': {'url': 'https://api.github.com/repos/microsoftgraph/msgraph-sdk-java-core/issues/489', 'repository_url': 'https://api.github.com/repos/microsoftgraph/msgraph-sdk-java-core', 'labels_url': 'https://api.github.com/repos/microsoftgraph/msgraph-sdk-java-core/issues/489/labels{/name}', 'comments_url': 'https://api.github.com/repos/microsoftgraph/msgraph-sdk-java-core/issues/489/comments', 'events_url': 'https://api.github.com/repos/microsoftgraph/msgraph-sdk-java-core/issues/489/events', 'html_url': 'https://github.com/microsoftgraph/msgraph-sdk-java-core/issues/489', 'id': 1209427463, 'node_id': 'I_kwDOCTce4M5IFmYH', 'number': 489, 'title': 'Update sonar cloud workflow Java step', 'user': {'login': 'baywet', 'id': 7905502, 'node_id': 'MDQ6VXNlcjc5MDU1MDI=', 'avatar_url': 'https://avatars.githubusercontent.com/u/7905502?v=4', 'gravatar_id': '', 'url': 'https://api.github.com/users/baywet', 'html_url': 'https://github.com/baywet', 'followers_url': 'https://api.github.com/users/baywet/followers', 'following_url': 'https://api.github.com/users/baywet/following{/other_user}', 'gists_url': 'https://api.github.com/users/baywet/gists{/gist_id}', 'starred_url': 'https://api.github.com/users/baywet/starred{/owner}{/repo}', 'subscriptions_url': 'https://api.github.com/users/baywet/subscriptions', 'organizations_url': 'https://api.github.com/users/baywet/orgs', 'repos_url': 'https://api.github.com/users/baywet/repos', 'events_url': 'https://api.github.com/users/baywet/events{/privacy}', 'received_events_url': 'https://api.github.com/users/baywet/received_events', 'type': 'User', 'site_admin': False}, 'labels': [{'id': 1103717011, 'node_id': 'MDU6TGFiZWwxMTAzNzE3MDEx', 'url': 'https://api.github.com/repos/microsoftgraph/msgraph-sdk-java-core/labels/bug', 'name': 'bug', 'color': 'd73a4a', 'default': True, 'description': ""Something isn't working""}], 'state': 'closed', 'locked': False, 'assignee': {'login': 'ramsessanchez', 'id': 63934382, 'node_id': 'MDQ6VXNlcjYzOTM0Mzgy', 'avatar_url': 'https://avatars.githubusercontent.com/u/63934382?v=4', 'gravatar_id': '', 'url': 'https://api.github.com/users/ramsessanchez', 'html_url': 'https://github.com/ramsessanchez', 'followers_url': 'https://api.github.com/users/ramsessanchez/followers', 'following_url': 'https://api.github.com/users/ramsessanchez/following{/other_user}', 'gists_url': 'https://api.github.com/users/ramsessanchez/gists{/gist_id}', 'starred_url': 'https://api.github.com/users/ramsessanchez/starred{/owner}{/repo}', 'subscriptions_url': 'https://api.github.com/users/ramsessanchez/subscriptions', 'organizations_url': 'https://api.github.com/users/ramsessanchez/orgs', 'repos_url': 'https://api.github.com/users/ramsessanchez/repos', 'events_url': 'https://api.github.com/users/ramsessanchez/events{/privacy}', 'received_events_url': 'https://api.github.com/users/ramsessanchez/received_events', 'type': 'User', 'site_admin': False}, 'assignees': [{'login': 'ramsessanchez', 'id': 63934382, 'node_id': 'MDQ6VXNlcjYzOTM0Mzgy', 'avatar_url': 'https://avatars.githubusercontent.com/u/63934382?v=4', 'gravatar_id': '', 'url': 'https://api.github.com/users/ramsessanchez', 'html_url': 'https://github.com/ramsessanchez', 'followers_url': 'https://api.github.com/users/ramsessanchez/followers', 'following_url': 'https://api.github.com/users/ramsessanchez/following{/other_user}', 'gists_url': 'https://api.github.com/users/ramsessanchez/gists{/gist_id}', 'starred_url': 'https://api.github.com/users/ramsessanchez/starred{/owner}{/repo}', 'subscriptions_url': 'https://api.github.com/users/ramsessanchez/subscriptions', 'organizations_url': 'https://api.github.com/users/ramsessanchez/orgs', 'repos_url': 'https://api.github.com/users/ramsessanchez/repos', 'events_url': 'https://api.github.com/users/ramsessanchez/events{/privacy}', 'received_events_url': 'https://api.github.com/users/ramsessanchez/received_events', 'type': 'User', 'site_admin': False}], 'milestone': {'url': 'https://api.github.com/repos/microsoftgraph/msgraph-sdk-java-core/milestones/23', 'html_url': 'https://github.com/microsoftgraph/msgraph-sdk-java-core/milestone/23', 'labels_url': 'https://api.github.com/repos/microsoftgraph/msgraph-sdk-java-core/milestones/23/labels', 'id': 7642528, 'node_id': 'MI_kwDOCTce4M4AdJ2g', 'number': 23, 'title': '2.0.12', 'description': '', 'creator': {'login': 'baywet', 'id': 7905502, 'node_id': 'MDQ6VXNlcjc5MDU1MDI=', 'avatar_url': 'https://avatars.githubusercontent.com/u/7905502?v=4', 'gravatar_id': '', 'url': 'https://api.github.com/users/baywet', 'html_url': 'https://github.com/baywet', 'followers_url': 'https://api.github.com/users/baywet/followers', 'following_url': 'https://api.github.com/users/baywet/following{/other_user}', 'gists_url': 'https://api.github.com/users/baywet/gists{/gist_id}', 'starred_url': 'https://api.github.com/users/baywet/starred{/owner}{/repo}', 'subscriptions_url': 'https://api.github.com/users/baywet/subscriptions', 'organizations_url': 'https://api.github.com/users/baywet/orgs', 'repos_url': 'https://api.github.com/users/baywet/repos', 'events_url': 'https://api.github.com/users/baywet/events{/privacy}', 'received_events_url': 'https://api.github.com/users/baywet/received_events', 'type': 'User', 'site_admin': False}, 'open_issues': 0, 'closed_issues': 46, 'state': 'open', 'created_at': '2022-02-04T19:18:46Z', 'updated_at': '2022-04-22T17:22:03Z', 'due_on': None, 'closed_at': None}, 'comments': 0, 'created_at': '2022-04-20T09:33:56Z', 'updated_at': '2022-04-22T17:22:28Z', 'closed_at': '2022-04-22T17:22:02Z', 'author_association': 'MEMBER', 'active_lock_reason': None, 'body': ""I've noticed that since we upgraded to v3 the workflow keeps falling, we're missing the mandatory distribuons paramètre.\nI believe we have that parameter on the regular ci cd workflow.\nJust adding it should fix the problem.\nhttps://github.com/microsoftgraph/msgraph-sdk-java-core/runs/6092285228?check_suite_focus=true"", 'reactions': {'url': 'https://api.github.com/repos/microsoftgraph/msgraph-sdk-java-core/issues/489/reactions', 'total_count': 0, '+1': 0, '-1': 0, 'laugh': 0, 'hooray': 0, 'confused': 0, 'heart': 0, 'rocket': 0, 'eyes': 0}, 'timeline_url': 'https://api.github.com/repos/microsoftgraph/msgraph-sdk-java-core/issues/489/timeline', 'performed_via_github_app': None}, 'comment': {'url': 'https://api.github.com/repos/microsoftgraph/msgraph-sdk-java-core/issues/comments/1106713725', 'html_url': 'https://github.com/microsoftgraph/msgraph-sdk-java-core/issues/489#issuecomment-1106713725', 'issue_url': 'https://api.github.com/repos/microsoftgraph/msgraph-sdk-java-core/issues/489', 'id': 1106713725, 'node_id': 'IC_kwDOCTce4M5B9xx9', 'user': {'login': 'ramsessanchez', 'id': 63934382, 'node_id': 'MDQ6VXNlcjYzOTM0Mzgy', 'avatar_url': 'https://avatars.githubusercontent.com/u/63934382?v=4', 'gravatar_id': '', 'url': 'https://api.github.com/users/ramsessanchez', 'html_url': 'https://github.com/ramsessanchez', 'followers_url': 'https://api.github.com/users/ramsessanchez/followers', 'following_url': 'https://api.github.com/users/ramsessanchez/following{/other_user}', 'gists_url': 'https://api.github.com/users/ramsessanchez/gists{/gist_id}', 'starred_url': 'https://api.github.com/users/ramsessanchez/starred{/owner}{/repo}', 'subscriptions_url': 'https://api.github.com/users/ramsessanchez/subscriptions', 'organizations_url': 'https://api.github.com/users/ramsessanchez/orgs', 'repos_url': 'https://api.github.com/users/ramsessanchez/repos', 'events_url': 'https://api.github.com/users/ramsessanchez/events{/privacy}', 'received_events_url': 'https://api.github.com/users/ramsessanchez/received_events', 'type': 'User', 'site_admin': False}, 'created_at': '2022-04-22T17:22:27Z', 'updated_at': '2022-04-22T17:22:27Z', 'author_association': 'CONTRIBUTOR', 'body': 'https://github.com/microsoftgraph/msgraph-sdk-java-core/pull/495', 'reactions': {'url': 'https://api.github.com/repos/microsoftgraph/msgraph-sdk-java-core/issues/comments/1106713725/reactions', 'total_count': 0, '+1': 0, '-1': 0, 'laugh': 0, 'hooray': 0, 'confused': 0, 'heart': 0, 'rocket': 0, 'eyes': 0}, 'performed_via_github_app': None}}",created,Java
21422581733,IssuesEvent,microsoftgraph/msgraph-sdk-java-core,0.0,2022-04-22T17:22:03Z,"{'action': 'closed', 'issue': {'url': 'https://api.github.com/repos/microsoftgraph/msgraph-sdk-java-core/issues/489', 'repository_url': 'https://api.github.com/repos/microsoftgraph/msgraph-sdk-java-core', 'labels_url': 'https://api.github.com/repos/microsoftgraph/msgraph-sdk-java-core/issues/489/labels{/name}', 'comments_url': 'https://api.github.com/repos/microsoftgraph/msgraph-sdk-java-core/issues/489/comments', 'events_url': 'https://api.github.com/repos/microsoftgraph/msgraph-sdk-java-core/issues/489/events', 'html_url': 'https://github.com/microsoftgraph/msgraph-sdk-java-core/issues/489', 'id': 1209427463, 'node_id': 'I_kwDOCTce4M5IFmYH', 'number': 489, 'title': 'Update sonar cloud workflow Java step', 'user': {'login': 'baywet', 'id': 7905502, 'node_id': 'MDQ6VXNlcjc5MDU1MDI=', 'avatar_url': 'https://avatars.githubusercontent.com/u/7905502?v=4', 'gravatar_id': '', 'url': 'https://api.github.com/users/baywet', 'html_url': 'https://github.com/baywet', 'followers_url': 'https://api.github.com/users/baywet/followers', 'following_url': 'https://api.github.com/users/baywet/following{/other_user}', 'gists_url': 'https://api.github.com/users/baywet/gists{/gist_id}', 'starred_url': 'https://api.github.com/users/baywet/starred{/owner}{/repo}', 'subscriptions_url': 'https://api.github.com/users/baywet/subscriptions', 'organizations_url': 'https://api.github.com/users/baywet/orgs', 'repos_url': 'https://api.github.com/users/baywet/repos', 'events_url': 'https://api.github.com/users/baywet/events{/privacy}', 'received_events_url': 'https://api.github.com/users/baywet/received_events', 'type': 'User', 'site_admin': False}, 'labels': [{'id': 1103717011, 'node_id': 'MDU6TGFiZWwxMTAzNzE3MDEx', 'url': 'https://api.github.com/repos/microsoftgraph/msgraph-sdk-java-core/labels/bug', 'name': 'bug', 'color': 'd73a4a', 'default': True, 'description': ""Something isn't working""}], 'state': 'closed', 'locked': False, 'assignee': {'login': 'ramsessanchez', 'id': 63934382, 'node_id': 'MDQ6VXNlcjYzOTM0Mzgy', 'avatar_url': 'https://avatars.githubusercontent.com/u/63934382?v=4', 'gravatar_id': '', 'url': 'https://api.github.com/users/ramsessanchez', 'html_url': 'https://github.com/ramsessanchez', 'followers_url': 'https://api.github.com/users/ramsessanchez/followers', 'following_url': 'https://api.github.com/users/ramsessanchez/following{/other_user}', 'gists_url': 'https://api.github.com/users/ramsessanchez/gists{/gist_id}', 'starred_url': 'https://api.github.com/users/ramsessanchez/starred{/owner}{/repo}', 'subscriptions_url': 'https://api.github.com/users/ramsessanchez/subscriptions', 'organizations_url': 'https://api.github.com/users/ramsessanchez/orgs', 'repos_url': 'https://api.github.com/users/ramsessanchez/repos', 'events_url': 'https://api.github.com/users/ramsessanchez/events{/privacy}', 'received_events_url': 'https://api.github.com/users/ramsessanchez/received_events', 'type': 'User', 'site_admin': False}, 'assignees': [{'login': 'ramsessanchez', 'id': 63934382, 'node_id': 'MDQ6VXNlcjYzOTM0Mzgy', 'avatar_url': 'https://avatars.githubusercontent.com/u/63934382?v=4', 'gravatar_id': '', 'url': 'https://api.github.com/users/ramsessanchez', 'html_url': 'https://github.com/ramsessanchez', 'followers_url': 'https://api.github.com/users/ramsessanchez/followers', 'following_url': 'https://api.github.com/users/ramsessanchez/following{/other_user}', 'gists_url': 'https://api.github.com/users/ramsessanchez/gists{/gist_id}', 'starred_url': 'https://api.github.com/users/ramsessanchez/starred{/owner}{/repo}', 'subscriptions_url': 'https://api.github.com/users/ramsessanchez/subscriptions', 'organizations_url': 'https://api.github.com/users/ramsessanchez/orgs', 'repos_url': 'https://api.github.com/users/ramsessanchez/repos', 'events_url': 'https://api.github.com/users/ramsessanchez/events{/privacy}', 'received_events_url': 'https://api.github.com/users/ramsessanchez/received_events', 'type': 'User', 'site_admin': False}], 'milestone': {'url': 'https://api.github.com/repos/microsoftgraph/msgraph-sdk-java-core/milestones/23', 'html_url': 'https://github.com/microsoftgraph/msgraph-sdk-java-core/milestone/23', 'labels_url': 'https://api.github.com/repos/microsoftgraph/msgraph-sdk-java-core/milestones/23/labels', 'id': 7642528, 'node_id': 'MI_kwDOCTce4M4AdJ2g', 'number': 23, 'title': '2.0.12', 'description': '', 'creator': {'login': 'baywet', 'id': 7905502, 'node_id': 'MDQ6VXNlcjc5MDU1MDI=', 'avatar_url': 'https://avatars.githubusercontent.com/u/7905502?v=4', 'gravatar_id': '', 'url': 'https://api.github.com/users/baywet', 'html_url': 'https://github.com/baywet', 'followers_url': 'https://api.github.com/users/baywet/followers', 'following_url': 'https://api.github.com/users/baywet/following{/other_user}', 'gists_url': 'https://api.github.com/users/baywet/gists{/gist_id}', 'starred_url': 'https://api.github.com/users/baywet/starred{/owner}{/repo}', 'subscriptions_url': 'https://api.github.com/users/baywet/subscriptions', 'organizations_url': 'https://api.github.com/users/baywet/orgs', 'repos_url': 'https://api.github.com/users/baywet/repos', 'events_url': 'https://api.github.com/users/baywet/events{/privacy}', 'received_events_url': 'https://api.github.com/users/baywet/received_events', 'type': 'User', 'site_admin': False}, 'open_issues': 0, 'closed_issues': 46, 'state': 'open', 'created_at': '2022-02-04T19:18:46Z', 'updated_at': '2022-04-22T17:22:03Z', 'due_on': None, 'closed_at': None}, 'comments': 0, 'created_at': '2022-04-20T09:33:56Z', 'updated_at': '2022-04-22T17:22:02Z', 'closed_at': '2022-04-22T17:22:02Z', 'author_association': 'MEMBER', 'active_lock_reason': None, 'body': ""I've noticed that since we upgraded to v3 the workflow keeps falling, we're missing the mandatory distribuons paramètre.\nI believe we have that parameter on the regular ci cd workflow.\nJust adding it should fix the problem.\nhttps://github.com/microsoftgraph/msgraph-sdk-java-core/runs/6092285228?check_suite_focus=true"", 'reactions': {'url': 'https://api.github.com/repos/microsoftgraph/msgraph-sdk-java-core/issues/489/reactions', 'total_count': 0, '+1': 0, '-1': 0, 'laugh': 0, 'hooray': 0, 'confused': 0, 'heart': 0, 'rocket': 0, 'eyes': 0}, 'timeline_url': 'https://api.github.com/repos/microsoftgraph/msgraph-sdk-java-core/issues/489/timeline', 'performed_via_github_app': None}}",closed,Java
21422556948,PullRequestEvent,microsoftgraph/msgraph-sdk-java-core,0.0,2022-04-22T17:20:19Z,"{'action': 'opened', 'number': 496, 'pull_request': {'url': 'https://api.github.com/repos/microsoftgraph/msgraph-sdk-java-core/pulls/496', 'id': 916659340, 'node_id': 'PR_kwDOCTce4M42oxyM', 'html_url': 'https://github.com/microsoftgraph/msgraph-sdk-java-core/pull/496', 'diff_url': 'https://github.com/microsoftgraph/msgraph-sdk-java-core/pull/496.diff', 'patch_url': 'https://github.com/microsoftgraph/msgraph-sdk-java-core/pull/496.patch', 'issue_url': 'https://api.github.com/repos/microsoftgraph/msgraph-sdk-java-core/issues/496', 'number': 496, 'state': 'open', 'locked': False, 'title': 'Core 2.0.12', 'user': {'login': 'ramsessanchez', 'id': 63934382, 'node_id': 'MDQ6VXNlcjYzOTM0Mzgy', 'avatar_url': 'https://avatars.githubusercontent.com/u/63934382?v=4', 'gravatar_id': '', 'url': 'https://api.github.com/users/ramsessanchez', 'html_url': 'https://github.com/ramsessanchez', 'followers_url': 'https://api.github.com/users/ramsessanchez/followers', 'following_url': 'https://api.github.com/users/ramsessanchez/following{/other_user}', 'gists_url': 'https://api.github.com/users/ramsessanchez/gists{/gist_id}', 'starred_url': 'https://api.github.com/users/ramsessanchez/starred{/owner}{/repo}', 'subscriptions_url': 'https://api.github.com/users/ramsessanchez/subscriptions', 'organizations_url': 'https://api.github.com/users/ramsessanchez/orgs', 'repos_url': 'https://api.github.com/users/ramsessanchez/repos', 'events_url': 'https://api.github.com/users/ramsessanchez/events{/privacy}', 'received_events_url': 'https://api.github.com/users/ramsessanchez/received_events', 'type': 'User', 'site_admin': False}, 'body': 'Preping Core 2.0.12\r\n\r\n', 'created_at': '2022-04-22T17:20:19Z', 'updated_at': '2022-04-22T17:20:19Z', 'closed_at': None, 'merged_at': None, 'merge_commit_sha': None, 'assignee': None, 'assignees': [], 'requested_reviewers': [], 'requested_teams': [], 'labels': [], 'milestone': None, 'draft': True, 'commits_url': 'https://api.github.com/repos/microsoftgraph/msgraph-sdk-java-core/pulls/496/commits', 'review_comments_url': 'https://api.github.com/repos/microsoftgraph/msgraph-sdk-java-core/pulls/496/comments', 'review_comment_url': 'https://api.github.com/repos/microsoftgraph/msgraph-sdk-java-core/pulls/comments{/number}', 'comments_url': 'https://api.github.com/repos/microsoftgraph/msgraph-sdk-java-core/issues/496/comments', 'statuses_url': 'https://api.github.com/repos/microsoftgraph/msgraph-sdk-java-core/statuses/734e96eb702dd63172135254e1055612b837a8b8', 'head': {'label': 'microsoftgraph:dev', 'ref': 'dev', 'sha': '734e96eb702dd63172135254e1055612b837a8b8', 'user': {'login': 'microsoftgraph', 'id': 17304259, 'node_id': 'MDEyOk9yZ2FuaXphdGlvbjE3MzA0MjU5', 'avatar_url': 'https://avatars.githubusercontent.com/u/17304259?v=4', 'gravatar_id': '', 'url': 'https://api.github.com/users/microsoftgraph', 'html_url': 'https://github.com/microsoftgraph', 'followers_url': 'https://api.github.com/users/microsoftgraph/followers', 'following_url': 'https://api.github.com/users/microsoftgraph/following{/other_user}', 'gists_url': 'https://api.github.com/users/microsoftgraph/gists{/gist_id}', 'starred_url': 'https://api.github.com/users/microsoftgraph/starred{/owner}{/repo}', 'subscriptions_url': 'https://api.github.com/users/microsoftgraph/subscriptions', 'organizations_url': 'https://api.github.com/users/microsoftgraph/orgs', 'repos_url': 'https://api.github.com/users/microsoftgraph/repos', 'events_url': 'https://api.github.com/users/microsoftgraph/events{/privacy}', 'received_events_url': 'https://api.github.com/users/microsoftgraph/received_events', 'type': 'Organization', 'site_admin': False}, 'repo': {'id': 154607328, 'node_id': 'MDEwOlJlcG9zaXRvcnkxNTQ2MDczMjg=', 'name': 'msgraph-sdk-java-core', 'full_name': 'microsoftgraph/msgraph-sdk-java-core', 'private': False, 'owner': {'login': 'microsoftgraph', 'id': 17304259, 'node_id': 'MDEyOk9yZ2FuaXphdGlvbjE3MzA0MjU5', 'avatar_url': 'https://avatars.githubusercontent.com/u/17304259?v=4', 'gravatar_id': '', 'url': 'https://api.github.com/users/microsoftgraph', 'html_url': 'https://github.com/microsoftgraph', 'followers_url': 'https://api.github.com/users/microsoftgraph/followers', 'following_url': 'https://api.github.com/users/microsoftgraph/following{/other_user}', 'gists_url': 'https://api.github.com/users/microsoftgraph/gists{/gist_id}', 'starred_url': 'https://api.github.com/users/microsoftgraph/starred{/owner}{/repo}', 'subscriptions_url': 'https://api.github.com/users/microsoftgraph/subscriptions', 'organizations_url': 'https://api.github.com/users/microsoftgraph/orgs', 'repos_url': 'https://api.github.com/users/microsoftgraph/repos', 'events_url': 'https://api.github.com/users/microsoftgraph/events{/privacy}', 'received_events_url': 'https://api.github.com/users/microsoftgraph/received_events', 'type': 'Organization', 'site_admin': False}, 'html_url': 'https://github.com/microsoftgraph/msgraph-sdk-java-core', 'description': 'Microsoft Graph SDK for Java - Core Library', 'fork': False, 'url': 'https://api.github.com/repos/microsoftgraph/msgraph-sdk-java-core', 'forks_url': 'https://api.github.com/repos/microsoftgraph/msgraph-sdk-java-core/forks', 'keys_url': 'https://api.github.com/repos/microsoftgraph/msgraph-sdk-java-core/keys{/key_id}', 'collaborators_url': 'https://api.github.com/repos/microsoftgraph/msgraph-sdk-java-core/collaborators{/collaborator}', 'teams_url': 'https://api.github.com/repos/microsoftgraph/msgraph-sdk-java-core/teams', 'hooks_url': 'https://api.github.com/repos/microsoftgraph/msgraph-sdk-java-core/hooks', 'issue_events_url': 'https://api.github.com/repos/microsoftgraph/msgraph-sdk-java-core/issues/events{/number}', 'events_url': 'https://api.github.com/repos/microsoftgraph/msgraph-sdk-java-core/events', 'assignees_url': 'https://api.github.com/repos/microsoftgraph/msgraph-sdk-java-core/assignees{/user}', 'branches_url': 'https://api.github.com/repos/microsoftgraph/msgraph-sdk-java-core/branches{/branch}', 'tags_url': 'https://api.github.com/repos/microsoftgraph/msgraph-sdk-java-core/tags', 'blobs_url': 'https://api.github.com/repos/microsoftgraph/msgraph-sdk-java-core/git/blobs{/sha}', 'git_tags_url': 'https://api.github.com/repos/microsoftgraph/msgraph-sdk-java-core/git/tags{/sha}', 'git_refs_url': 'https://api.github.com/repos/microsoftgraph/msgraph-sdk-java-core/git/refs{/sha}', 'trees_url': 'https://api.github.com/repos/microsoftgraph/msgraph-sdk-java-core/git/trees{/sha}', 'statuses_url': 'https://api.github.com/repos/microsoftgraph/msgraph-sdk-java-core/statuses/{sha}', 'languages_url': 'https://api.github.com/repos/microsoftgraph/msgraph-sdk-java-core/languages', 'stargazers_url': 'https://api.github.com/repos/microsoftgraph/msgraph-sdk-java-core/stargazers', 'contributors_url': 'https://api.github.com/repos/microsoftgraph/msgraph-sdk-java-core/contributors', 'subscribers_url': 'https://api.github.com/repos/microsoftgraph/msgraph-sdk-java-core/subscribers', 'subscription_url': 'https://api.github.com/repos/microsoftgraph/msgraph-sdk-java-core/subscription', 'commits_url': 'https://api.github.com/repos/microsoftgraph/msgraph-sdk-java-core/commits{/sha}', 'git_commits_url': 'https://api.github.com/repos/microsoftgraph/msgraph-sdk-java-core/git/commits{/sha}', 'comments_url': 'https://api.github.com/repos/microsoftgraph/msgraph-sdk-java-core/comments{/number}', 'issue_comment_url': 'https://api.github.com/repos/microsoftgraph/msgraph-sdk-java-core/issues/comments{/number}', 'contents_url': 'https://api.github.com/repos/microsoftgraph/msgraph-sdk-java-core/contents/{+path}', 'compare_url': 'https://api.github.com/repos/microsoftgraph/msgraph-sdk-java-core/compare/{base}...{head}', 'merges_url': 'https://api.github.com/repos/microsoftgraph/msgraph-sdk-java-core/merges', 'archive_url': 'https://api.github.com/repos/microsoftgraph/msgraph-sdk-java-core/{archive_format}{/ref}', 'downloads_url': 'https://api.github.com/repos/microsoftgraph/msgraph-sdk-java-core/downloads', 'issues_url': 'https://api.github.com/repos/microsoftgraph/msgraph-sdk-java-core/issues{/number}', 'pulls_url': 'https://api.github.com/repos/microsoftgraph/msgraph-sdk-java-core/pulls{/number}', 'milestones_url': 'https://api.github.com/repos/microsoftgraph/msgraph-sdk-java-core/milestones{/number}', 'notifications_url': 'https://api.github.com/repos/microsoftgraph/msgraph-sdk-java-core/notifications{?since,all,participating}', 'labels_url': 'https://api.github.com/repos/microsoftgraph/msgraph-sdk-java-core/labels{/name}', 'releases_url': 'https://api.github.com/repos/microsoftgraph/msgraph-sdk-java-core/releases{/id}', 'deployments_url': 'https://api.github.com/repos/microsoftgraph/msgraph-sdk-java-core/deployments', 'created_at': '2018-10-25T03:53:47Z', 'updated_at': '2022-04-22T09:16:17Z', 'pushed_at': '2022-04-22T17:19:01Z', 'git_url': 'git://github.com/microsoftgraph/msgraph-sdk-java-core.git', 'ssh_url': 'git@github.com:microsoftgraph/msgraph-sdk-java-core.git', 'clone_url': 'https://github.com/microsoftgraph/msgraph-sdk-java-core.git', 'svn_url': 'https://github.com/microsoftgraph/msgraph-sdk-java-core', 'homepage': 'https://docs.microsoft.com/en-us/graph/sdks/sdks-overview', 'size': 1638, 'stargazers_count': 24, 'watchers_count': 24, 'language': 'Java', 'has_issues': True, 'has_projects': True, 'has_downloads': True, 'has_wiki': False, 'has_pages': False, 'forks_count': 22, 'mirror_url': None, 'archived': False, 'disabled': False, 'open_issues_count': 15, 'license': {'key': 'mit', 'name': 'MIT License', 'spdx_id': 'MIT', 'url': 'https://api.github.com/licenses/mit', 'node_id': 'MDc6TGljZW5zZTEz'}, 'allow_forking': True, 'is_template': False, 'topics': ['hacktoberfest', 'java', 'microsoft-graph', 'sdk'], 'visibility': 'public', 'forks': 22, 'open_issues': 15, 'watchers': 24, 'default_branch': 'dev'}}, 'base': {'label': 'microsoftgraph:master', 'ref': 'master', 'sha': 'f61d598c5909ae348cdbdcf1c6de64083f579091', 'user': {'login': 'microsoftgraph', 'id': 17304259, 'node_id': 'MDEyOk9yZ2FuaXphdGlvbjE3MzA0MjU5', 'avatar_url': 'https://avatars.githubusercontent.com/u/17304259?v=4', 'gravatar_id': '', 'url': 'https://api.github.com/users/microsoftgraph', 'html_url': 'https://github.com/microsoftgraph', 'followers_url': 'https://api.github.com/users/microsoftgraph/followers', 'following_url': 'https://api.github.com/users/microsoftgraph/following{/other_user}', 'gists_url': 'https://api.github.com/users/microsoftgraph/gists{/gist_id}', 'starred_url': 'https://api.github.com/users/microsoftgraph/starred{/owner}{/repo}', 'subscriptions_url': 'https://api.github.com/users/microsoftgraph/subscriptions', 'organizations_url': 'https://api.github.com/users/microsoftgraph/orgs', 'repos_url': 'https://api.github.com/users/microsoftgraph/repos', 'events_url': 'https://api.github.com/users/microsoftgraph/events{/privacy}', 'received_events_url': 'https://api.github.com/users/microsoftgraph/received_events', 'type': 'Organization', 'site_admin': False}, 'repo': {'id': 154607328, 'node_id': 'MDEwOlJlcG9zaXRvcnkxNTQ2MDczMjg=', 'name': 'msgraph-sdk-java-core', 'full_name': 'microsoftgraph/msgraph-sdk-java-core', 'private': False, 'owner': {'login': 'microsoftgraph', 'id': 17304259, 'node_id': 'MDEyOk9yZ2FuaXphdGlvbjE3MzA0MjU5', 'avatar_url': 'https://avatars.githubusercontent.com/u/17304259?v=4', 'gravatar_id': '', 'url': 'https://api.github.com/users/microsoftgraph', 'html_url': 'https://github.com/microsoftgraph', 'followers_url': 'https://api.github.com/users/microsoftgraph/followers', 'following_url': 'https://api.github.com/users/microsoftgraph/following{/other_user}', 'gists_url': 'https://api.github.com/users/microsoftgraph/gists{/gist_id}', 'starred_url': 'https://api.github.com/users/microsoftgraph/starred{/owner}{/repo}', 'subscriptions_url': 'https://api.github.com/users/microsoftgraph/subscriptions', 'organizations_url': 'https://api.github.com/users/microsoftgraph/orgs', 'repos_url': 'https://api.github.com/users/microsoftgraph/repos', 'events_url': 'https://api.github.com/users/microsoftgraph/events{/privacy}', 'received_events_url': 'https://api.github.com/users/microsoftgraph/received_events', 'type': 'Organization', 'site_admin': False}, 'html_url': 'https://github.com/microsoftgraph/msgraph-sdk-java-core', 'description': 'Microsoft Graph SDK for Java - Core Library', 'fork': False, 'url': 'https://api.github.com/repos/microsoftgraph/msgraph-sdk-java-core', 'forks_url': 'https://api.github.com/repos/microsoftgraph/msgraph-sdk-java-core/forks', 'keys_url': 'https://api.github.com/repos/microsoftgraph/msgraph-sdk-java-core/keys{/key_id}', 'collaborators_url': 'https://api.github.com/repos/microsoftgraph/msgraph-sdk-java-core/collaborators{/collaborator}', 'teams_url': 'https://api.github.com/repos/microsoftgraph/msgraph-sdk-java-core/teams', 'hooks_url': 'https://api.github.com/repos/microsoftgraph/msgraph-sdk-java-core/hooks', 'issue_events_url': 'https://api.github.com/repos/microsoftgraph/msgraph-sdk-java-core/issues/events{/number}', 'events_url': 'https://api.github.com/repos/microsoftgraph/msgraph-sdk-java-core/events', 'assignees_url': 'https://api.github.com/repos/microsoftgraph/msgraph-sdk-java-core/assignees{/user}', 'branches_url': 'https://api.github.com/repos/microsoftgraph/msgraph-sdk-java-core/branches{/branch}', 'tags_url': 'https://api.github.com/repos/microsoftgraph/msgraph-sdk-java-core/tags', 'blobs_url': 'https://api.github.com/repos/microsoftgraph/msgraph-sdk-java-core/git/blobs{/sha}', 'git_tags_url': 'https://api.github.com/repos/microsoftgraph/msgraph-sdk-java-core/git/tags{/sha}', 'git_refs_url': 'https://api.github.com/repos/microsoftgraph/msgraph-sdk-java-core/git/refs{/sha}', 'trees_url': 'https://api.github.com/repos/microsoftgraph/msgraph-sdk-java-core/git/trees{/sha}', 'statuses_url': 'https://api.github.com/repos/microsoftgraph/msgraph-sdk-java-core/statuses/{sha}', 'languages_url': 'https://api.github.com/repos/microsoftgraph/msgraph-sdk-java-core/languages', 'stargazers_url': 'https://api.github.com/repos/microsoftgraph/msgraph-sdk-java-core/stargazers', 'contributors_url': 'https://api.github.com/repos/microsoftgraph/msgraph-sdk-java-core/contributors', 'subscribers_url': 'https://api.github.com/repos/microsoftgraph/msgraph-sdk-java-core/subscribers', 'subscription_url': 'https://api.github.com/repos/microsoftgraph/msgraph-sdk-java-core/subscription', 'commits_url': 'https://api.github.com/repos/microsoftgraph/msgraph-sdk-java-core/commits{/sha}', 'git_commits_url': 'https://api.github.com/repos/microsoftgraph/msgraph-sdk-java-core/git/commits{/sha}', 'comments_url': 'https://api.github.com/repos/microsoftgraph/msgraph-sdk-java-core/comments{/number}', 'issue_comment_url': 'https://api.github.com/repos/microsoftgraph/msgraph-sdk-java-core/issues/comments{/number}', 'contents_url': 'https://api.github.com/repos/microsoftgraph/msgraph-sdk-java-core/contents/{+path}', 'compare_url': 'https://api.github.com/repos/microsoftgraph/msgraph-sdk-java-core/compare/{base}...{head}', 'merges_url': 'https://api.github.com/repos/microsoftgraph/msgraph-sdk-java-core/merges', 'archive_url': 'https://api.github.com/repos/microsoftgraph/msgraph-sdk-java-core/{archive_format}{/ref}', 'downloads_url': 'https://api.github.com/repos/microsoftgraph/msgraph-sdk-java-core/downloads', 'issues_url': 'https://api.github.com/repos/microsoftgraph/msgraph-sdk-java-core/issues{/number}', 'pulls_url': 'https://api.github.com/repos/microsoftgraph/msgraph-sdk-java-core/pulls{/number}', 'milestones_url': 'https://api.github.com/repos/microsoftgraph/msgraph-sdk-java-core/milestones{/number}', 'notifications_url': 'https://api.github.com/repos/microsoftgraph/msgraph-sdk-java-core/notifications{?since,all,participating}', 'labels_url': 'https://api.github.com/repos/microsoftgraph/msgraph-sdk-java-core/labels{/name}', 'releases_url': 'https://api.github.com/repos/microsoftgraph/msgraph-sdk-java-core/releases{/id}', 'deployments_url': 'https://api.github.com/repos/microsoftgraph/msgraph-sdk-java-core/deployments', 'created_at': '2018-10-25T03:53:47Z', 'updated_at': '2022-04-22T09:16:17Z', 'pushed_at': '2022-04-22T17:19:01Z', 'git_url': 'git://github.com/microsoftgraph/msgraph-sdk-java-core.git', 'ssh_url': 'git@github.com:microsoftgraph/msgraph-sdk-java-core.git', 'clone_url': 'https://github.com/microsoftgraph/msgraph-sdk-java-core.git', 'svn_url': 'https://github.com/microsoftgraph/msgraph-sdk-java-core', 'homepage': 'https://docs.microsoft.com/en-us/graph/sdks/sdks-overview', 'size': 1638, 'stargazers_count': 24, 'watchers_count': 24, 'language': 'Java', 'has_issues': True, 'has_projects': True, 'has_downloads': True, 'has_wiki': False, 'has_pages': False, 'forks_count': 22, 'mirror_url': None, 'archived': False, 'disabled': False, 'open_issues_count': 15, 'license': {'key': 'mit', 'name': 'MIT License', 'spdx_id': 'MIT', 'url': 'https://api.github.com/licenses/mit', 'node_id': 'MDc6TGljZW5zZTEz'}, 'allow_forking': True, 'is_template': False, 'topics': ['hacktoberfest', 'java', 'microsoft-graph', 'sdk'], 'visibility': 'public', 'forks': 22, 'open_issues': 15, 'watchers': 24, 'default_branch': 'dev'}}, '_links': {'self': {'href': 'https://api.github.com/repos/microsoftgraph/msgraph-sdk-java-core/pulls/496'}, 'html': {'href': 'https://github.com/microsoftgraph/msgraph-sdk-java-core/pull/496'}, 'issue': {'href': 'https://api.github.com/repos/microsoftgraph/msgraph-sdk-java-core/issues/496'}, 'comments': {'href': 'https://api.github.com/repos/microsoftgraph/msgraph-sdk-java-core/issues/496/comments'}, 'review_comments': {'href': 'https://api.github.com/repos/microsoftgraph/msgraph-sdk-java-core/pulls/496/comments'}, 'review_comment': {'href': 'https://api.github.com/repos/microsoftgraph/msgraph-sdk-java-core/pulls/comments{/number}'}, 'commits': {'href': 'https://api.github.com/repos/microsoftgraph/msgraph-sdk-java-core/pulls/496/commits'}, 'statuses': {'href': 'https://api.github.com/repos/microsoftgraph/msgraph-sdk-java-core/statuses/734e96eb702dd63172135254e1055612b837a8b8'}}, 'author_association': 'CONTRIBUTOR', 'auto_merge': None, 'active_lock_reason': None, 'merged': False, 'mergeable': None, 'rebaseable': None, 'mergeable_state': 'unknown', 'merged_by': None, 'comments': 0, 'review_comments': 0, 'maintainer_can_modify': False, 'commits': 119, 'additions': 191, 'deletions': 71, 'changed_files': 29}}",opened,Java
21422538738,PushEvent,microsoftgraph/msgraph-sdk-java-core,0.0,2022-04-22T17:19:02Z,"{'push_id': 9695331622, 'size': 8, 'distinct_size': 8, 'ref': 'refs/heads/dev', 'head': '734e96eb702dd63172135254e1055612b837a8b8', 'before': '2b0d29922a355e41b035d254ec8fa77222bf83d6', 'commits': [{'sha': 'f4b154962bd1b63837ab70ef08c8915a4283c702', 'author': {'email': 'ramses.sanchez99@gmail.com', 'name': 'ramsessanchez'}, 'message': 'add ability to add custom hosts to TokenCredentialAuthProvider', 'distinct': True, 'url': 'https://api.github.com/repos/microsoftgraph/msgraph-sdk-java-core/commits/f4b154962bd1b63837ab70ef08c8915a4283c702'}, {'sha': 'ae53946a6999161a9e66f327741fd1a2d4af5e51', 'author': {'email': 'ramses.sanchez99@gmail.com', 'name': 'ramsessanchez'}, 'message': 'add custom hosts to BaseAuthenticationProvider w/out breaking', 'distinct': True, 'url': 'https://api.github.com/repos/microsoftgraph/msgraph-sdk-java-core/commits/ae53946a6999161a9e66f327741fd1a2d4af5e51'}, {'sha': 'fcb9eeae0a53d3a30cb435e67b184d46ea4c4153', 'author': {'email': 'ramses.sanchez99@gmail.com', 'name': 'ramsessanchez'}, 'message': 'explict nonNull-ability', 'distinct': True, 'url': 'https://api.github.com/repos/microsoftgraph/msgraph-sdk-java-core/commits/fcb9eeae0a53d3a30cb435e67b184d46ea4c4153'}, {'sha': '33d16d53a50659a6cefb1a1e27b96c563d977dfd', 'author': {'email': 'ramses.sanchez99@gmail.com', 'name': 'ramsessanchez'}, 'message': ""Merge remote-tracking branch 'origin/dev' into feature/AuthProviderWithHosts"", 'distinct': True, 'url': 'https://api.github.com/repos/microsoftgraph/msgraph-sdk-java-core/commits/33d16d53a50659a6cefb1a1e27b96c563d977dfd'}, {'sha': '37afc3bb420e0214f84db41fffc43035a030dfe9', 'author': {'email': 'ramses.sanchez99@gmail.com', 'name': 'ramsessanchez'}, 'message': 'explict Null-ability', 'distinct': True, 'url': 'https://api.github.com/repos/microsoftgraph/msgraph-sdk-java-core/commits/37afc3bb420e0214f84db41fffc43035a030dfe9'}, {'sha': '425a89d7313a1559adefca17a6d82c71e29ecb10', 'author': {'email': 'ramses.sanchez99@gmail.com', 'name': 'ramsessanchez'}, 'message': 'Kotlin getter/setter compliance', 'distinct': True, 'url': 'https://api.github.com/repos/microsoftgraph/msgraph-sdk-java-core/commits/425a89d7313a1559adefca17a6d82c71e29ecb10'}, {'sha': '9d17a4986dfd41847391a87ea06dcf8891a6044b', 'author': {'email': 'ramses.sanchez99@gmail.com', 'name': 'ramsessanchez'}, 'message': 'correctly return hashset as array', 'distinct': True, 'url': 'https://api.github.com/repos/microsoftgraph/msgraph-sdk-java-core/commits/9d17a4986dfd41847391a87ea06dcf8891a6044b'}, {'sha': '734e96eb702dd63172135254e1055612b837a8b8', 'author': {'email': '63934382+ramsessanchez@users.noreply.github.com', 'name': 'ramsessanchez'}, 'message': 'Merge pull request #484 from microsoftgraph/feature/AuthProviderWithHosts\n\nadd ability to add custom hosts to TokenCredentialAuthProvider', 'distinct': True, 'url': 'https://api.github.com/repos/microsoftgraph/msgraph-sdk-java-core/commits/734e96eb702dd63172135254e1055612b837a8b8'}]}",,Java
21422538553,DeleteEvent,microsoftgraph/msgraph-sdk-java-core,0.0,2022-04-22T17:19:01Z,"{'ref': 'feature/AuthProviderWithHosts', 'ref_type': 'branch', 'pusher_type': 'user'}",,Java
21422538424,PullRequestEvent,microsoftgraph/msgraph-sdk-java-core,0.0,2022-04-22T17:19:01Z,"{'action': 'closed', 'number': 484, 'pull_request': {'url': 'https://api.github.com/repos/microsoftgraph/msgraph-sdk-java-core/pulls/484', 'id': 913680063, 'node_id': 'PR_kwDOCTce4M42daa_', 'html_url': 'https://github.com/microsoftgraph/msgraph-sdk-java-core/pull/484', 'diff_url': 'https://github.com/microsoftgraph/msgraph-sdk-java-core/pull/484.diff', 'patch_url': 'https://github.com/microsoftgraph/msgraph-sdk-java-core/pull/484.patch', 'issue_url': 'https://api.github.com/repos/microsoftgraph/msgraph-sdk-java-core/issues/484', 'number': 484, 'state': 'closed', 'locked': False, 'title': 'add ability to add custom hosts to TokenCredentialAuthProvider', 'user': {'login': 'ramsessanchez', 'id': 63934382, 'node_id': 'MDQ6VXNlcjYzOTM0Mzgy', 'avatar_url': 'https://avatars.githubusercontent.com/u/63934382?v=4', 'gravatar_id': '', 'url': 'https://api.github.com/users/ramsessanchez', 'html_url': 'https://github.com/ramsessanchez', 'followers_url': 'https://api.github.com/users/ramsessanchez/followers', 'following_url': 'https://api.github.com/users/ramsessanchez/following{/other_user}', 'gists_url': 'https://api.github.com/users/ramsessanchez/gists{/gist_id}', 'starred_url': 'https://api.github.com/users/ramsessanchez/starred{/owner}{/repo}', 'subscriptions_url': 'https://api.github.com/users/ramsessanchez/subscriptions', 'organizations_url': 'https://api.github.com/users/ramsessanchez/orgs', 'repos_url': 'https://api.github.com/users/ramsessanchez/repos', 'events_url': 'https://api.github.com/users/ramsessanchez/events{/privacy}', 'received_events_url': 'https://api.github.com/users/ramsessanchez/received_events', 'type': 'User', 'site_admin': False}, 'body': 'Fixes #483', 'created_at': '2022-04-20T01:00:57Z', 'updated_at': '2022-04-22T17:19:00Z', 'closed_at': '2022-04-22T17:19:00Z', 'merged_at': '2022-04-22T17:19:00Z', 'merge_commit_sha': '734e96eb702dd63172135254e1055612b837a8b8', 'assignee': None, 'assignees': [], 'requested_reviewers': [{'login': 'zengin', 'id': 803311, 'node_id': 'MDQ6VXNlcjgwMzMxMQ==', 'avatar_url': 'https://avatars.githubusercontent.com/u/803311?v=4', 'gravatar_id': '', 'url': 'https://api.github.com/users/zengin', 'html_url': 'https://github.com/zengin', 'followers_url': 'https://api.github.com/users/zengin/followers', 'following_url': 'https://api.github.com/users/zengin/following{/other_user}', 'gists_url': 'https://api.github.com/users/zengin/gists{/gist_id}', 'starred_url': 'https://api.github.com/users/zengin/starred{/owner}{/repo}', 'subscriptions_url': 'https://api.github.com/users/zengin/subscriptions', 'organizations_url': 'https://api.github.com/users/zengin/orgs', 'repos_url': 'https://api.github.com/users/zengin/repos', 'events_url': 'https://api.github.com/users/zengin/events{/privacy}', 'received_events_url': 'https://api.github.com/users/zengin/received_events', 'type': 'User', 'site_admin': False}, {'login': 'andrueastman', 'id': 6464005, 'node_id': 'MDQ6VXNlcjY0NjQwMDU=', 'avatar_url': 'https://avatars.githubusercontent.com/u/6464005?v=4', 'gravatar_id': '', 'url': 'https://api.github.com/users/andrueastman', 'html_url': 'https://github.com/andrueastman', 'followers_url': 'https://api.github.com/users/andrueastman/followers', 'following_url': 'https://api.github.com/users/andrueastman/following{/other_user}', 'gists_url': 'https://api.github.com/users/andrueastman/gists{/gist_id}', 'starred_url': 'https://api.github.com/users/andrueastman/starred{/owner}{/repo}', 'subscriptions_url': 'https://api.github.com/users/andrueastman/subscriptions', 'organizations_url': 'https://api.github.com/users/andrueastman/orgs', 'repos_url': 'https://api.github.com/users/andrueastman/repos', 'events_url': 'https://api.github.com/users/andrueastman/events{/privacy}', 'received_events_url': 'https://api.github.com/users/andrueastman/received_events', 'type': 'User', 'site_admin': False}, {'login': 'peombwa', 'id': 7061532, 'node_id': 'MDQ6VXNlcjcwNjE1MzI=', 'avatar_url': 'https://avatars.githubusercontent.com/u/7061532?v=4', 'gravatar_id': '', 'url': 'https://api.github.com/users/peombwa', 'html_url': 'https://github.com/peombwa', 'followers_url': 'https://api.github.com/users/peombwa/followers', 'following_url': 'https://api.github.com/users/peombwa/following{/other_user}', 'gists_url': 'https://api.github.com/users/peombwa/gists{/gist_id}', 'starred_url': 'https://api.github.com/users/peombwa/starred{/owner}{/repo}', 'subscriptions_url': 'https://api.github.com/users/peombwa/subscriptions', 'organizations_url': 'https://api.github.com/users/peombwa/orgs', 'repos_url': 'https://api.github.com/users/peombwa/repos', 'events_url': 'https://api.github.com/users/peombwa/events{/privacy}', 'received_events_url': 'https://api.github.com/users/peombwa/received_events', 'type': 'User', 'site_admin': False}, {'login': 'ddyett', 'id': 20829981, 'node_id': 'MDQ6VXNlcjIwODI5OTgx', 'avatar_url': 'https://avatars.githubusercontent.com/u/20829981?v=4', 'gravatar_id': '', 'url': 'https://api.github.com/users/ddyett', 'html_url': 'https://github.com/ddyett', 'followers_url': 'https://api.github.com/users/ddyett/followers', 'following_url': 'https://api.github.com/users/ddyett/following{/other_user}', 'gists_url': 'https://api.github.com/users/ddyett/gists{/gist_id}', 'starred_url': 'https://api.github.com/users/ddyett/starred{/owner}{/repo}', 'subscriptions_url': 'https://api.github.com/users/ddyett/subscriptions', 'organizations_url': 'https://api.github.com/users/ddyett/orgs', 'repos_url': 'https://api.github.com/users/ddyett/repos', 'events_url': 'https://api.github.com/users/ddyett/events{/privacy}', 'received_events_url': 'https://api.github.com/users/ddyett/received_events', 'type': 'User', 'site_admin': False}, {'login': 'nikithauc', 'id': 23219007, 'node_id': 'MDQ6VXNlcjIzMjE5MDA3', 'avatar_url': 'https://avatars.githubusercontent.com/u/23219007?v=4', 'gravatar_id': '', 'url': 'https://api.github.com/users/nikithauc', 'html_url': 'https://github.com/nikithauc', 'followers_url': 'https://api.github.com/users/nikithauc/followers', 'following_url': 'https://api.github.com/users/nikithauc/following{/other_user}', 'gists_url': 'https://api.github.com/users/nikithauc/gists{/gist_id}', 'starred_url': 'https://api.github.com/users/nikithauc/starred{/owner}{/repo}', 'subscriptions_url': 'https://api.github.com/users/nikithauc/subscriptions', 'organizations_url': 'https://api.github.com/users/nikithauc/orgs', 'repos_url': 'https://api.github.com/users/nikithauc/repos', 'events_url': 'https://api.github.com/users/nikithauc/events{/privacy}', 'received_events_url': 'https://api.github.com/users/nikithauc/received_events', 'type': 'User', 'site_admin': False}], 'requested_teams': [], 'labels': [], 'milestone': None, 'draft': False, 'commits_url': 'https://api.github.com/repos/microsoftgraph/msgraph-sdk-java-core/pulls/484/commits', 'review_comments_url': 'https://api.github.com/repos/microsoftgraph/msgraph-sdk-java-core/pulls/484/comments', 'review_comment_url': 'https://api.github.com/repos/microsoftgraph/msgraph-sdk-java-core/pulls/comments{/number}', 'comments_url': 'https://api.github.com/repos/microsoftgraph/msgraph-sdk-java-core/issues/484/comments', 'statuses_url': 'https://api.github.com/repos/microsoftgraph/msgraph-sdk-java-core/statuses/9d17a4986dfd41847391a87ea06dcf8891a6044b', 'head': {'label': 'microsoftgraph:feature/AuthProviderWithHosts', 'ref': 'feature/AuthProviderWithHosts', 'sha': '9d17a4986dfd41847391a87ea06dcf8891a6044b', 'user': {'login': 'microsoftgraph', 'id': 17304259, 'node_id': 'MDEyOk9yZ2FuaXphdGlvbjE3MzA0MjU5', 'avatar_url': 'https://avatars.githubusercontent.com/u/17304259?v=4', 'gravatar_id': '', 'url': 'https://api.github.com/users/microsoftgraph', 'html_url': 'https://github.com/microsoftgraph', 'followers_url': 'https://api.github.com/users/microsoftgraph/followers', 'following_url': 'https://api.github.com/users/microsoftgraph/following{/other_user}', 'gists_url': 'https://api.github.com/users/microsoftgraph/gists{/gist_id}', 'starred_url': 'https://api.github.com/users/microsoftgraph/starred{/owner}{/repo}', 'subscriptions_url': 'https://api.github.com/users/microsoftgraph/subscriptions', 'organizations_url': 'https://api.github.com/users/microsoftgraph/orgs', 'repos_url': 'https://api.github.com/users/microsoftgraph/repos', 'events_url': 'https://api.github.com/users/microsoftgraph/events{/privacy}', 'received_events_url': 'https://api.github.com/users/microsoftgraph/received_events', 'type': 'Organization', 'site_admin': False}, 'repo': {'id': 154607328, 'node_id': 'MDEwOlJlcG9zaXRvcnkxNTQ2MDczMjg=', 'name': 'msgraph-sdk-java-core', 'full_name': 'microsoftgraph/msgraph-sdk-java-core', 'private': False, 'owner': {'login': 'microsoftgraph', 'id': 17304259, 'node_id': 'MDEyOk9yZ2FuaXphdGlvbjE3MzA0MjU5', 'avatar_url': 'https://avatars.githubusercontent.com/u/17304259?v=4', 'gravatar_id': '', 'url': 'https://api.github.com/users/microsoftgraph', 'html_url': 'https://github.com/microsoftgraph', 'followers_url': 'https://api.github.com/users/microsoftgraph/followers', 'following_url': 'https://api.github.com/users/microsoftgraph/following{/other_user}', 'gists_url': 'https://api.github.com/users/microsoftgraph/gists{/gist_id}', 'starred_url': 'https://api.github.com/users/microsoftgraph/starred{/owner}{/repo}', 'subscriptions_url': 'https://api.github.com/users/microsoftgraph/subscriptions', 'organizations_url': 'https://api.github.com/users/microsoftgraph/orgs', 'repos_url': 'https://api.github.com/users/microsoftgraph/repos', 'events_url': 'https://api.github.com/users/microsoftgraph/events{/privacy}', 'received_events_url': 'https://api.github.com/users/microsoftgraph/received_events', 'type': 'Organization', 'site_admin': False}, 'html_url': 'https://github.com/microsoftgraph/msgraph-sdk-java-core', 'description': 'Microsoft Graph SDK for Java - Core Library', 'fork': False, 'url': 'https://api.github.com/repos/microsoftgraph/msgraph-sdk-java-core', 'forks_url': 'https://api.github.com/repos/microsoftgraph/msgraph-sdk-java-core/forks', 'keys_url': 'https://api.github.com/repos/microsoftgraph/msgraph-sdk-java-core/keys{/key_id}', 'collaborators_url': 'https://api.github.com/repos/microsoftgraph/msgraph-sdk-java-core/collaborators{/collaborator}', 'teams_url': 'https://api.github.com/repos/microsoftgraph/msgraph-sdk-java-core/teams', 'hooks_url': 'https://api.github.com/repos/microsoftgraph/msgraph-sdk-java-core/hooks', 'issue_events_url': 'https://api.github.com/repos/microsoftgraph/msgraph-sdk-java-core/issues/events{/number}', 'events_url': 'https://api.github.com/repos/microsoftgraph/msgraph-sdk-java-core/events', 'assignees_url': 'https://api.github.com/repos/microsoftgraph/msgraph-sdk-java-core/assignees{/user}', 'branches_url': 'https://api.github.com/repos/microsoftgraph/msgraph-sdk-java-core/branches{/branch}', 'tags_url': 'https://api.github.com/repos/microsoftgraph/msgraph-sdk-java-core/tags', 'blobs_url': 'https://api.github.com/repos/microsoftgraph/msgraph-sdk-java-core/git/blobs{/sha}', 'git_tags_url': 'https://api.github.com/repos/microsoftgraph/msgraph-sdk-java-core/git/tags{/sha}', 'git_refs_url': 'https://api.github.com/repos/microsoftgraph/msgraph-sdk-java-core/git/refs{/sha}', 'trees_url': 'https://api.github.com/repos/microsoftgraph/msgraph-sdk-java-core/git/trees{/sha}', 'statuses_url': 'https://api.github.com/repos/microsoftgraph/msgraph-sdk-java-core/statuses/{sha}', 'languages_url': 'https://api.github.com/repos/microsoftgraph/msgraph-sdk-java-core/languages', 'stargazers_url': 'https://api.github.com/repos/microsoftgraph/msgraph-sdk-java-core/stargazers', 'contributors_url': 'https://api.github.com/repos/microsoftgraph/msgraph-sdk-java-core/contributors', 'subscribers_url': 'https://api.github.com/repos/microsoftgraph/msgraph-sdk-java-core/subscribers', 'subscription_url': 'https://api.github.com/repos/microsoftgraph/msgraph-sdk-java-core/subscription', 'commits_url': 'https://api.github.com/repos/microsoftgraph/msgraph-sdk-java-core/commits{/sha}', 'git_commits_url': 'https://api.github.com/repos/microsoftgraph/msgraph-sdk-java-core/git/commits{/sha}', 'comments_url': 'https://api.github.com/repos/microsoftgraph/msgraph-sdk-java-core/comments{/number}', 'issue_comment_url': 'https://api.github.com/repos/microsoftgraph/msgraph-sdk-java-core/issues/comments{/number}', 'contents_url': 'https://api.github.com/repos/microsoftgraph/msgraph-sdk-java-core/contents/{+path}', 'compare_url': 'https://api.github.com/repos/microsoftgraph/msgraph-sdk-java-core/compare/{base}...{head}', 'merges_url': 'https://api.github.com/repos/microsoftgraph/msgraph-sdk-java-core/merges', 'archive_url': 'https://api.github.com/repos/microsoftgraph/msgraph-sdk-java-core/{archive_format}{/ref}', 'downloads_url': 'https://api.github.com/repos/microsoftgraph/msgraph-sdk-java-core/downloads', 'issues_url': 'https://api.github.com/repos/microsoftgraph/msgraph-sdk-java-core/issues{/number}', 'pulls_url': 'https://api.github.com/repos/microsoftgraph/msgraph-sdk-java-core/pulls{/number}', 'milestones_url': 'https://api.github.com/repos/microsoftgraph/msgraph-sdk-java-core/milestones{/number}', 'notifications_url': 'https://api.github.com/repos/microsoftgraph/msgraph-sdk-java-core/notifications{?since,all,participating}', 'labels_url': 'https://api.github.com/repos/microsoftgraph/msgraph-sdk-java-core/labels{/name}', 'releases_url': 'https://api.github.com/repos/microsoftgraph/msgraph-sdk-java-core/releases{/id}', 'deployments_url': 'https://api.github.com/repos/microsoftgraph/msgraph-sdk-java-core/deployments', 'created_at': '2018-10-25T03:53:47Z', 'updated_at': '2022-04-22T09:16:17Z', 'pushed_at': '2022-04-22T17:18:59Z', 'git_url': 'git://github.com/microsoftgraph/msgraph-sdk-java-core.git', 'ssh_url': 'git@github.com:microsoftgraph/msgraph-sdk-java-core.git', 'clone_url': 'https://github.com/microsoftgraph/msgraph-sdk-java-core.git', 'svn_url': 'https://github.com/microsoftgraph/msgraph-sdk-java-core', 'homepage': 'https://docs.microsoft.com/en-us/graph/sdks/sdks-overview', 'size': 1638, 'stargazers_count': 24, 'watchers_count': 24, 'language': 'Java', 'has_issues': True, 'has_projects': True, 'has_downloads': True, 'has_wiki': False, 'has_pages': False, 'forks_count': 22, 'mirror_url': None, 'archived': False, 'disabled': False, 'open_issues_count': 14, 'license': {'key': 'mit', 'name': 'MIT License', 'spdx_id': 'MIT', 'url': 'https://api.github.com/licenses/mit', 'node_id': 'MDc6TGljZW5zZTEz'}, 'allow_forking': True, 'is_template': False, 'topics': ['hacktoberfest', 'java', 'microsoft-graph', 'sdk'], 'visibility': 'public', 'forks': 22, 'open_issues': 14, 'watchers': 24, 'default_branch': 'dev'}}, 'base': {'label': 'microsoftgraph:dev', 'ref': 'dev', 'sha': '44af82561659cc42dddc6f25b1f21183fd32ef1b', 'user': {'login': 'microsoftgraph', 'id': 17304259, 'node_id': 'MDEyOk9yZ2FuaXphdGlvbjE3MzA0MjU5', 'avatar_url': 'https://avatars.githubusercontent.com/u/17304259?v=4', 'gravatar_id': '', 'url': 'https://api.github.com/users/microsoftgraph', 'html_url': 'https://github.com/microsoftgraph', 'followers_url': 'https://api.github.com/users/microsoftgraph/followers', 'following_url': 'https://api.github.com/users/microsoftgraph/following{/other_user}', 'gists_url': 'https://api.github.com/users/microsoftgraph/gists{/gist_id}', 'starred_url': 'https://api.github.com/users/microsoftgraph/starred{/owner}{/repo}', 'subscriptions_url': 'https://api.github.com/users/microsoftgraph/subscriptions', 'organizations_url': 'https://api.github.com/users/microsoftgraph/orgs', 'repos_url': 'https://api.github.com/users/microsoftgraph/repos', 'events_url': 'https://api.github.com/users/microsoftgraph/events{/privacy}', 'received_events_url': 'https://api.github.com/users/microsoftgraph/received_events', 'type': 'Organization', 'site_admin': False}, 'repo': {'id': 154607328, 'node_id': 'MDEwOlJlcG9zaXRvcnkxNTQ2MDczMjg=', 'name': 'msgraph-sdk-java-core', 'full_name': 'microsoftgraph/msgraph-sdk-java-core', 'private': False, 'owner': {'login': 'microsoftgraph', 'id': 17304259, 'node_id': 'MDEyOk9yZ2FuaXphdGlvbjE3MzA0MjU5', 'avatar_url': 'https://avatars.githubusercontent.com/u/17304259?v=4', 'gravatar_id': '', 'url': 'https://api.github.com/users/microsoftgraph', 'html_url': 'https://github.com/microsoftgraph', 'followers_url': 'https://api.github.com/users/microsoftgraph/followers', 'following_url': 'https://api.github.com/users/microsoftgraph/following{/other_user}', 'gists_url': 'https://api.github.com/users/microsoftgraph/gists{/gist_id}', 'starred_url': 'https://api.github.com/users/microsoftgraph/starred{/owner}{/repo}', 'subscriptions_url': 'https://api.github.com/users/microsoftgraph/subscriptions', 'organizations_url': 'https://api.github.com/users/microsoftgraph/orgs', 'repos_url': 'https://api.github.com/users/microsoftgraph/repos', 'events_url': 'https://api.github.com/users/microsoftgraph/events{/privacy}', 'received_events_url': 'https://api.github.com/users/microsoftgraph/received_events', 'type': 'Organization', 'site_admin': False}, 'html_url': 'https://github.com/microsoftgraph/msgraph-sdk-java-core', 'description': 'Microsoft Graph SDK for Java - Core Library', 'fork': False, 'url': 'https://api.github.com/repos/microsoftgraph/msgraph-sdk-java-core', 'forks_url': 'https://api.github.com/repos/microsoftgraph/msgraph-sdk-java-core/forks', 'keys_url': 'https://api.github.com/repos/microsoftgraph/msgraph-sdk-java-core/keys{/key_id}', 'collaborators_url': 'https://api.github.com/repos/microsoftgraph/msgraph-sdk-java-core/collaborators{/collaborator}', 'teams_url': 'https://api.github.com/repos/microsoftgraph/msgraph-sdk-java-core/teams', 'hooks_url': 'https://api.github.com/repos/microsoftgraph/msgraph-sdk-java-core/hooks', 'issue_events_url': 'https://api.github.com/repos/microsoftgraph/msgraph-sdk-java-core/issues/events{/number}', 'events_url': 'https://api.github.com/repos/microsoftgraph/msgraph-sdk-java-core/events', 'assignees_url': 'https://api.github.com/repos/microsoftgraph/msgraph-sdk-java-core/assignees{/user}', 'branches_url': 'https://api.github.com/repos/microsoftgraph/msgraph-sdk-java-core/branches{/branch}', 'tags_url': 'https://api.github.com/repos/microsoftgraph/msgraph-sdk-java-core/tags', 'blobs_url': 'https://api.github.com/repos/microsoftgraph/msgraph-sdk-java-core/git/blobs{/sha}', 'git_tags_url': 'https://api.github.com/repos/microsoftgraph/msgraph-sdk-java-core/git/tags{/sha}', 'git_refs_url': 'https://api.github.com/repos/microsoftgraph/msgraph-sdk-java-core/git/refs{/sha}', 'trees_url': 'https://api.github.com/repos/microsoftgraph/msgraph-sdk-java-core/git/trees{/sha}', 'statuses_url': 'https://api.github.com/repos/microsoftgraph/msgraph-sdk-java-core/statuses/{sha}', 'languages_url': 'https://api.github.com/repos/microsoftgraph/msgraph-sdk-java-core/languages', 'stargazers_url': 'https://api.github.com/repos/microsoftgraph/msgraph-sdk-java-core/stargazers', 'contributors_url': 'https://api.github.com/repos/microsoftgraph/msgraph-sdk-java-core/contributors', 'subscribers_url': 'https://api.github.com/repos/microsoftgraph/msgraph-sdk-java-core/subscribers', 'subscription_url': 'https://api.github.com/repos/microsoftgraph/msgraph-sdk-java-core/subscription', 'commits_url': 'https://api.github.com/repos/microsoftgraph/msgraph-sdk-java-core/commits{/sha}', 'git_commits_url': 'https://api.github.com/repos/microsoftgraph/msgraph-sdk-java-core/git/commits{/sha}', 'comments_url': 'https://api.github.com/repos/microsoftgraph/msgraph-sdk-java-core/comments{/number}', 'issue_comment_url': 'https://api.github.com/repos/microsoftgraph/msgraph-sdk-java-core/issues/comments{/number}', 'contents_url': 'https://api.github.com/repos/microsoftgraph/msgraph-sdk-java-core/contents/{+path}', 'compare_url': 'https://api.github.com/repos/microsoftgraph/msgraph-sdk-java-core/compare/{base}...{head}', 'merges_url': 'https://api.github.com/repos/microsoftgraph/msgraph-sdk-java-core/merges', 'archive_url': 'https://api.github.com/repos/microsoftgraph/msgraph-sdk-java-core/{archive_format}{/ref}', 'downloads_url': 'https://api.github.com/repos/microsoftgraph/msgraph-sdk-java-core/downloads', 'issues_url': 'https://api.github.com/repos/microsoftgraph/msgraph-sdk-java-core/issues{/number}', 'pulls_url': 'https://api.github.com/repos/microsoftgraph/msgraph-sdk-java-core/pulls{/number}', 'milestones_url': 'https://api.github.com/repos/microsoftgraph/msgraph-sdk-java-core/milestones{/number}', 'notifications_url': 'https://api.github.com/repos/microsoftgraph/msgraph-sdk-java-core/notifications{?since,all,participating}', 'labels_url': 'https://api.github.com/repos/microsoftgraph/msgraph-sdk-java-core/labels{/name}', 'releases_url': 'https://api.github.com/repos/microsoftgraph/msgraph-sdk-java-core/releases{/id}', 'deployments_url': 'https://api.github.com/repos/microsoftgraph/msgraph-sdk-java-core/deployments', 'created_at': '2018-10-25T03:53:47Z', 'updated_at': '2022-04-22T09:16:17Z', 'pushed_at': '2022-04-22T17:18:59Z', 'git_url': 'git://github.com/microsoftgraph/msgraph-sdk-java-core.git', 'ssh_url': 'git@github.com:microsoftgraph/msgraph-sdk-java-core.git', 'clone_url': 'https://github.com/microsoftgraph/msgraph-sdk-java-core.git', 'svn_url': 'https://github.com/microsoftgraph/msgraph-sdk-java-core', 'homepage': 'https://docs.microsoft.com/en-us/graph/sdks/sdks-overview', 'size': 1638, 'stargazers_count': 24, 'watchers_count': 24, 'language': 'Java', 'has_issues': True, 'has_projects': True, 'has_downloads': True, 'has_wiki': False, 'has_pages': False, 'forks_count': 22, 'mirror_url': None, 'archived': False, 'disabled': False, 'open_issues_count': 14, 'license': {'key': 'mit', 'name': 'MIT License', 'spdx_id': 'MIT', 'url': 'https://api.github.com/licenses/mit', 'node_id': 'MDc6TGljZW5zZTEz'}, 'allow_forking': True, 'is_template': False, 'topics': ['hacktoberfest', 'java', 'microsoft-graph', 'sdk'], 'visibility': 'public', 'forks': 22, 'open_issues': 14, 'watchers': 24, 'default_branch': 'dev'}}, '_links': {'self': {'href': 'https://api.github.com/repos/microsoftgraph/msgraph-sdk-java-core/pulls/484'}, 'html': {'href': 'https://github.com/microsoftgraph/msgraph-sdk-java-core/pull/484'}, 'issue': {'href': 'https://api.github.com/repos/microsoftgraph/msgraph-sdk-java-core/issues/484'}, 'comments': {'href': 'https://api.github.com/repos/microsoftgraph/msgraph-sdk-java-core/issues/484/comments'}, 'review_comments': {'href': 'https://api.github.com/repos/microsoftgraph/msgraph-sdk-java-core/pulls/484/comments'}, 'review_comment': {'href': 'https://api.github.com/repos/microsoftgraph/msgraph-sdk-java-core/pulls/comments{/number}'}, 'commits': {'href': 'https://api.github.com/repos/microsoftgraph/msgraph-sdk-java-core/pulls/484/commits'}, 'statuses': {'href': 'https://api.github.com/repos/microsoftgraph/msgraph-sdk-java-core/statuses/9d17a4986dfd41847391a87ea06dcf8891a6044b'}}, 'author_association': 'CONTRIBUTOR', 'auto_merge': None, 'active_lock_reason': None, 'merged': True, 'mergeable': None, 'rebaseable': None, 'mergeable_state': 'unknown', 'merged_by': {'login': 'ramsessanchez', 'id': 63934382, 'node_id': 'MDQ6VXNlcjYzOTM0Mzgy', 'avatar_url': 'https://avatars.githubusercontent.com/u/63934382?v=4', 'gravatar_id': '', 'url': 'https://api.github.com/users/ramsessanchez', 'html_url': 'https://github.com/ramsessanchez', 'followers_url': 'https://api.github.com/users/ramsessanchez/followers', 'following_url': 'https://api.github.com/users/ramsessanchez/following{/other_user}', 'gists_url': 'https://api.github.com/users/ramsessanchez/gists{/gist_id}', 'starred_url': 'https://api.github.com/users/ramsessanchez/starred{/owner}{/repo}', 'subscriptions_url': 'https://api.github.com/users/ramsessanchez/subscriptions', 'organizations_url': 'https://api.github.com/users/ramsessanchez/orgs', 'repos_url': 'https://api.github.com/users/ramsessanchez/repos', 'events_url': 'https://api.github.com/users/ramsessanchez/events{/privacy}', 'received_events_url': 'https://api.github.com/users/ramsessanchez/received_events', 'type': 'User', 'site_admin': False}, 'comments': 1, 'review_comments': 1, 'maintainer_can_modify': False, 'commits': 7, 'additions': 41, 'deletions': 4, 'changed_files': 3}}",closed,Java
21422538345,IssuesEvent,microsoftgraph/msgraph-sdk-java-core,0.0,2022-04-22T17:19:00Z,"{'action': 'closed', 'issue': {'url': 'https://api.github.com/repos/microsoftgraph/msgraph-sdk-java-core/issues/483', 'repository_url': 'https://api.github.com/repos/microsoftgraph/msgraph-sdk-java-core', 'labels_url': 'https://api.github.com/repos/microsoftgraph/msgraph-sdk-java-core/issues/483/labels{/name}', 'comments_url': 'https://api.github.com/repos/microsoftgraph/msgraph-sdk-java-core/issues/483/comments', 'events_url': 'https://api.github.com/repos/microsoftgraph/msgraph-sdk-java-core/issues/483/events', 'html_url': 'https://github.com/microsoftgraph/msgraph-sdk-java-core/issues/483', 'id': 1208765599, 'node_id': 'I_kwDOCTce4M5IDEyf', 'number': 483, 'title': 'Ability to add a hostname to the authentication provider', 'user': {'login': 'maisarissi', 'id': 22648831, 'node_id': 'MDQ6VXNlcjIyNjQ4ODMx', 'avatar_url': 'https://avatars.githubusercontent.com/u/22648831?v=4', 'gravatar_id': '', 'url': 'https://api.github.com/users/maisarissi', 'html_url': 'https://github.com/maisarissi', 'followers_url': 'https://api.github.com/users/maisarissi/followers', 'following_url': 'https://api.github.com/users/maisarissi/following{/other_user}', 'gists_url': 'https://api.github.com/users/maisarissi/gists{/gist_id}', 'starred_url': 'https://api.github.com/users/maisarissi/starred{/owner}{/repo}', 'subscriptions_url': 'https://api.github.com/users/maisarissi/subscriptions', 'organizations_url': 'https://api.github.com/users/maisarissi/orgs', 'repos_url': 'https://api.github.com/users/maisarissi/repos', 'events_url': 'https://api.github.com/users/maisarissi/events{/privacy}', 'received_events_url': 'https://api.github.com/users/maisarissi/received_events', 'type': 'User', 'site_admin': False}, 'labels': [{'id': 1103717013, 'node_id': 'MDU6TGFiZWwxMTAzNzE3MDEz', 'url': 'https://api.github.com/repos/microsoftgraph/msgraph-sdk-java-core/labels/enhancement', 'name': 'enhancement', 'color': 'a2eeef', 'default': True, 'description': 'New feature or request'}], 'state': 'closed', 'locked': False, 'assignee': {'login': 'ramsessanchez', 'id': 63934382, 'node_id': 'MDQ6VXNlcjYzOTM0Mzgy', 'avatar_url': 'https://avatars.githubusercontent.com/u/63934382?v=4', 'gravatar_id': '', 'url': 'https://api.github.com/users/ramsessanchez', 'html_url': 'https://github.com/ramsessanchez', 'followers_url': 'https://api.github.com/users/ramsessanchez/followers', 'following_url': 'https://api.github.com/users/ramsessanchez/following{/other_user}', 'gists_url': 'https://api.github.com/users/ramsessanchez/gists{/gist_id}', 'starred_url': 'https://api.github.com/users/ramsessanchez/starred{/owner}{/repo}', 'subscriptions_url': 'https://api.github.com/users/ramsessanchez/subscriptions', 'organizations_url': 'https://api.github.com/users/ramsessanchez/orgs', 'repos_url': 'https://api.github.com/users/ramsessanchez/repos', 'events_url': 'https://api.github.com/users/ramsessanchez/events{/privacy}', 'received_events_url': 'https://api.github.com/users/ramsessanchez/received_events', 'type': 'User', 'site_admin': False}, 'assignees': [{'login': 'ramsessanchez', 'id': 63934382, 'node_id': 'MDQ6VXNlcjYzOTM0Mzgy', 'avatar_url': 'https://avatars.githubusercontent.com/u/63934382?v=4', 'gravatar_id': '', 'url': 'https://api.github.com/users/ramsessanchez', 'html_url': 'https://github.com/ramsessanchez', 'followers_url': 'https://api.github.com/users/ramsessanchez/followers', 'following_url': 'https://api.github.com/users/ramsessanchez/following{/other_user}', 'gists_url': 'https://api.github.com/users/ramsessanchez/gists{/gist_id}', 'starred_url': 'https://api.github.com/users/ramsessanchez/starred{/owner}{/repo}', 'subscriptions_url': 'https://api.github.com/users/ramsessanchez/subscriptions', 'organizations_url': 'https://api.github.com/users/ramsessanchez/orgs', 'repos_url': 'https://api.github.com/users/ramsessanchez/repos', 'events_url': 'https://api.github.com/users/ramsessanchez/events{/privacy}', 'received_events_url': 'https://api.github.com/users/ramsessanchez/received_events', 'type': 'User', 'site_admin': False}], 'milestone': {'url': 'https://api.github.com/repos/microsoftgraph/msgraph-sdk-java-core/milestones/23', 'html_url': 'https://github.com/microsoftgraph/msgraph-sdk-java-core/milestone/23', 'labels_url': 'https://api.github.com/repos/microsoftgraph/msgraph-sdk-java-core/milestones/23/labels', 'id': 7642528, 'node_id': 'MI_kwDOCTce4M4AdJ2g', 'number': 23, 'title': '2.0.12', 'description': '', 'creator': {'login': 'baywet', 'id': 7905502, 'node_id': 'MDQ6VXNlcjc5MDU1MDI=', 'avatar_url': 'https://avatars.githubusercontent.com/u/7905502?v=4', 'gravatar_id': '', 'url': 'https://api.github.com/users/baywet', 'html_url': 'https://github.com/baywet', 'followers_url': 'https://api.github.com/users/baywet/followers', 'following_url': 'https://api.github.com/users/baywet/following{/other_user}', 'gists_url': 'https://api.github.com/users/baywet/gists{/gist_id}', 'starred_url': 'https://api.github.com/users/baywet/starred{/owner}{/repo}', 'subscriptions_url': 'https://api.github.com/users/baywet/subscriptions', 'organizations_url': 'https://api.github.com/users/baywet/orgs', 'repos_url': 'https://api.github.com/users/baywet/repos', 'events_url': 'https://api.github.com/users/baywet/events{/privacy}', 'received_events_url': 'https://api.github.com/users/baywet/received_events', 'type': 'User', 'site_admin': False}, 'open_issues': 1, 'closed_issues': 45, 'state': 'open', 'created_at': '2022-02-04T19:18:46Z', 'updated_at': '2022-04-22T17:19:00Z', 'due_on': None, 'closed_at': None}, 'comments': 0, 'created_at': '2022-04-19T19:18:17Z', 'updated_at': '2022-04-22T17:19:00Z', 'closed_at': '2022-04-22T17:19:00Z', 'author_association': 'NONE', 'active_lock_reason': None, 'body': 'As part of the work on testing the support for HTTP/2 through the SDK we have identified that the [list of hostnames](https://github.com/microsoftgraph/msgraph-sdk-java-core/blob/21b1d75b5f10496a6916a33a4ead8d8425075988/src/main/java/com/microsoft/graph/authentication/BaseAuthenticationProvider.java#L14) is hardcoded in the current Java SDK.\r\nMeaning that customizing the client creation will not be enough to call the test endpoint as it doesn\'t belong to any of the hardcoded hostnames.\r\n\r\nOn Go SDK we can do that by adding the following:\r\n```golang\r\nNewAzureIdentityAuthenticationProviderWithScopesAndValidHosts(yourCrendential, yourScopes, []string{""microsoftgraphvalidation.ags.msidentity.com""})\r\n```\r\n\r\nWe should have a similar experience in providing ways for customers to use Java SDK when testing their applications within HTTP/2 by adding the capability of changing the hostname.', 'reactions': {'url': 'https://api.github.com/repos/microsoftgraph/msgraph-sdk-java-core/issues/483/reactions', 'total_count': 0, '+1': 0, '-1': 0, 'laugh': 0, 'hooray': 0, 'confused': 0, 'heart': 0, 'rocket': 0, 'eyes': 0}, 'timeline_url': 'https://api.github.com/repos/microsoftgraph/msgraph-sdk-java-core/issues/483/timeline', 'performed_via_github_app': None}}",closed,Java
21422283613,PushEvent,microsoftgraph/msgraph-sdk-java-core,0.0,2022-04-22T17:01:15Z,"{'push_id': 9695203619, 'size': 1, 'distinct_size': 1, 'ref': 'refs/heads/feature/AuthProviderWithHosts', 'head': '9d17a4986dfd41847391a87ea06dcf8891a6044b', 'before': '425a89d7313a1559adefca17a6d82c71e29ecb10', 'commits': [{'sha': '9d17a4986dfd41847391a87ea06dcf8891a6044b', 'author': {'email': 'ramses.sanchez99@gmail.com', 'name': 'ramsessanchez'}, 'message': 'correctly return hashset as array', 'distinct': True, 'url': 'https://api.github.com/repos/microsoftgraph/msgraph-sdk-java-core/commits/9d17a4986dfd41847391a87ea06dcf8891a6044b'}]}",,Java
21422091679,PushEvent,microsoftgraph/msgraph-sdk-java-core,0.0,2022-04-22T16:48:03Z,"{'push_id': 9695109223, 'size': 1, 'distinct_size': 1, 'ref': 'refs/heads/feature/AuthProviderWithHosts', 'head': '425a89d7313a1559adefca17a6d82c71e29ecb10', 'before': '37afc3bb420e0214f84db41fffc43035a030dfe9', 'commits': [{'sha': '425a89d7313a1559adefca17a6d82c71e29ecb10', 'author': {'email': 'ramses.sanchez99@gmail.com', 'name': 'ramsessanchez'}, 'message': 'Kotlin getter/setter compliance', 'distinct': True, 'url': 'https://api.github.com/repos/microsoftgraph/msgraph-sdk-java-core/commits/425a89d7313a1559adefca17a6d82c71e29ecb10'}]}",,Java
21421975019,PushEvent,microsoftgraph/msgraph-sdk-java-core,0.0,2022-04-22T16:40:14Z,"{'push_id': 9695052761, 'size': 1, 'distinct_size': 1, 'ref': 'refs/heads/feature/AuthProviderWithHosts', 'head': '37afc3bb420e0214f84db41fffc43035a030dfe9', 'before': '33d16d53a50659a6cefb1a1e27b96c563d977dfd', 'commits': [{'sha': '37afc3bb420e0214f84db41fffc43035a030dfe9', 'author': {'email': 'ramses.sanchez99@gmail.com', 'name': 'ramsessanchez'}, 'message': 'explict Null-ability', 'distinct': True, 'url': 'https://api.github.com/repos/microsoftgraph/msgraph-sdk-java-core/commits/37afc3bb420e0214f84db41fffc43035a030dfe9'}]}",,Java
21421965767,PushEvent,microsoftgraph/msgraph-sdk-java-core,0.0,2022-04-22T16:39:36Z,"{'push_id': 9695048236, 'size': 3, 'distinct_size': 3, 'ref': 'refs/heads/dev', 'head': '2b0d29922a355e41b035d254ec8fa77222bf83d6', 'before': 'f4a95558b6004145b75d3e20eb2942efe8eb8ff5', 'commits': [{'sha': '97e5cbe15770bddf58c43a2cb18cdee5da1e5a47', 'author': {'email': '49699333+dependabot[bot]@users.noreply.github.com', 'name': 'dependabot[bot]'}, 'message': 'Bump mockito-inline from 4.5.0 to 4.5.1 in /android\n\nBumps [mockito-inline](https://github.com/mockito/mockito) from 4.5.0 to 4.5.1.\n- [Release notes](https://github.com/mockito/mockito/releases)\n- [Commits](https://github.com/mockito/mockito/compare/v4.5.0...v4.5.1)\n\n---\nupdated-dependencies:\n- dependency-name: org.mockito:mockito-inline\n  dependency-type: direct:production\n  update-type: version-update:semver-patch\n...\n\nSigned-off-by: dependabot[bot] <support@github.com>', 'distinct': True, 'url': 'https://api.github.com/repos/microsoftgraph/msgraph-sdk-java-core/commits/97e5cbe15770bddf58c43a2cb18cdee5da1e5a47'}, {'sha': '0d64f84bc9942a5ce553f03e6c98578940a1c189', 'author': {'email': 'ramses.sanchez99@gmail.com', 'name': 'ramsessanchez'}, 'message': ""Merge remote-tracking branch 'origin/dev' into dependabot/gradle/android/org.mockito-mockito-inline-4.5.1"", 'distinct': True, 'url': 'https://api.github.com/repos/microsoftgraph/msgraph-sdk-java-core/commits/0d64f84bc9942a5ce553f03e6c98578940a1c189'}, {'sha': '2b0d29922a355e41b035d254ec8fa77222bf83d6', 'author': {'email': '63934382+ramsessanchez@users.noreply.github.com', 'name': 'ramsessanchez'}, 'message': 'Merge pull request #494 from microsoftgraph/dependabot/gradle/android/org.mockito-mockito-inline-4.5.1\n\nBump mockito-inline from 4.5.0 to 4.5.1 in /android', 'distinct': True, 'url': 'https://api.github.com/repos/microsoftgraph/msgraph-sdk-java-core/commits/2b0d29922a355e41b035d254ec8fa77222bf83d6'}]}",,Java
21421965703,DeleteEvent,microsoftgraph/msgraph-sdk-java-core,0.0,2022-04-22T16:39:36Z,"{'ref': 'dependabot/gradle/android/org.mockito-mockito-inline-4.5.1', 'ref_type': 'branch', 'pusher_type': 'user'}",,Java
21421965576,PullRequestEvent,microsoftgraph/msgraph-sdk-java-core,0.0,2022-04-22T16:39:36Z,"{'action': 'closed', 'number': 494, 'pull_request': {'url': 'https://api.github.com/repos/microsoftgraph/msgraph-sdk-java-core/pulls/494', 'id': 916162423, 'node_id': 'PR_kwDOCTce4M42m4d3', 'html_url': 'https://github.com/microsoftgraph/msgraph-sdk-java-core/pull/494', 'diff_url': 'https://github.com/microsoftgraph/msgraph-sdk-java-core/pull/494.diff', 'patch_url': 'https://github.com/microsoftgraph/msgraph-sdk-java-core/pull/494.patch', 'issue_url': 'https://api.github.com/repos/microsoftgraph/msgraph-sdk-java-core/issues/494', 'number': 494, 'state': 'closed', 'locked': False, 'title': 'Bump mockito-inline from 4.5.0 to 4.5.1 in /android', 'user': {'login': 'dependabot[bot]', 'id': 49699333, 'node_id': 'MDM6Qm90NDk2OTkzMzM=', 'avatar_url': 'https://avatars.githubusercontent.com/in/29110?v=4', 'gravatar_id': '', 'url': 'https://api.github.com/users/dependabot%5Bbot%5D', 'html_url': 'https://github.com/apps/dependabot', 'followers_url': 'https://api.github.com/users/dependabot%5Bbot%5D/followers', 'following_url': 'https://api.github.com/users/dependabot%5Bbot%5D/following{/other_user}', 'gists_url': 'https://api.github.com/users/dependabot%5Bbot%5D/gists{/gist_id}', 'starred_url': 'https://api.github.com/users/dependabot%5Bbot%5D/starred{/owner}{/repo}', 'subscriptions_url': 'https://api.github.com/users/dependabot%5Bbot%5D/subscriptions', 'organizations_url': 'https://api.github.com/users/dependabot%5Bbot%5D/orgs', 'repos_url': 'https://api.github.com/users/dependabot%5Bbot%5D/repos', 'events_url': 'https://api.github.com/users/dependabot%5Bbot%5D/events{/privacy}', 'received_events_url': 'https://api.github.com/users/dependabot%5Bbot%5D/received_events', 'type': 'Bot', 'site_admin': False}, 'body': 'Bumps [mockito-inline](https://github.com/mockito/mockito) from 4.5.0 to 4.5.1.\n<details>\n<summary>Release notes</summary>\n<p><em>Sourced from <a href=""https://github.com/mockito/mockito/releases"">mockito-inline\'s releases</a>.</em></p>\n<blockquote>\n<h2>v4.5.1</h2>\n<p><!-- raw HTML omitted --><!-- raw HTML omitted --><em>Changelog generated by <a href=""https://github.com/shipkit/shipkit-changelog"">Shipkit Changelog Gradle Plugin</a></em><!-- raw HTML omitted --><!-- raw HTML omitted --></p>\n<h4>4.5.1</h4>\n<ul>\n<li>2022-04-21 - <a href=""https://github.com/mockito/mockito/compare/v4.5.0...v4.5.1"">2 commit(s)</a> by Jeremy Landis, dependabot[bot]</li>\n<li>Fixes <a href=""https://github-redirect.dependabot.com/mockito/mockito/issues/2623"">#2623</a>: Use zulu distribution and java 11 for release GHA job [(<a href=""https://github-redirect.dependabot.com/mockito/mockito/issues/2624"">#2624</a>)](<a href=""https://github-redirect.dependabot.com/mockito/mockito/pull/2624"">mockito/mockito#2624</a>)</li>\n<li>Missing errorprone module for 4.5.0 in central as release was done with jdk 8 [(<a href=""https://github-redirect.dependabot.com/mockito/mockito/issues/2623"">#2623</a>)](<a href=""https://github-redirect.dependabot.com/mockito/mockito/issues/2623"">mockito/mockito#2623</a>)</li>\n<li>Bump kotlinVersion from 1.6.20 to 1.6.21 [(<a href=""https://github-redirect.dependabot.com/mockito/mockito/issues/2622"">#2622</a>)](<a href=""https://github-redirect.dependabot.com/mockito/mockito/pull/2622"">mockito/mockito#2622</a>)</li>\n</ul>\n</blockquote>\n</details>\n<details>\n<summary>Commits</summary>\n<ul>\n<li><a href=""https://github.com/mockito/mockito/commit/737f0a3517256af6ade37fd0e776a2bb230de553""><code>737f0a3</code></a> Fixes <a href=""https://github-redirect.dependabot.com/mockito/mockito/issues/2623"">#2623</a>: Use zulu distribution and java 11 for release GHA job (<a href=""https://github-redirect.dependabot.com/mockito/mockito/issues/2624"">#2624</a>)</li>\n<li><a href=""https://github.com/mockito/mockito/commit/f48d794ad14982a134fd14dd2aef03477b699dc6""><code>f48d794</code></a> Bump kotlinVersion from 1.6.20 to 1.6.21 (<a href=""https://github-redirect.dependabot.com/mockito/mockito/issues/2622"">#2622</a>)</li>\n<li>See full diff in <a href=""https://github.com/mockito/mockito/compare/v4.5.0...v4.5.1"">compare view</a></li>\n</ul>\n</details>\n<br />\n\n\n[![Dependabot compatibility score](https://dependabot-badges.githubapp.com/badges/compatibility_score?dependency-name=org.mockito:mockito-inline&package-manager=gradle&previous-version=4.5.0&new-version=4.5.1)](https://docs.github.com/en/github/managing-security-vulnerabilities/about-dependabot-security-updates#about-compatibility-scores)\n\nDependabot will resolve any conflicts with this PR as long as you don\'t alter it yourself. You can also trigger a rebase manually by commenting `@dependabot rebase`.\n\n[//]: # (dependabot-automerge-start)\n[//]: # (dependabot-automerge-end)\n\n---\n\n<details>\n<summary>Dependabot commands and options</summary>\n<br />\n\nYou can trigger Dependabot actions by commenting on this PR:\n- `@dependabot rebase` will rebase this PR\n- `@dependabot recreate` will recreate this PR, overwriting any edits that have been made to it\n- `@dependabot merge` will merge this PR after your CI passes on it\n- `@dependabot squash and merge` will squash and merge this PR after your CI passes on it\n- `@dependabot cancel merge` will cancel a previously requested merge and block automerging\n- `@dependabot reopen` will reopen this PR if it is closed\n- `@dependabot close` will close this PR and stop Dependabot recreating it. You can achieve the same result by closing it manually\n- `@dependabot ignore this major version` will close this PR and stop Dependabot creating any more for this major version (unless you reopen the PR or upgrade to it yourself)\n- `@dependabot ignore this minor version` will close this PR and stop Dependabot creating any more for this minor version (unless you reopen the PR or upgrade to it yourself)\n- `@dependabot ignore this dependency` will close this PR and stop Dependabot creating any more for this dependency (unless you reopen the PR or upgrade to it yourself)\n\n\n</details>', 'created_at': '2022-04-22T08:24:59Z', 'updated_at': '2022-04-22T16:39:35Z', 'closed_at': '2022-04-22T16:39:35Z', 'merged_at': '2022-04-22T16:39:35Z', 'merge_commit_sha': '2b0d29922a355e41b035d254ec8fa77222bf83d6', 'assignee': None, 'assignees': [], 'requested_reviewers': [{'login': 'zengin', 'id': 803311, 'node_id': 'MDQ6VXNlcjgwMzMxMQ==', 'avatar_url': 'https://avatars.githubusercontent.com/u/803311?v=4', 'gravatar_id': '', 'url': 'https://api.github.com/users/zengin', 'html_url': 'https://github.com/zengin', 'followers_url': 'https://api.github.com/users/zengin/followers', 'following_url': 'https://api.github.com/users/zengin/following{/other_user}', 'gists_url': 'https://api.github.com/users/zengin/gists{/gist_id}', 'starred_url': 'https://api.github.com/users/zengin/starred{/owner}{/repo}', 'subscriptions_url': 'https://api.github.com/users/zengin/subscriptions', 'organizations_url': 'https://api.github.com/users/zengin/orgs', 'repos_url': 'https://api.github.com/users/zengin/repos', 'events_url': 'https://api.github.com/users/zengin/events{/privacy}', 'received_events_url': 'https://api.github.com/users/zengin/received_events', 'type': 'User', 'site_admin': False}, {'login': 'baywet', 'id': 7905502, 'node_id': 'MDQ6VXNlcjc5MDU1MDI=', 'avatar_url': 'https://avatars.githubusercontent.com/u/7905502?v=4', 'gravatar_id': '', 'url': 'https://api.github.com/users/baywet', 'html_url': 'https://github.com/baywet', 'followers_url': 'https://api.github.com/users/baywet/followers', 'following_url': 'https://api.github.com/users/baywet/following{/other_user}', 'gists_url': 'https://api.github.com/users/baywet/gists{/gist_id}', 'starred_url': 'https://api.github.com/users/baywet/starred{/owner}{/repo}', 'subscriptions_url': 'https://api.github.com/users/baywet/subscriptions', 'organizations_url': 'https://api.github.com/users/baywet/orgs', 'repos_url': 'https://api.github.com/users/baywet/repos', 'events_url': 'https://api.github.com/users/baywet/events{/privacy}', 'received_events_url': 'https://api.github.com/users/baywet/received_events', 'type': 'User', 'site_admin': False}, {'login': 'MIchaelMainer', 'id': 8527305, 'node_id': 'MDQ6VXNlcjg1MjczMDU=', 'avatar_url': 'https://avatars.githubusercontent.com/u/8527305?v=4', 'gravatar_id': '', 'url': 'https://api.github.com/users/MIchaelMainer', 'html_url': 'https://github.com/MIchaelMainer', 'followers_url': 'https://api.github.com/users/MIchaelMainer/followers', 'following_url': 'https://api.github.com/users/MIchaelMainer/following{/other_user}', 'gists_url': 'https://api.github.com/users/MIchaelMainer/gists{/gist_id}', 'starred_url': 'https://api.github.com/users/MIchaelMainer/starred{/owner}{/repo}', 'subscriptions_url': 'https://api.github.com/users/MIchaelMainer/subscriptions', 'organizations_url': 'https://api.github.com/users/MIchaelMainer/orgs', 'repos_url': 'https://api.github.com/users/MIchaelMainer/repos', 'events_url': 'https://api.github.com/users/MIchaelMainer/events{/privacy}', 'received_events_url': 'https://api.github.com/users/MIchaelMainer/received_events', 'type': 'User', 'site_admin': False}, {'login': 'ddyett', 'id': 20829981, 'node_id': 'MDQ6VXNlcjIwODI5OTgx', 'avatar_url': 'https://avatars.githubusercontent.com/u/20829981?v=4', 'gravatar_id': '', 'url': 'https://api.github.com/users/ddyett', 'html_url': 'https://github.com/ddyett', 'followers_url': 'https://api.github.com/users/ddyett/followers', 'following_url': 'https://api.github.com/users/ddyett/following{/other_user}', 'gists_url': 'https://api.github.com/users/ddyett/gists{/gist_id}', 'starred_url': 'https://api.github.com/users/ddyett/starred{/owner}{/repo}', 'subscriptions_url': 'https://api.github.com/users/ddyett/subscriptions', 'organizations_url': 'https://api.github.com/users/ddyett/orgs', 'repos_url': 'https://api.github.com/users/ddyett/repos', 'events_url': 'https://api.github.com/users/ddyett/events{/privacy}', 'received_events_url': 'https://api.github.com/users/ddyett/received_events', 'type': 'User', 'site_admin': False}, {'login': 'nikithauc', 'id': 23219007, 'node_id': 'MDQ6VXNlcjIzMjE5MDA3', 'avatar_url': 'https://avatars.githubusercontent.com/u/23219007?v=4', 'gravatar_id': '', 'url': 'https://api.github.com/users/nikithauc', 'html_url': 'https://github.com/nikithauc', 'followers_url': 'https://api.github.com/users/nikithauc/followers', 'following_url': 'https://api.github.com/users/nikithauc/following{/other_user}', 'gists_url': 'https://api.github.com/users/nikithauc/gists{/gist_id}', 'starred_url': 'https://api.github.com/users/nikithauc/starred{/owner}{/repo}', 'subscriptions_url': 'https://api.github.com/users/nikithauc/subscriptions', 'organizations_url': 'https://api.github.com/users/nikithauc/orgs', 'repos_url': 'https://api.github.com/users/nikithauc/repos', 'events_url': 'https://api.github.com/users/nikithauc/events{/privacy}', 'received_events_url': 'https://api.github.com/users/nikithauc/received_events', 'type': 'User', 'site_admin': False}], 'requested_teams': [], 'labels': [{'id': 2289202878, 'node_id': 'MDU6TGFiZWwyMjg5MjAyODc4', 'url': 'https://api.github.com/repos/microsoftgraph/msgraph-sdk-java-core/labels/dependencies', 'name': 'dependencies', 'color': '0366d6', 'default': False, 'description': 'Pull requests that update a dependency file'}, {'id': 2289202921, 'node_id': 'MDU6TGFiZWwyMjg5MjAyOTIx', 'url': 'https://api.github.com/repos/microsoftgraph/msgraph-sdk-java-core/labels/java', 'name': 'java', 'color': 'ffa221', 'default': False, 'description': 'Pull requests that update Java code'}], 'milestone': None, 'draft': False, 'commits_url': 'https://api.github.com/repos/microsoftgraph/msgraph-sdk-java-core/pulls/494/commits', 'review_comments_url': 'https://api.github.com/repos/microsoftgraph/msgraph-sdk-java-core/pulls/494/comments', 'review_comment_url': 'https://api.github.com/repos/microsoftgraph/msgraph-sdk-java-core/pulls/comments{/number}', 'comments_url': 'https://api.github.com/repos/microsoftgraph/msgraph-sdk-java-core/issues/494/comments', 'statuses_url': 'https://api.github.com/repos/microsoftgraph/msgraph-sdk-java-core/statuses/0d64f84bc9942a5ce553f03e6c98578940a1c189', 'head': {'label': 'microsoftgraph:dependabot/gradle/android/org.mockito-mockito-inline-4.5.1', 'ref': 'dependabot/gradle/android/org.mockito-mockito-inline-4.5.1', 'sha': '0d64f84bc9942a5ce553f03e6c98578940a1c189', 'user': {'login': 'microsoftgraph', 'id': 17304259, 'node_id': 'MDEyOk9yZ2FuaXphdGlvbjE3MzA0MjU5', 'avatar_url': 'https://avatars.githubusercontent.com/u/17304259?v=4', 'gravatar_id': '', 'url': 'https://api.github.com/users/microsoftgraph', 'html_url': 'https://github.com/microsoftgraph', 'followers_url': 'https://api.github.com/users/microsoftgraph/followers', 'following_url': 'https://api.github.com/users/microsoftgraph/following{/other_user}', 'gists_url': 'https://api.github.com/users/microsoftgraph/gists{/gist_id}', 'starred_url': 'https://api.github.com/users/microsoftgraph/starred{/owner}{/repo}', 'subscriptions_url': 'https://api.github.com/users/microsoftgraph/subscriptions', 'organizations_url': 'https://api.github.com/users/microsoftgraph/orgs', 'repos_url': 'https://api.github.com/users/microsoftgraph/repos', 'events_url': 'https://api.github.com/users/microsoftgraph/events{/privacy}', 'received_events_url': 'https://api.github.com/users/microsoftgraph/received_events', 'type': 'Organization', 'site_admin': False}, 'repo': {'id': 154607328, 'node_id': 'MDEwOlJlcG9zaXRvcnkxNTQ2MDczMjg=', 'name': 'msgraph-sdk-java-core', 'full_name': 'microsoftgraph/msgraph-sdk-java-core', 'private': False, 'owner': {'login': 'microsoftgraph', 'id': 17304259, 'node_id': 'MDEyOk9yZ2FuaXphdGlvbjE3MzA0MjU5', 'avatar_url': 'https://avatars.githubusercontent.com/u/17304259?v=4', 'gravatar_id': '', 'url': 'https://api.github.com/users/microsoftgraph', 'html_url': 'https://github.com/microsoftgraph', 'followers_url': 'https://api.github.com/users/microsoftgraph/followers', 'following_url': 'https://api.github.com/users/microsoftgraph/following{/other_user}', 'gists_url': 'https://api.github.com/users/microsoftgraph/gists{/gist_id}', 'starred_url': 'https://api.github.com/users/microsoftgraph/starred{/owner}{/repo}', 'subscriptions_url': 'https://api.github.com/users/microsoftgraph/subscriptions', 'organizations_url': 'https://api.github.com/users/microsoftgraph/orgs', 'repos_url': 'https://api.github.com/users/microsoftgraph/repos', 'events_url': 'https://api.github.com/users/microsoftgraph/events{/privacy}', 'received_events_url': 'https://api.github.com/users/microsoftgraph/received_events', 'type': 'Organization', 'site_admin': False}, 'html_url': 'https://github.com/microsoftgraph/msgraph-sdk-java-core', 'description': 'Microsoft Graph SDK for Java - Core Library', 'fork': False, 'url': 'https://api.github.com/repos/microsoftgraph/msgraph-sdk-java-core', 'forks_url': 'https://api.github.com/repos/microsoftgraph/msgraph-sdk-java-core/forks', 'keys_url': 'https://api.github.com/repos/microsoftgraph/msgraph-sdk-java-core/keys{/key_id}', 'collaborators_url': 'https://api.github.com/repos/microsoftgraph/msgraph-sdk-java-core/collaborators{/collaborator}', 'teams_url': 'https://api.github.com/repos/microsoftgraph/msgraph-sdk-java-core/teams', 'hooks_url': 'https://api.github.com/repos/microsoftgraph/msgraph-sdk-java-core/hooks', 'issue_events_url': 'https://api.github.com/repos/microsoftgraph/msgraph-sdk-java-core/issues/events{/number}', 'events_url': 'https://api.github.com/repos/microsoftgraph/msgraph-sdk-java-core/events', 'assignees_url': 'https://api.github.com/repos/microsoftgraph/msgraph-sdk-java-core/assignees{/user}', 'branches_url': 'https://api.github.com/repos/microsoftgraph/msgraph-sdk-java-core/branches{/branch}', 'tags_url': 'https://api.github.com/repos/microsoftgraph/msgraph-sdk-java-core/tags', 'blobs_url': 'https://api.github.com/repos/microsoftgraph/msgraph-sdk-java-core/git/blobs{/sha}', 'git_tags_url': 'https://api.github.com/repos/microsoftgraph/msgraph-sdk-java-core/git/tags{/sha}', 'git_refs_url': 'https://api.github.com/repos/microsoftgraph/msgraph-sdk-java-core/git/refs{/sha}', 'trees_url': 'https://api.github.com/repos/microsoftgraph/msgraph-sdk-java-core/git/trees{/sha}', 'statuses_url': 'https://api.github.com/repos/microsoftgraph/msgraph-sdk-java-core/statuses/{sha}', 'languages_url': 'https://api.github.com/repos/microsoftgraph/msgraph-sdk-java-core/languages', 'stargazers_url': 'https://api.github.com/repos/microsoftgraph/msgraph-sdk-java-core/stargazers', 'contributors_url': 'https://api.github.com/repos/microsoftgraph/msgraph-sdk-java-core/contributors', 'subscribers_url': 'https://api.github.com/repos/microsoftgraph/msgraph-sdk-java-core/subscribers', 'subscription_url': 'https://api.github.com/repos/microsoftgraph/msgraph-sdk-java-core/subscription', 'commits_url': 'https://api.github.com/repos/microsoftgraph/msgraph-sdk-java-core/commits{/sha}', 'git_commits_url': 'https://api.github.com/repos/microsoftgraph/msgraph-sdk-java-core/git/commits{/sha}', 'comments_url': 'https://api.github.com/repos/microsoftgraph/msgraph-sdk-java-core/comments{/number}', 'issue_comment_url': 'https://api.github.com/repos/microsoftgraph/msgraph-sdk-java-core/issues/comments{/number}', 'contents_url': 'https://api.github.com/repos/microsoftgraph/msgraph-sdk-java-core/contents/{+path}', 'compare_url': 'https://api.github.com/repos/microsoftgraph/msgraph-sdk-java-core/compare/{base}...{head}', 'merges_url': 'https://api.github.com/repos/microsoftgraph/msgraph-sdk-java-core/merges', 'archive_url': 'https://api.github.com/repos/microsoftgraph/msgraph-sdk-java-core/{archive_format}{/ref}', 'downloads_url': 'https://api.github.com/repos/microsoftgraph/msgraph-sdk-java-core/downloads', 'issues_url': 'https://api.github.com/repos/microsoftgraph/msgraph-sdk-java-core/issues{/number}', 'pulls_url': 'https://api.github.com/repos/microsoftgraph/msgraph-sdk-java-core/pulls{/number}', 'milestones_url': 'https://api.github.com/repos/microsoftgraph/msgraph-sdk-java-core/milestones{/number}', 'notifications_url': 'https://api.github.com/repos/microsoftgraph/msgraph-sdk-java-core/notifications{?since,all,participating}', 'labels_url': 'https://api.github.com/repos/microsoftgraph/msgraph-sdk-java-core/labels{/name}', 'releases_url': 'https://api.github.com/repos/microsoftgraph/msgraph-sdk-java-core/releases{/id}', 'deployments_url': 'https://api.github.com/repos/microsoftgraph/msgraph-sdk-java-core/deployments', 'created_at': '2018-10-25T03:53:47Z', 'updated_at': '2022-04-22T09:16:17Z', 'pushed_at': '2022-04-22T16:39:35Z', 'git_url': 'git://github.com/microsoftgraph/msgraph-sdk-java-core.git', 'ssh_url': 'git@github.com:microsoftgraph/msgraph-sdk-java-core.git', 'clone_url': 'https://github.com/microsoftgraph/msgraph-sdk-java-core.git', 'svn_url': 'https://github.com/microsoftgraph/msgraph-sdk-java-core', 'homepage': 'https://docs.microsoft.com/en-us/graph/sdks/sdks-overview', 'size': 1625, 'stargazers_count': 24, 'watchers_count': 24, 'language': 'Java', 'has_issues': True, 'has_projects': True, 'has_downloads': True, 'has_wiki': False, 'has_pages': False, 'forks_count': 22, 'mirror_url': None, 'archived': False, 'disabled': False, 'open_issues_count': 16, 'license': {'key': 'mit', 'name': 'MIT License', 'spdx_id': 'MIT', 'url': 'https://api.github.com/licenses/mit', 'node_id': 'MDc6TGljZW5zZTEz'}, 'allow_forking': True, 'is_template': False, 'topics': ['hacktoberfest', 'java', 'microsoft-graph', 'sdk'], 'visibility': 'public', 'forks': 22, 'open_issues': 16, 'watchers': 24, 'default_branch': 'dev'}}, 'base': {'label': 'microsoftgraph:dev', 'ref': 'dev', 'sha': '44af82561659cc42dddc6f25b1f21183fd32ef1b', 'user': {'login': 'microsoftgraph', 'id': 17304259, 'node_id': 'MDEyOk9yZ2FuaXphdGlvbjE3MzA0MjU5', 'avatar_url': 'https://avatars.githubusercontent.com/u/17304259?v=4', 'gravatar_id': '', 'url': 'https://api.github.com/users/microsoftgraph', 'html_url': 'https://github.com/microsoftgraph', 'followers_url': 'https://api.github.com/users/microsoftgraph/followers', 'following_url': 'https://api.github.com/users/microsoftgraph/following{/other_user}', 'gists_url': 'https://api.github.com/users/microsoftgraph/gists{/gist_id}', 'starred_url': 'https://api.github.com/users/microsoftgraph/starred{/owner}{/repo}', 'subscriptions_url': 'https://api.github.com/users/microsoftgraph/subscriptions', 'organizations_url': 'https://api.github.com/users/microsoftgraph/orgs', 'repos_url': 'https://api.github.com/users/microsoftgraph/repos', 'events_url': 'https://api.github.com/users/microsoftgraph/events{/privacy}', 'received_events_url': 'https://api.github.com/users/microsoftgraph/received_events', 'type': 'Organization', 'site_admin': False}, 'repo': {'id': 154607328, 'node_id': 'MDEwOlJlcG9zaXRvcnkxNTQ2MDczMjg=', 'name': 'msgraph-sdk-java-core', 'full_name': 'microsoftgraph/msgraph-sdk-java-core', 'private': False, 'owner': {'login': 'microsoftgraph', 'id': 17304259, 'node_id': 'MDEyOk9yZ2FuaXphdGlvbjE3MzA0MjU5', 'avatar_url': 'https://avatars.githubusercontent.com/u/17304259?v=4', 'gravatar_id': '', 'url': 'https://api.github.com/users/microsoftgraph', 'html_url': 'https://github.com/microsoftgraph', 'followers_url': 'https://api.github.com/users/microsoftgraph/followers', 'following_url': 'https://api.github.com/users/microsoftgraph/following{/other_user}', 'gists_url': 'https://api.github.com/users/microsoftgraph/gists{/gist_id}', 'starred_url': 'https://api.github.com/users/microsoftgraph/starred{/owner}{/repo}', 'subscriptions_url': 'https://api.github.com/users/microsoftgraph/subscriptions', 'organizations_url': 'https://api.github.com/users/microsoftgraph/orgs', 'repos_url': 'https://api.github.com/users/microsoftgraph/repos', 'events_url': 'https://api.github.com/users/microsoftgraph/events{/privacy}', 'received_events_url': 'https://api.github.com/users/microsoftgraph/received_events', 'type': 'Organization', 'site_admin': False}, 'html_url': 'https://github.com/microsoftgraph/msgraph-sdk-java-core', 'description': 'Microsoft Graph SDK for Java - Core Library', 'fork': False, 'url': 'https://api.github.com/repos/microsoftgraph/msgraph-sdk-java-core', 'forks_url': 'https://api.github.com/repos/microsoftgraph/msgraph-sdk-java-core/forks', 'keys_url': 'https://api.github.com/repos/microsoftgraph/msgraph-sdk-java-core/keys{/key_id}', 'collaborators_url': 'https://api.github.com/repos/microsoftgraph/msgraph-sdk-java-core/collaborators{/collaborator}', 'teams_url': 'https://api.github.com/repos/microsoftgraph/msgraph-sdk-java-core/teams', 'hooks_url': 'https://api.github.com/repos/microsoftgraph/msgraph-sdk-java-core/hooks', 'issue_events_url': 'https://api.github.com/repos/microsoftgraph/msgraph-sdk-java-core/issues/events{/number}', 'events_url': 'https://api.github.com/repos/microsoftgraph/msgraph-sdk-java-core/events', 'assignees_url': 'https://api.github.com/repos/microsoftgraph/msgraph-sdk-java-core/assignees{/user}', 'branches_url': 'https://api.github.com/repos/microsoftgraph/msgraph-sdk-java-core/branches{/branch}', 'tags_url': 'https://api.github.com/repos/microsoftgraph/msgraph-sdk-java-core/tags', 'blobs_url': 'https://api.github.com/repos/microsoftgraph/msgraph-sdk-java-core/git/blobs{/sha}', 'git_tags_url': 'https://api.github.com/repos/microsoftgraph/msgraph-sdk-java-core/git/tags{/sha}', 'git_refs_url': 'https://api.github.com/repos/microsoftgraph/msgraph-sdk-java-core/git/refs{/sha}', 'trees_url': 'https://api.github.com/repos/microsoftgraph/msgraph-sdk-java-core/git/trees{/sha}', 'statuses_url': 'https://api.github.com/repos/microsoftgraph/msgraph-sdk-java-core/statuses/{sha}', 'languages_url': 'https://api.github.com/repos/microsoftgraph/msgraph-sdk-java-core/languages', 'stargazers_url': 'https://api.github.com/repos/microsoftgraph/msgraph-sdk-java-core/stargazers', 'contributors_url': 'https://api.github.com/repos/microsoftgraph/msgraph-sdk-java-core/contributors', 'subscribers_url': 'https://api.github.com/repos/microsoftgraph/msgraph-sdk-java-core/subscribers', 'subscription_url': 'https://api.github.com/repos/microsoftgraph/msgraph-sdk-java-core/subscription', 'commits_url': 'https://api.github.com/repos/microsoftgraph/msgraph-sdk-java-core/commits{/sha}', 'git_commits_url': 'https://api.github.com/repos/microsoftgraph/msgraph-sdk-java-core/git/commits{/sha}', 'comments_url': 'https://api.github.com/repos/microsoftgraph/msgraph-sdk-java-core/comments{/number}', 'issue_comment_url': 'https://api.github.com/repos/microsoftgraph/msgraph-sdk-java-core/issues/comments{/number}', 'contents_url': 'https://api.github.com/repos/microsoftgraph/msgraph-sdk-java-core/contents/{+path}', 'compare_url': 'https://api.github.com/repos/microsoftgraph/msgraph-sdk-java-core/compare/{base}...{head}', 'merges_url': 'https://api.github.com/repos/microsoftgraph/msgraph-sdk-java-core/merges', 'archive_url': 'https://api.github.com/repos/microsoftgraph/msgraph-sdk-java-core/{archive_format}{/ref}', 'downloads_url': 'https://api.github.com/repos/microsoftgraph/msgraph-sdk-java-core/downloads', 'issues_url': 'https://api.github.com/repos/microsoftgraph/msgraph-sdk-java-core/issues{/number}', 'pulls_url': 'https://api.github.com/repos/microsoftgraph/msgraph-sdk-java-core/pulls{/number}', 'milestones_url': 'https://api.github.com/repos/microsoftgraph/msgraph-sdk-java-core/milestones{/number}', 'notifications_url': 'https://api.github.com/repos/microsoftgraph/msgraph-sdk-java-core/notifications{?since,all,participating}', 'labels_url': 'https://api.github.com/repos/microsoftgraph/msgraph-sdk-java-core/labels{/name}', 'releases_url': 'https://api.github.com/repos/microsoftgraph/msgraph-sdk-java-core/releases{/id}', 'deployments_url': 'https://api.github.com/repos/microsoftgraph/msgraph-sdk-java-core/deployments', 'created_at': '2018-10-25T03:53:47Z', 'updated_at': '2022-04-22T09:16:17Z', 'pushed_at': '2022-04-22T16:39:35Z', 'git_url': 'git://github.com/microsoftgraph/msgraph-sdk-java-core.git', 'ssh_url': 'git@github.com:microsoftgraph/msgraph-sdk-java-core.git', 'clone_url': 'https://github.com/microsoftgraph/msgraph-sdk-java-core.git', 'svn_url': 'https://github.com/microsoftgraph/msgraph-sdk-java-core', 'homepage': 'https://docs.microsoft.com/en-us/graph/sdks/sdks-overview', 'size': 1625, 'stargazers_count': 24, 'watchers_count': 24, 'language': 'Java', 'has_issues': True, 'has_projects': True, 'has_downloads': True, 'has_wiki': False, 'has_pages': False, 'forks_count': 22, 'mirror_url': None, 'archived': False, 'disabled': False, 'open_issues_count': 16, 'license': {'key': 'mit', 'name': 'MIT License', 'spdx_id': 'MIT', 'url': 'https://api.github.com/licenses/mit', 'node_id': 'MDc6TGljZW5zZTEz'}, 'allow_forking': True, 'is_template': False, 'topics': ['hacktoberfest', 'java', 'microsoft-graph', 'sdk'], 'visibility': 'public', 'forks': 22, 'open_issues': 16, 'watchers': 24, 'default_branch': 'dev'}}, '_links': {'self': {'href': 'https://api.github.com/repos/microsoftgraph/msgraph-sdk-java-core/pulls/494'}, 'html': {'href': 'https://github.com/microsoftgraph/msgraph-sdk-java-core/pull/494'}, 'issue': {'href': 'https://api.github.com/repos/microsoftgraph/msgraph-sdk-java-core/issues/494'}, 'comments': {'href': 'https://api.github.com/repos/microsoftgraph/msgraph-sdk-java-core/issues/494/comments'}, 'review_comments': {'href': 'https://api.github.com/repos/microsoftgraph/msgraph-sdk-java-core/pulls/494/comments'}, 'review_comment': {'href': 'https://api.github.com/repos/microsoftgraph/msgraph-sdk-java-core/pulls/comments{/number}'}, 'commits': {'href': 'https://api.github.com/repos/microsoftgraph/msgraph-sdk-java-core/pulls/494/commits'}, 'statuses': {'href': 'https://api.github.com/repos/microsoftgraph/msgraph-sdk-java-core/statuses/0d64f84bc9942a5ce553f03e6c98578940a1c189'}}, 'author_association': 'CONTRIBUTOR', 'auto_merge': {'enabled_by': {'login': 'ramsessanchez', 'id': 63934382, 'node_id': 'MDQ6VXNlcjYzOTM0Mzgy', 'avatar_url': 'https://avatars.githubusercontent.com/u/63934382?v=4', 'gravatar_id': '', 'url': 'https://api.github.com/users/ramsessanchez', 'html_url': 'https://github.com/ramsessanchez', 'followers_url': 'https://api.github.com/users/ramsessanchez/followers', 'following_url': 'https://api.github.com/users/ramsessanchez/following{/other_user}', 'gists_url': 'https://api.github.com/users/ramsessanchez/gists{/gist_id}', 'starred_url': 'https://api.github.com/users/ramsessanchez/starred{/owner}{/repo}', 'subscriptions_url': 'https://api.github.com/users/ramsessanchez/subscriptions', 'organizations_url': 'https://api.github.com/users/ramsessanchez/orgs', 'repos_url': 'https://api.github.com/users/ramsessanchez/repos', 'events_url': 'https://api.github.com/users/ramsessanchez/events{/privacy}', 'received_events_url': 'https://api.github.com/users/ramsessanchez/received_events', 'type': 'User', 'site_admin': False}, 'merge_method': 'merge', 'commit_title': 'Merge pull request #494 from microsoftgraph/dependabot/gradle/android/org.mockito-mockito-inline-4.5.1', 'commit_message': 'Bump mockito-inline from 4.5.0 to 4.5.1 in /android'}, 'active_lock_reason': None, 'merged': True, 'mergeable': None, 'rebaseable': None, 'mergeable_state': 'unknown', 'merged_by': {'login': 'ramsessanchez', 'id': 63934382, 'node_id': 'MDQ6VXNlcjYzOTM0Mzgy', 'avatar_url': 'https://avatars.githubusercontent.com/u/63934382?v=4', 'gravatar_id': '', 'url': 'https://api.github.com/users/ramsessanchez', 'html_url': 'https://github.com/ramsessanchez', 'followers_url': 'https://api.github.com/users/ramsessanchez/followers', 'following_url': 'https://api.github.com/users/ramsessanchez/following{/other_user}', 'gists_url': 'https://api.github.com/users/ramsessanchez/gists{/gist_id}', 'starred_url': 'https://api.github.com/users/ramsessanchez/starred{/owner}{/repo}', 'subscriptions_url': 'https://api.github.com/users/ramsessanchez/subscriptions', 'organizations_url': 'https://api.github.com/users/ramsessanchez/orgs', 'repos_url': 'https://api.github.com/users/ramsessanchez/repos', 'events_url': 'https://api.github.com/users/ramsessanchez/events{/privacy}', 'received_events_url': 'https://api.github.com/users/ramsessanchez/received_events', 'type': 'User', 'site_admin': False}, 'comments': 1, 'review_comments': 0, 'maintainer_can_modify': False, 'commits': 2, 'additions': 1, 'deletions': 1, 'changed_files': 1}}",closed,Java
21421955286,PushEvent,microsoftgraph/msgraph-sdk-java-core,0.0,2022-04-22T16:38:54Z,"{'push_id': 9695043005, 'size': 3, 'distinct_size': 3, 'ref': 'refs/heads/dev', 'head': 'f4a95558b6004145b75d3e20eb2942efe8eb8ff5', 'before': 'b77ea90b2952b4ff866a5339cffd596df0edad3a', 'commits': [{'sha': '0f041f279c86b973cb987a1e5000f82c8e17ff75', 'author': {'email': '49699333+dependabot[bot]@users.noreply.github.com', 'name': 'dependabot[bot]'}, 'message': 'Bump android-actions/setup-android from 2.0.7 to 2.0.8\n\nBumps [android-actions/setup-android](https://github.com/android-actions/setup-android) from 2.0.7 to 2.0.8.\n- [Release notes](https://github.com/android-actions/setup-android/releases)\n- [Commits](https://github.com/android-actions/setup-android/compare/v2.0.7...v2.0.8)\n\n---\nupdated-dependencies:\n- dependency-name: android-actions/setup-android\n  dependency-type: direct:production\n  update-type: version-update:semver-patch\n...\n\nSigned-off-by: dependabot[bot] <support@github.com>', 'distinct': True, 'url': 'https://api.github.com/repos/microsoftgraph/msgraph-sdk-java-core/commits/0f041f279c86b973cb987a1e5000f82c8e17ff75'}, {'sha': '88301a6bade57f47aa33b0c48ef522590ac25f6b', 'author': {'email': 'ramses.sanchez99@gmail.com', 'name': 'ramsessanchez'}, 'message': ""Merge remote-tracking branch 'origin/dev' into dependabot/github_actions/android-actions/setup-android-2.0.8"", 'distinct': True, 'url': 'https://api.github.com/repos/microsoftgraph/msgraph-sdk-java-core/commits/88301a6bade57f47aa33b0c48ef522590ac25f6b'}, {'sha': 'f4a95558b6004145b75d3e20eb2942efe8eb8ff5', 'author': {'email': '63934382+ramsessanchez@users.noreply.github.com', 'name': 'ramsessanchez'}, 'message': 'Merge pull request #492 from microsoftgraph/dependabot/github_actions/android-actions/setup-android-2.0.8\n\nBump android-actions/setup-android from 2.0.7 to 2.0.8', 'distinct': True, 'url': 'https://api.github.com/repos/microsoftgraph/msgraph-sdk-java-core/commits/f4a95558b6004145b75d3e20eb2942efe8eb8ff5'}]}",,Java
21421955246,DeleteEvent,microsoftgraph/msgraph-sdk-java-core,0.0,2022-04-22T16:38:54Z,"{'ref': 'dependabot/github_actions/android-actions/setup-android-2.0.8', 'ref_type': 'branch', 'pusher_type': 'user'}",,Java
21421955077,PullRequestEvent,microsoftgraph/msgraph-sdk-java-core,0.0,2022-04-22T16:38:53Z,"{'action': 'closed', 'number': 492, 'pull_request': {'url': 'https://api.github.com/repos/microsoftgraph/msgraph-sdk-java-core/pulls/492', 'id': 916139085, 'node_id': 'PR_kwDOCTce4M42myxN', 'html_url': 'https://github.com/microsoftgraph/msgraph-sdk-java-core/pull/492', 'diff_url': 'https://github.com/microsoftgraph/msgraph-sdk-java-core/pull/492.diff', 'patch_url': 'https://github.com/microsoftgraph/msgraph-sdk-java-core/pull/492.patch', 'issue_url': 'https://api.github.com/repos/microsoftgraph/msgraph-sdk-java-core/issues/492', 'number': 492, 'state': 'closed', 'locked': False, 'title': 'Bump android-actions/setup-android from 2.0.7 to 2.0.8', 'user': {'login': 'dependabot[bot]', 'id': 49699333, 'node_id': 'MDM6Qm90NDk2OTkzMzM=', 'avatar_url': 'https://avatars.githubusercontent.com/in/29110?v=4', 'gravatar_id': '', 'url': 'https://api.github.com/users/dependabot%5Bbot%5D', 'html_url': 'https://github.com/apps/dependabot', 'followers_url': 'https://api.github.com/users/dependabot%5Bbot%5D/followers', 'following_url': 'https://api.github.com/users/dependabot%5Bbot%5D/following{/other_user}', 'gists_url': 'https://api.github.com/users/dependabot%5Bbot%5D/gists{/gist_id}', 'starred_url': 'https://api.github.com/users/dependabot%5Bbot%5D/starred{/owner}{/repo}', 'subscriptions_url': 'https://api.github.com/users/dependabot%5Bbot%5D/subscriptions', 'organizations_url': 'https://api.github.com/users/dependabot%5Bbot%5D/orgs', 'repos_url': 'https://api.github.com/users/dependabot%5Bbot%5D/repos', 'events_url': 'https://api.github.com/users/dependabot%5Bbot%5D/events{/privacy}', 'received_events_url': 'https://api.github.com/users/dependabot%5Bbot%5D/received_events', 'type': 'Bot', 'site_admin': False}, 'body': 'Bumps [android-actions/setup-android](https://github.com/android-actions/setup-android) from 2.0.7 to 2.0.8.\n<details>\n<summary>Release notes</summary>\n<p><em>Sourced from <a href=""https://github.com/android-actions/setup-android/releases"">android-actions/setup-android\'s releases</a>.</em></p>\n<blockquote>\n<h2>v2.0.8</h2>\n<p>cmdline-tools updated to v6 (from v3). Thanks to <a href=""https://github.com/mikehardy""><code>@\u200bmikehardy</code></a></p>\n<p>Also updated npm dependencies</p>\n</blockquote>\n</details>\n<details>\n<summary>Commits</summary>\n<ul>\n<li><a href=""https://github.com/android-actions/setup-android/commit/47ea4897899df0e5b56c43707cf6585918579695""><code>47ea489</code></a> [CI] Disable run.yml</li>\n<li><a href=""https://github.com/android-actions/setup-android/commit/244317f5bb6fbdd85f10c693988213df4fdeec3c""><code>244317f</code></a> Rebuild dist/index.js after dependency update</li>\n<li><a href=""https://github.com/android-actions/setup-android/commit/5440ded976ec37d2693bc1bbd46aadd929f322ce""><code>5440ded</code></a> [ESLint] warn instead of error about English text in string literals</li>\n<li><a href=""https://github.com/android-actions/setup-android/commit/e94bbf69b53091519d1131be76785133229f7881""><code>e94bbf6</code></a> Update npm dependencies</li>\n<li><a href=""https://github.com/android-actions/setup-android/commit/98f14d164f835d633cdac1232ae813f6da92b4cd""><code>98f14d1</code></a> [CI][README.md] Update setup-java to v3</li>\n<li><a href=""https://github.com/android-actions/setup-android/commit/f56c207000dc7748ed17b593e0889d26fb792db8""><code>f56c207</code></a> [CI] Update actions/setup-node to v3 (sliding version, instead of 2.2.2)</li>\n<li><a href=""https://github.com/android-actions/setup-android/commit/a7d36b05d17886133807d578832bc8b62d983c8e""><code>a7d36b0</code></a> [CI][README.MD] Update actions/checkout to v3</li>\n<li><a href=""https://github.com/android-actions/setup-android/commit/20bad8a341810f0752053c6c7c7c2910e495e7ce""><code>20bad8a</code></a> [CI][Test] Update OS list</li>\n<li><a href=""https://github.com/android-actions/setup-android/commit/fc91ea75c17ca11a4ad9674eaed59859953a78b9""><code>fc91ea7</code></a> build(deps): bump tools version to v6 / 8092744</li>\n<li><a href=""https://github.com/android-actions/setup-android/commit/1685c3d8669829f192d94fcad89eba25ce558bb2""><code>1685c3d</code></a> workflow: code analysis</li>\n<li>Additional commits viewable in <a href=""https://github.com/android-actions/setup-android/compare/v2.0.7...v2.0.8"">compare view</a></li>\n</ul>\n</details>\n<br />\n\n\n[![Dependabot compatibility score](https://dependabot-badges.githubapp.com/badges/compatibility_score?dependency-name=android-actions/setup-android&package-manager=github_actions&previous-version=2.0.7&new-version=2.0.8)](https://docs.github.com/en/github/managing-security-vulnerabilities/about-dependabot-security-updates#about-compatibility-scores)\n\nDependabot will resolve any conflicts with this PR as long as you don\'t alter it yourself. You can also trigger a rebase manually by commenting `@dependabot rebase`.\n\n[//]: # (dependabot-automerge-start)\n[//]: # (dependabot-automerge-end)\n\n---\n\n<details>\n<summary>Dependabot commands and options</summary>\n<br />\n\nYou can trigger Dependabot actions by commenting on this PR:\n- `@dependabot rebase` will rebase this PR\n- `@dependabot recreate` will recreate this PR, overwriting any edits that have been made to it\n- `@dependabot merge` will merge this PR after your CI passes on it\n- `@dependabot squash and merge` will squash and merge this PR after your CI passes on it\n- `@dependabot cancel merge` will cancel a previously requested merge and block automerging\n- `@dependabot reopen` will reopen this PR if it is closed\n- `@dependabot close` will close this PR and stop Dependabot recreating it. You can achieve the same result by closing it manually\n- `@dependabot ignore this major version` will close this PR and stop Dependabot creating any more for this major version (unless you reopen the PR or upgrade to it yourself)\n- `@dependabot ignore this minor version` will close this PR and stop Dependabot creating any more for this minor version (unless you reopen the PR or upgrade to it yourself)\n- `@dependabot ignore this dependency` will close this PR and stop Dependabot creating any more for this dependency (unless you reopen the PR or upgrade to it yourself)\n\n\n</details>', 'created_at': '2022-04-22T08:05:06Z', 'updated_at': '2022-04-22T16:38:52Z', 'closed_at': '2022-04-22T16:38:52Z', 'merged_at': '2022-04-22T16:38:52Z', 'merge_commit_sha': 'f4a95558b6004145b75d3e20eb2942efe8eb8ff5', 'assignee': None, 'assignees': [], 'requested_reviewers': [{'login': 'zengin', 'id': 803311, 'node_id': 'MDQ6VXNlcjgwMzMxMQ==', 'avatar_url': 'https://avatars.githubusercontent.com/u/803311?v=4', 'gravatar_id': '', 'url': 'https://api.github.com/users/zengin', 'html_url': 'https://github.com/zengin', 'followers_url': 'https://api.github.com/users/zengin/followers', 'following_url': 'https://api.github.com/users/zengin/following{/other_user}', 'gists_url': 'https://api.github.com/users/zengin/gists{/gist_id}', 'starred_url': 'https://api.github.com/users/zengin/starred{/owner}{/repo}', 'subscriptions_url': 'https://api.github.com/users/zengin/subscriptions', 'organizations_url': 'https://api.github.com/users/zengin/orgs', 'repos_url': 'https://api.github.com/users/zengin/repos', 'events_url': 'https://api.github.com/users/zengin/events{/privacy}', 'received_events_url': 'https://api.github.com/users/zengin/received_events', 'type': 'User', 'site_admin': False}, {'login': 'baywet', 'id': 7905502, 'node_id': 'MDQ6VXNlcjc5MDU1MDI=', 'avatar_url': 'https://avatars.githubusercontent.com/u/7905502?v=4', 'gravatar_id': '', 'url': 'https://api.github.com/users/baywet', 'html_url': 'https://github.com/baywet', 'followers_url': 'https://api.github.com/users/baywet/followers', 'following_url': 'https://api.github.com/users/baywet/following{/other_user}', 'gists_url': 'https://api.github.com/users/baywet/gists{/gist_id}', 'starred_url': 'https://api.github.com/users/baywet/starred{/owner}{/repo}', 'subscriptions_url': 'https://api.github.com/users/baywet/subscriptions', 'organizations_url': 'https://api.github.com/users/baywet/orgs', 'repos_url': 'https://api.github.com/users/baywet/repos', 'events_url': 'https://api.github.com/users/baywet/events{/privacy}', 'received_events_url': 'https://api.github.com/users/baywet/received_events', 'type': 'User', 'site_admin': False}, {'login': 'MIchaelMainer', 'id': 8527305, 'node_id': 'MDQ6VXNlcjg1MjczMDU=', 'avatar_url': 'https://avatars.githubusercontent.com/u/8527305?v=4', 'gravatar_id': '', 'url': 'https://api.github.com/users/MIchaelMainer', 'html_url': 'https://github.com/MIchaelMainer', 'followers_url': 'https://api.github.com/users/MIchaelMainer/followers', 'following_url': 'https://api.github.com/users/MIchaelMainer/following{/other_user}', 'gists_url': 'https://api.github.com/users/MIchaelMainer/gists{/gist_id}', 'starred_url': 'https://api.github.com/users/MIchaelMainer/starred{/owner}{/repo}', 'subscriptions_url': 'https://api.github.com/users/MIchaelMainer/subscriptions', 'organizations_url': 'https://api.github.com/users/MIchaelMainer/orgs', 'repos_url': 'https://api.github.com/users/MIchaelMainer/repos', 'events_url': 'https://api.github.com/users/MIchaelMainer/events{/privacy}', 'received_events_url': 'https://api.github.com/users/MIchaelMainer/received_events', 'type': 'User', 'site_admin': False}, {'login': 'ddyett', 'id': 20829981, 'node_id': 'MDQ6VXNlcjIwODI5OTgx', 'avatar_url': 'https://avatars.githubusercontent.com/u/20829981?v=4', 'gravatar_id': '', 'url': 'https://api.github.com/users/ddyett', 'html_url': 'https://github.com/ddyett', 'followers_url': 'https://api.github.com/users/ddyett/followers', 'following_url': 'https://api.github.com/users/ddyett/following{/other_user}', 'gists_url': 'https://api.github.com/users/ddyett/gists{/gist_id}', 'starred_url': 'https://api.github.com/users/ddyett/starred{/owner}{/repo}', 'subscriptions_url': 'https://api.github.com/users/ddyett/subscriptions', 'organizations_url': 'https://api.github.com/users/ddyett/orgs', 'repos_url': 'https://api.github.com/users/ddyett/repos', 'events_url': 'https://api.github.com/users/ddyett/events{/privacy}', 'received_events_url': 'https://api.github.com/users/ddyett/received_events', 'type': 'User', 'site_admin': False}, {'login': 'nikithauc', 'id': 23219007, 'node_id': 'MDQ6VXNlcjIzMjE5MDA3', 'avatar_url': 'https://avatars.githubusercontent.com/u/23219007?v=4', 'gravatar_id': '', 'url': 'https://api.github.com/users/nikithauc', 'html_url': 'https://github.com/nikithauc', 'followers_url': 'https://api.github.com/users/nikithauc/followers', 'following_url': 'https://api.github.com/users/nikithauc/following{/other_user}', 'gists_url': 'https://api.github.com/users/nikithauc/gists{/gist_id}', 'starred_url': 'https://api.github.com/users/nikithauc/starred{/owner}{/repo}', 'subscriptions_url': 'https://api.github.com/users/nikithauc/subscriptions', 'organizations_url': 'https://api.github.com/users/nikithauc/orgs', 'repos_url': 'https://api.github.com/users/nikithauc/repos', 'events_url': 'https://api.github.com/users/nikithauc/events{/privacy}', 'received_events_url': 'https://api.github.com/users/nikithauc/received_events', 'type': 'User', 'site_admin': False}], 'requested_teams': [], 'labels': [{'id': 2289202878, 'node_id': 'MDU6TGFiZWwyMjg5MjAyODc4', 'url': 'https://api.github.com/repos/microsoftgraph/msgraph-sdk-java-core/labels/dependencies', 'name': 'dependencies', 'color': '0366d6', 'default': False, 'description': 'Pull requests that update a dependency file'}, {'id': 2888235572, 'node_id': 'MDU6TGFiZWwyODg4MjM1NTcy', 'url': 'https://api.github.com/repos/microsoftgraph/msgraph-sdk-java-core/labels/github_actions', 'name': 'github_actions', 'color': '000000', 'default': False, 'description': 'Pull requests that update Github_actions code'}], 'milestone': None, 'draft': False, 'commits_url': 'https://api.github.com/repos/microsoftgraph/msgraph-sdk-java-core/pulls/492/commits', 'review_comments_url': 'https://api.github.com/repos/microsoftgraph/msgraph-sdk-java-core/pulls/492/comments', 'review_comment_url': 'https://api.github.com/repos/microsoftgraph/msgraph-sdk-java-core/pulls/comments{/number}', 'comments_url': 'https://api.github.com/repos/microsoftgraph/msgraph-sdk-java-core/issues/492/comments', 'statuses_url': 'https://api.github.com/repos/microsoftgraph/msgraph-sdk-java-core/statuses/88301a6bade57f47aa33b0c48ef522590ac25f6b', 'head': {'label': 'microsoftgraph:dependabot/github_actions/android-actions/setup-android-2.0.8', 'ref': 'dependabot/github_actions/android-actions/setup-android-2.0.8', 'sha': '88301a6bade57f47aa33b0c48ef522590ac25f6b', 'user': {'login': 'microsoftgraph', 'id': 17304259, 'node_id': 'MDEyOk9yZ2FuaXphdGlvbjE3MzA0MjU5', 'avatar_url': 'https://avatars.githubusercontent.com/u/17304259?v=4', 'gravatar_id': '', 'url': 'https://api.github.com/users/microsoftgraph', 'html_url': 'https://github.com/microsoftgraph', 'followers_url': 'https://api.github.com/users/microsoftgraph/followers', 'following_url': 'https://api.github.com/users/microsoftgraph/following{/other_user}', 'gists_url': 'https://api.github.com/users/microsoftgraph/gists{/gist_id}', 'starred_url': 'https://api.github.com/users/microsoftgraph/starred{/owner}{/repo}', 'subscriptions_url': 'https://api.github.com/users/microsoftgraph/subscriptions', 'organizations_url': 'https://api.github.com/users/microsoftgraph/orgs', 'repos_url': 'https://api.github.com/users/microsoftgraph/repos', 'events_url': 'https://api.github.com/users/microsoftgraph/events{/privacy}', 'received_events_url': 'https://api.github.com/users/microsoftgraph/received_events', 'type': 'Organization', 'site_admin': False}, 'repo': {'id': 154607328, 'node_id': 'MDEwOlJlcG9zaXRvcnkxNTQ2MDczMjg=', 'name': 'msgraph-sdk-java-core', 'full_name': 'microsoftgraph/msgraph-sdk-java-core', 'private': False, 'owner': {'login': 'microsoftgraph', 'id': 17304259, 'node_id': 'MDEyOk9yZ2FuaXphdGlvbjE3MzA0MjU5', 'avatar_url': 'https://avatars.githubusercontent.com/u/17304259?v=4', 'gravatar_id': '', 'url': 'https://api.github.com/users/microsoftgraph', 'html_url': 'https://github.com/microsoftgraph', 'followers_url': 'https://api.github.com/users/microsoftgraph/followers', 'following_url': 'https://api.github.com/users/microsoftgraph/following{/other_user}', 'gists_url': 'https://api.github.com/users/microsoftgraph/gists{/gist_id}', 'starred_url': 'https://api.github.com/users/microsoftgraph/starred{/owner}{/repo}', 'subscriptions_url': 'https://api.github.com/users/microsoftgraph/subscriptions', 'organizations_url': 'https://api.github.com/users/microsoftgraph/orgs', 'repos_url': 'https://api.github.com/users/microsoftgraph/repos', 'events_url': 'https://api.github.com/users/microsoftgraph/events{/privacy}', 'received_events_url': 'https://api.github.com/users/microsoftgraph/received_events', 'type': 'Organization', 'site_admin': False}, 'html_url': 'https://github.com/microsoftgraph/msgraph-sdk-java-core', 'description': 'Microsoft Graph SDK for Java - Core Library', 'fork': False, 'url': 'https://api.github.com/repos/microsoftgraph/msgraph-sdk-java-core', 'forks_url': 'https://api.github.com/repos/microsoftgraph/msgraph-sdk-java-core/forks', 'keys_url': 'https://api.github.com/repos/microsoftgraph/msgraph-sdk-java-core/keys{/key_id}', 'collaborators_url': 'https://api.github.com/repos/microsoftgraph/msgraph-sdk-java-core/collaborators{/collaborator}', 'teams_url': 'https://api.github.com/repos/microsoftgraph/msgraph-sdk-java-core/teams', 'hooks_url': 'https://api.github.com/repos/microsoftgraph/msgraph-sdk-java-core/hooks', 'issue_events_url': 'https://api.github.com/repos/microsoftgraph/msgraph-sdk-java-core/issues/events{/number}', 'events_url': 'https://api.github.com/repos/microsoftgraph/msgraph-sdk-java-core/events', 'assignees_url': 'https://api.github.com/repos/microsoftgraph/msgraph-sdk-java-core/assignees{/user}', 'branches_url': 'https://api.github.com/repos/microsoftgraph/msgraph-sdk-java-core/branches{/branch}', 'tags_url': 'https://api.github.com/repos/microsoftgraph/msgraph-sdk-java-core/tags', 'blobs_url': 'https://api.github.com/repos/microsoftgraph/msgraph-sdk-java-core/git/blobs{/sha}', 'git_tags_url': 'https://api.github.com/repos/microsoftgraph/msgraph-sdk-java-core/git/tags{/sha}', 'git_refs_url': 'https://api.github.com/repos/microsoftgraph/msgraph-sdk-java-core/git/refs{/sha}', 'trees_url': 'https://api.github.com/repos/microsoftgraph/msgraph-sdk-java-core/git/trees{/sha}', 'statuses_url': 'https://api.github.com/repos/microsoftgraph/msgraph-sdk-java-core/statuses/{sha}', 'languages_url': 'https://api.github.com/repos/microsoftgraph/msgraph-sdk-java-core/languages', 'stargazers_url': 'https://api.github.com/repos/microsoftgraph/msgraph-sdk-java-core/stargazers', 'contributors_url': 'https://api.github.com/repos/microsoftgraph/msgraph-sdk-java-core/contributors', 'subscribers_url': 'https://api.github.com/repos/microsoftgraph/msgraph-sdk-java-core/subscribers', 'subscription_url': 'https://api.github.com/repos/microsoftgraph/msgraph-sdk-java-core/subscription', 'commits_url': 'https://api.github.com/repos/microsoftgraph/msgraph-sdk-java-core/commits{/sha}', 'git_commits_url': 'https://api.github.com/repos/microsoftgraph/msgraph-sdk-java-core/git/commits{/sha}', 'comments_url': 'https://api.github.com/repos/microsoftgraph/msgraph-sdk-java-core/comments{/number}', 'issue_comment_url': 'https://api.github.com/repos/microsoftgraph/msgraph-sdk-java-core/issues/comments{/number}', 'contents_url': 'https://api.github.com/repos/microsoftgraph/msgraph-sdk-java-core/contents/{+path}', 'compare_url': 'https://api.github.com/repos/microsoftgraph/msgraph-sdk-java-core/compare/{base}...{head}', 'merges_url': 'https://api.github.com/repos/microsoftgraph/msgraph-sdk-java-core/merges', 'archive_url': 'https://api.github.com/repos/microsoftgraph/msgraph-sdk-java-core/{archive_format}{/ref}', 'downloads_url': 'https://api.github.com/repos/microsoftgraph/msgraph-sdk-java-core/downloads', 'issues_url': 'https://api.github.com/repos/microsoftgraph/msgraph-sdk-java-core/issues{/number}', 'pulls_url': 'https://api.github.com/repos/microsoftgraph/msgraph-sdk-java-core/pulls{/number}', 'milestones_url': 'https://api.github.com/repos/microsoftgraph/msgraph-sdk-java-core/milestones{/number}', 'notifications_url': 'https://api.github.com/repos/microsoftgraph/msgraph-sdk-java-core/notifications{?since,all,participating}', 'labels_url': 'https://api.github.com/repos/microsoftgraph/msgraph-sdk-java-core/labels{/name}', 'releases_url': 'https://api.github.com/repos/microsoftgraph/msgraph-sdk-java-core/releases{/id}', 'deployments_url': 'https://api.github.com/repos/microsoftgraph/msgraph-sdk-java-core/deployments', 'created_at': '2018-10-25T03:53:47Z', 'updated_at': '2022-04-22T09:16:17Z', 'pushed_at': '2022-04-22T16:38:52Z', 'git_url': 'git://github.com/microsoftgraph/msgraph-sdk-java-core.git', 'ssh_url': 'git@github.com:microsoftgraph/msgraph-sdk-java-core.git', 'clone_url': 'https://github.com/microsoftgraph/msgraph-sdk-java-core.git', 'svn_url': 'https://github.com/microsoftgraph/msgraph-sdk-java-core', 'homepage': 'https://docs.microsoft.com/en-us/graph/sdks/sdks-overview', 'size': 1625, 'stargazers_count': 24, 'watchers_count': 24, 'language': 'Java', 'has_issues': True, 'has_projects': True, 'has_downloads': True, 'has_wiki': False, 'has_pages': False, 'forks_count': 22, 'mirror_url': None, 'archived': False, 'disabled': False, 'open_issues_count': 17, 'license': {'key': 'mit', 'name': 'MIT License', 'spdx_id': 'MIT', 'url': 'https://api.github.com/licenses/mit', 'node_id': 'MDc6TGljZW5zZTEz'}, 'allow_forking': True, 'is_template': False, 'topics': ['hacktoberfest', 'java', 'microsoft-graph', 'sdk'], 'visibility': 'public', 'forks': 22, 'open_issues': 17, 'watchers': 24, 'default_branch': 'dev'}}, 'base': {'label': 'microsoftgraph:dev', 'ref': 'dev', 'sha': '44af82561659cc42dddc6f25b1f21183fd32ef1b', 'user': {'login': 'microsoftgraph', 'id': 17304259, 'node_id': 'MDEyOk9yZ2FuaXphdGlvbjE3MzA0MjU5', 'avatar_url': 'https://avatars.githubusercontent.com/u/17304259?v=4', 'gravatar_id': '', 'url': 'https://api.github.com/users/microsoftgraph', 'html_url': 'https://github.com/microsoftgraph', 'followers_url': 'https://api.github.com/users/microsoftgraph/followers', 'following_url': 'https://api.github.com/users/microsoftgraph/following{/other_user}', 'gists_url': 'https://api.github.com/users/microsoftgraph/gists{/gist_id}', 'starred_url': 'https://api.github.com/users/microsoftgraph/starred{/owner}{/repo}', 'subscriptions_url': 'https://api.github.com/users/microsoftgraph/subscriptions', 'organizations_url': 'https://api.github.com/users/microsoftgraph/orgs', 'repos_url': 'https://api.github.com/users/microsoftgraph/repos', 'events_url': 'https://api.github.com/users/microsoftgraph/events{/privacy}', 'received_events_url': 'https://api.github.com/users/microsoftgraph/received_events', 'type': 'Organization', 'site_admin': False}, 'repo': {'id': 154607328, 'node_id': 'MDEwOlJlcG9zaXRvcnkxNTQ2MDczMjg=', 'name': 'msgraph-sdk-java-core', 'full_name': 'microsoftgraph/msgraph-sdk-java-core', 'private': False, 'owner': {'login': 'microsoftgraph', 'id': 17304259, 'node_id': 'MDEyOk9yZ2FuaXphdGlvbjE3MzA0MjU5', 'avatar_url': 'https://avatars.githubusercontent.com/u/17304259?v=4', 'gravatar_id': '', 'url': 'https://api.github.com/users/microsoftgraph', 'html_url': 'https://github.com/microsoftgraph', 'followers_url': 'https://api.github.com/users/microsoftgraph/followers', 'following_url': 'https://api.github.com/users/microsoftgraph/following{/other_user}', 'gists_url': 'https://api.github.com/users/microsoftgraph/gists{/gist_id}', 'starred_url': 'https://api.github.com/users/microsoftgraph/starred{/owner}{/repo}', 'subscriptions_url': 'https://api.github.com/users/microsoftgraph/subscriptions', 'organizations_url': 'https://api.github.com/users/microsoftgraph/orgs', 'repos_url': 'https://api.github.com/users/microsoftgraph/repos', 'events_url': 'https://api.github.com/users/microsoftgraph/events{/privacy}', 'received_events_url': 'https://api.github.com/users/microsoftgraph/received_events', 'type': 'Organization', 'site_admin': False}, 'html_url': 'https://github.com/microsoftgraph/msgraph-sdk-java-core', 'description': 'Microsoft Graph SDK for Java - Core Library', 'fork': False, 'url': 'https://api.github.com/repos/microsoftgraph/msgraph-sdk-java-core', 'forks_url': 'https://api.github.com/repos/microsoftgraph/msgraph-sdk-java-core/forks', 'keys_url': 'https://api.github.com/repos/microsoftgraph/msgraph-sdk-java-core/keys{/key_id}', 'collaborators_url': 'https://api.github.com/repos/microsoftgraph/msgraph-sdk-java-core/collaborators{/collaborator}', 'teams_url': 'https://api.github.com/repos/microsoftgraph/msgraph-sdk-java-core/teams', 'hooks_url': 'https://api.github.com/repos/microsoftgraph/msgraph-sdk-java-core/hooks', 'issue_events_url': 'https://api.github.com/repos/microsoftgraph/msgraph-sdk-java-core/issues/events{/number}', 'events_url': 'https://api.github.com/repos/microsoftgraph/msgraph-sdk-java-core/events', 'assignees_url': 'https://api.github.com/repos/microsoftgraph/msgraph-sdk-java-core/assignees{/user}', 'branches_url': 'https://api.github.com/repos/microsoftgraph/msgraph-sdk-java-core/branches{/branch}', 'tags_url': 'https://api.github.com/repos/microsoftgraph/msgraph-sdk-java-core/tags', 'blobs_url': 'https://api.github.com/repos/microsoftgraph/msgraph-sdk-java-core/git/blobs{/sha}', 'git_tags_url': 'https://api.github.com/repos/microsoftgraph/msgraph-sdk-java-core/git/tags{/sha}', 'git_refs_url': 'https://api.github.com/repos/microsoftgraph/msgraph-sdk-java-core/git/refs{/sha}', 'trees_url': 'https://api.github.com/repos/microsoftgraph/msgraph-sdk-java-core/git/trees{/sha}', 'statuses_url': 'https://api.github.com/repos/microsoftgraph/msgraph-sdk-java-core/statuses/{sha}', 'languages_url': 'https://api.github.com/repos/microsoftgraph/msgraph-sdk-java-core/languages', 'stargazers_url': 'https://api.github.com/repos/microsoftgraph/msgraph-sdk-java-core/stargazers', 'contributors_url': 'https://api.github.com/repos/microsoftgraph/msgraph-sdk-java-core/contributors', 'subscribers_url': 'https://api.github.com/repos/microsoftgraph/msgraph-sdk-java-core/subscribers', 'subscription_url': 'https://api.github.com/repos/microsoftgraph/msgraph-sdk-java-core/subscription', 'commits_url': 'https://api.github.com/repos/microsoftgraph/msgraph-sdk-java-core/commits{/sha}', 'git_commits_url': 'https://api.github.com/repos/microsoftgraph/msgraph-sdk-java-core/git/commits{/sha}', 'comments_url': 'https://api.github.com/repos/microsoftgraph/msgraph-sdk-java-core/comments{/number}', 'issue_comment_url': 'https://api.github.com/repos/microsoftgraph/msgraph-sdk-java-core/issues/comments{/number}', 'contents_url': 'https://api.github.com/repos/microsoftgraph/msgraph-sdk-java-core/contents/{+path}', 'compare_url': 'https://api.github.com/repos/microsoftgraph/msgraph-sdk-java-core/compare/{base}...{head}', 'merges_url': 'https://api.github.com/repos/microsoftgraph/msgraph-sdk-java-core/merges', 'archive_url': 'https://api.github.com/repos/microsoftgraph/msgraph-sdk-java-core/{archive_format}{/ref}', 'downloads_url': 'https://api.github.com/repos/microsoftgraph/msgraph-sdk-java-core/downloads', 'issues_url': 'https://api.github.com/repos/microsoftgraph/msgraph-sdk-java-core/issues{/number}', 'pulls_url': 'https://api.github.com/repos/microsoftgraph/msgraph-sdk-java-core/pulls{/number}', 'milestones_url': 'https://api.github.com/repos/microsoftgraph/msgraph-sdk-java-core/milestones{/number}', 'notifications_url': 'https://api.github.com/repos/microsoftgraph/msgraph-sdk-java-core/notifications{?since,all,participating}', 'labels_url': 'https://api.github.com/repos/microsoftgraph/msgraph-sdk-java-core/labels{/name}', 'releases_url': 'https://api.github.com/repos/microsoftgraph/msgraph-sdk-java-core/releases{/id}', 'deployments_url': 'https://api.github.com/repos/microsoftgraph/msgraph-sdk-java-core/deployments', 'created_at': '2018-10-25T03:53:47Z', 'updated_at': '2022-04-22T09:16:17Z', 'pushed_at': '2022-04-22T16:38:52Z', 'git_url': 'git://github.com/microsoftgraph/msgraph-sdk-java-core.git', 'ssh_url': 'git@github.com:microsoftgraph/msgraph-sdk-java-core.git', 'clone_url': 'https://github.com/microsoftgraph/msgraph-sdk-java-core.git', 'svn_url': 'https://github.com/microsoftgraph/msgraph-sdk-java-core', 'homepage': 'https://docs.microsoft.com/en-us/graph/sdks/sdks-overview', 'size': 1625, 'stargazers_count': 24, 'watchers_count': 24, 'language': 'Java', 'has_issues': True, 'has_projects': True, 'has_downloads': True, 'has_wiki': False, 'has_pages': False, 'forks_count': 22, 'mirror_url': None, 'archived': False, 'disabled': False, 'open_issues_count': 17, 'license': {'key': 'mit', 'name': 'MIT License', 'spdx_id': 'MIT', 'url': 'https://api.github.com/licenses/mit', 'node_id': 'MDc6TGljZW5zZTEz'}, 'allow_forking': True, 'is_template': False, 'topics': ['hacktoberfest', 'java', 'microsoft-graph', 'sdk'], 'visibility': 'public', 'forks': 22, 'open_issues': 17, 'watchers': 24, 'default_branch': 'dev'}}, '_links': {'self': {'href': 'https://api.github.com/repos/microsoftgraph/msgraph-sdk-java-core/pulls/492'}, 'html': {'href': 'https://github.com/microsoftgraph/msgraph-sdk-java-core/pull/492'}, 'issue': {'href': 'https://api.github.com/repos/microsoftgraph/msgraph-sdk-java-core/issues/492'}, 'comments': {'href': 'https://api.github.com/repos/microsoftgraph/msgraph-sdk-java-core/issues/492/comments'}, 'review_comments': {'href': 'https://api.github.com/repos/microsoftgraph/msgraph-sdk-java-core/pulls/492/comments'}, 'review_comment': {'href': 'https://api.github.com/repos/microsoftgraph/msgraph-sdk-java-core/pulls/comments{/number}'}, 'commits': {'href': 'https://api.github.com/repos/microsoftgraph/msgraph-sdk-java-core/pulls/492/commits'}, 'statuses': {'href': 'https://api.github.com/repos/microsoftgraph/msgraph-sdk-java-core/statuses/88301a6bade57f47aa33b0c48ef522590ac25f6b'}}, 'author_association': 'CONTRIBUTOR', 'auto_merge': {'enabled_by': {'login': 'ramsessanchez', 'id': 63934382, 'node_id': 'MDQ6VXNlcjYzOTM0Mzgy', 'avatar_url': 'https://avatars.githubusercontent.com/u/63934382?v=4', 'gravatar_id': '', 'url': 'https://api.github.com/users/ramsessanchez', 'html_url': 'https://github.com/ramsessanchez', 'followers_url': 'https://api.github.com/users/ramsessanchez/followers', 'following_url': 'https://api.github.com/users/ramsessanchez/following{/other_user}', 'gists_url': 'https://api.github.com/users/ramsessanchez/gists{/gist_id}', 'starred_url': 'https://api.github.com/users/ramsessanchez/starred{/owner}{/repo}', 'subscriptions_url': 'https://api.github.com/users/ramsessanchez/subscriptions', 'organizations_url': 'https://api.github.com/users/ramsessanchez/orgs', 'repos_url': 'https://api.github.com/users/ramsessanchez/repos', 'events_url': 'https://api.github.com/users/ramsessanchez/events{/privacy}', 'received_events_url': 'https://api.github.com/users/ramsessanchez/received_events', 'type': 'User', 'site_admin': False}, 'merge_method': 'merge', 'commit_title': 'Merge pull request #492 from microsoftgraph/dependabot/github_actions/android-actions/setup-android-2.0.8', 'commit_message': 'Bump android-actions/setup-android from 2.0.7 to 2.0.8'}, 'active_lock_reason': None, 'merged': True, 'mergeable': None, 'rebaseable': None, 'mergeable_state': 'unknown', 'merged_by': {'login': 'ramsessanchez', 'id': 63934382, 'node_id': 'MDQ6VXNlcjYzOTM0Mzgy', 'avatar_url': 'https://avatars.githubusercontent.com/u/63934382?v=4', 'gravatar_id': '', 'url': 'https://api.github.com/users/ramsessanchez', 'html_url': 'https://github.com/ramsessanchez', 'followers_url': 'https://api.github.com/users/ramsessanchez/followers', 'following_url': 'https://api.github.com/users/ramsessanchez/following{/other_user}', 'gists_url': 'https://api.github.com/users/ramsessanchez/gists{/gist_id}', 'starred_url': 'https://api.github.com/users/ramsessanchez/starred{/owner}{/repo}', 'subscriptions_url': 'https://api.github.com/users/ramsessanchez/subscriptions', 'organizations_url': 'https://api.github.com/users/ramsessanchez/orgs', 'repos_url': 'https://api.github.com/users/ramsessanchez/repos', 'events_url': 'https://api.github.com/users/ramsessanchez/events{/privacy}', 'received_events_url': 'https://api.github.com/users/ramsessanchez/received_events', 'type': 'User', 'site_admin': False}, 'comments': 1, 'review_comments': 0, 'maintainer_can_modify': False, 'commits': 2, 'additions': 1, 'deletions': 1, 'changed_files': 1}}",closed,Java
21421944537,PushEvent,microsoftgraph/msgraph-sdk-java-core,0.0,2022-04-22T16:38:10Z,"{'push_id': 9695037791, 'size': 3, 'distinct_size': 3, 'ref': 'refs/heads/dev', 'head': 'b77ea90b2952b4ff866a5339cffd596df0edad3a', 'before': '5a4a66c550fa9549ff03964a834f1e704e0ad3c2', 'commits': [{'sha': '6ce68935b30960e6e842b0476840e6f52ccf7481', 'author': {'email': '49699333+dependabot[bot]@users.noreply.github.com', 'name': 'dependabot[bot]'}, 'message': 'Bump mockito-inline from 4.5.0 to 4.5.1\n\nBumps [mockito-inline](https://github.com/mockito/mockito) from 4.5.0 to 4.5.1.\n- [Release notes](https://github.com/mockito/mockito/releases)\n- [Commits](https://github.com/mockito/mockito/compare/v4.5.0...v4.5.1)\n\n---\nupdated-dependencies:\n- dependency-name: org.mockito:mockito-inline\n  dependency-type: direct:development\n  update-type: version-update:semver-patch\n...\n\nSigned-off-by: dependabot[bot] <support@github.com>', 'distinct': True, 'url': 'https://api.github.com/repos/microsoftgraph/msgraph-sdk-java-core/commits/6ce68935b30960e6e842b0476840e6f52ccf7481'}, {'sha': 'bece13787289bc5f3defd3cf3d2b8a66679ff4bf', 'author': {'email': 'ramses.sanchez99@gmail.com', 'name': 'ramsessanchez'}, 'message': ""Merge remote-tracking branch 'origin/dev' into dependabot/maven/org.mockito-mockito-inline-4.5.1"", 'distinct': True, 'url': 'https://api.github.com/repos/microsoftgraph/msgraph-sdk-java-core/commits/bece13787289bc5f3defd3cf3d2b8a66679ff4bf'}, {'sha': 'b77ea90b2952b4ff866a5339cffd596df0edad3a', 'author': {'email': '63934382+ramsessanchez@users.noreply.github.com', 'name': 'ramsessanchez'}, 'message': 'Merge pull request #493 from microsoftgraph/dependabot/maven/org.mockito-mockito-inline-4.5.1\n\nBump mockito-inline from 4.5.0 to 4.5.1', 'distinct': True, 'url': 'https://api.github.com/repos/microsoftgraph/msgraph-sdk-java-core/commits/b77ea90b2952b4ff866a5339cffd596df0edad3a'}]}",,Java
21421944475,DeleteEvent,microsoftgraph/msgraph-sdk-java-core,0.0,2022-04-22T16:38:10Z,"{'ref': 'dependabot/maven/org.mockito-mockito-inline-4.5.1', 'ref_type': 'branch', 'pusher_type': 'user'}",,Java
21421944358,PullRequestEvent,microsoftgraph/msgraph-sdk-java-core,0.0,2022-04-22T16:38:09Z,"{'action': 'closed', 'number': 493, 'pull_request': {'url': 'https://api.github.com/repos/microsoftgraph/msgraph-sdk-java-core/pulls/493', 'id': 916149997, 'node_id': 'PR_kwDOCTce4M42m1bt', 'html_url': 'https://github.com/microsoftgraph/msgraph-sdk-java-core/pull/493', 'diff_url': 'https://github.com/microsoftgraph/msgraph-sdk-java-core/pull/493.diff', 'patch_url': 'https://github.com/microsoftgraph/msgraph-sdk-java-core/pull/493.patch', 'issue_url': 'https://api.github.com/repos/microsoftgraph/msgraph-sdk-java-core/issues/493', 'number': 493, 'state': 'closed', 'locked': False, 'title': 'Bump mockito-inline from 4.5.0 to 4.5.1', 'user': {'login': 'dependabot[bot]', 'id': 49699333, 'node_id': 'MDM6Qm90NDk2OTkzMzM=', 'avatar_url': 'https://avatars.githubusercontent.com/in/29110?v=4', 'gravatar_id': '', 'url': 'https://api.github.com/users/dependabot%5Bbot%5D', 'html_url': 'https://github.com/apps/dependabot', 'followers_url': 'https://api.github.com/users/dependabot%5Bbot%5D/followers', 'following_url': 'https://api.github.com/users/dependabot%5Bbot%5D/following{/other_user}', 'gists_url': 'https://api.github.com/users/dependabot%5Bbot%5D/gists{/gist_id}', 'starred_url': 'https://api.github.com/users/dependabot%5Bbot%5D/starred{/owner}{/repo}', 'subscriptions_url': 'https://api.github.com/users/dependabot%5Bbot%5D/subscriptions', 'organizations_url': 'https://api.github.com/users/dependabot%5Bbot%5D/orgs', 'repos_url': 'https://api.github.com/users/dependabot%5Bbot%5D/repos', 'events_url': 'https://api.github.com/users/dependabot%5Bbot%5D/events{/privacy}', 'received_events_url': 'https://api.github.com/users/dependabot%5Bbot%5D/received_events', 'type': 'Bot', 'site_admin': False}, 'body': 'Bumps [mockito-inline](https://github.com/mockito/mockito) from 4.5.0 to 4.5.1.\n<details>\n<summary>Release notes</summary>\n<p><em>Sourced from <a href=""https://github.com/mockito/mockito/releases"">mockito-inline\'s releases</a>.</em></p>\n<blockquote>\n<h2>v4.5.1</h2>\n<p><!-- raw HTML omitted --><!-- raw HTML omitted --><em>Changelog generated by <a href=""https://github.com/shipkit/shipkit-changelog"">Shipkit Changelog Gradle Plugin</a></em><!-- raw HTML omitted --><!-- raw HTML omitted --></p>\n<h4>4.5.1</h4>\n<ul>\n<li>2022-04-21 - <a href=""https://github.com/mockito/mockito/compare/v4.5.0...v4.5.1"">2 commit(s)</a> by Jeremy Landis, dependabot[bot]</li>\n<li>Fixes <a href=""https://github-redirect.dependabot.com/mockito/mockito/issues/2623"">#2623</a>: Use zulu distribution and java 11 for release GHA job [(<a href=""https://github-redirect.dependabot.com/mockito/mockito/issues/2624"">#2624</a>)](<a href=""https://github-redirect.dependabot.com/mockito/mockito/pull/2624"">mockito/mockito#2624</a>)</li>\n<li>Missing errorprone module for 4.5.0 in central as release was done with jdk 8 [(<a href=""https://github-redirect.dependabot.com/mockito/mockito/issues/2623"">#2623</a>)](<a href=""https://github-redirect.dependabot.com/mockito/mockito/issues/2623"">mockito/mockito#2623</a>)</li>\n<li>Bump kotlinVersion from 1.6.20 to 1.6.21 [(<a href=""https://github-redirect.dependabot.com/mockito/mockito/issues/2622"">#2622</a>)](<a href=""https://github-redirect.dependabot.com/mockito/mockito/pull/2622"">mockito/mockito#2622</a>)</li>\n</ul>\n</blockquote>\n</details>\n<details>\n<summary>Commits</summary>\n<ul>\n<li><a href=""https://github.com/mockito/mockito/commit/737f0a3517256af6ade37fd0e776a2bb230de553""><code>737f0a3</code></a> Fixes <a href=""https://github-redirect.dependabot.com/mockito/mockito/issues/2623"">#2623</a>: Use zulu distribution and java 11 for release GHA job (<a href=""https://github-redirect.dependabot.com/mockito/mockito/issues/2624"">#2624</a>)</li>\n<li><a href=""https://github.com/mockito/mockito/commit/f48d794ad14982a134fd14dd2aef03477b699dc6""><code>f48d794</code></a> Bump kotlinVersion from 1.6.20 to 1.6.21 (<a href=""https://github-redirect.dependabot.com/mockito/mockito/issues/2622"">#2622</a>)</li>\n<li>See full diff in <a href=""https://github.com/mockito/mockito/compare/v4.5.0...v4.5.1"">compare view</a></li>\n</ul>\n</details>\n<br />\n\n\n[![Dependabot compatibility score](https://dependabot-badges.githubapp.com/badges/compatibility_score?dependency-name=org.mockito:mockito-inline&package-manager=maven&previous-version=4.5.0&new-version=4.5.1)](https://docs.github.com/en/github/managing-security-vulnerabilities/about-dependabot-security-updates#about-compatibility-scores)\n\nDependabot will resolve any conflicts with this PR as long as you don\'t alter it yourself. You can also trigger a rebase manually by commenting `@dependabot rebase`.\n\n[//]: # (dependabot-automerge-start)\n[//]: # (dependabot-automerge-end)\n\n---\n\n<details>\n<summary>Dependabot commands and options</summary>\n<br />\n\nYou can trigger Dependabot actions by commenting on this PR:\n- `@dependabot rebase` will rebase this PR\n- `@dependabot recreate` will recreate this PR, overwriting any edits that have been made to it\n- `@dependabot merge` will merge this PR after your CI passes on it\n- `@dependabot squash and merge` will squash and merge this PR after your CI passes on it\n- `@dependabot cancel merge` will cancel a previously requested merge and block automerging\n- `@dependabot reopen` will reopen this PR if it is closed\n- `@dependabot close` will close this PR and stop Dependabot recreating it. You can achieve the same result by closing it manually\n- `@dependabot ignore this major version` will close this PR and stop Dependabot creating any more for this major version (unless you reopen the PR or upgrade to it yourself)\n- `@dependabot ignore this minor version` will close this PR and stop Dependabot creating any more for this minor version (unless you reopen the PR or upgrade to it yourself)\n- `@dependabot ignore this dependency` will close this PR and stop Dependabot creating any more for this dependency (unless you reopen the PR or upgrade to it yourself)\n\n\n</details>', 'created_at': '2022-04-22T08:11:18Z', 'updated_at': '2022-04-22T16:38:09Z', 'closed_at': '2022-04-22T16:38:09Z', 'merged_at': '2022-04-22T16:38:09Z', 'merge_commit_sha': 'b77ea90b2952b4ff866a5339cffd596df0edad3a', 'assignee': None, 'assignees': [], 'requested_reviewers': [{'login': 'zengin', 'id': 803311, 'node_id': 'MDQ6VXNlcjgwMzMxMQ==', 'avatar_url': 'https://avatars.githubusercontent.com/u/803311?v=4', 'gravatar_id': '', 'url': 'https://api.github.com/users/zengin', 'html_url': 'https://github.com/zengin', 'followers_url': 'https://api.github.com/users/zengin/followers', 'following_url': 'https://api.github.com/users/zengin/following{/other_user}', 'gists_url': 'https://api.github.com/users/zengin/gists{/gist_id}', 'starred_url': 'https://api.github.com/users/zengin/starred{/owner}{/repo}', 'subscriptions_url': 'https://api.github.com/users/zengin/subscriptions', 'organizations_url': 'https://api.github.com/users/zengin/orgs', 'repos_url': 'https://api.github.com/users/zengin/repos', 'events_url': 'https://api.github.com/users/zengin/events{/privacy}', 'received_events_url': 'https://api.github.com/users/zengin/received_events', 'type': 'User', 'site_admin': False}, {'login': 'baywet', 'id': 7905502, 'node_id': 'MDQ6VXNlcjc5MDU1MDI=', 'avatar_url': 'https://avatars.githubusercontent.com/u/7905502?v=4', 'gravatar_id': '', 'url': 'https://api.github.com/users/baywet', 'html_url': 'https://github.com/baywet', 'followers_url': 'https://api.github.com/users/baywet/followers', 'following_url': 'https://api.github.com/users/baywet/following{/other_user}', 'gists_url': 'https://api.github.com/users/baywet/gists{/gist_id}', 'starred_url': 'https://api.github.com/users/baywet/starred{/owner}{/repo}', 'subscriptions_url': 'https://api.github.com/users/baywet/subscriptions', 'organizations_url': 'https://api.github.com/users/baywet/orgs', 'repos_url': 'https://api.github.com/users/baywet/repos', 'events_url': 'https://api.github.com/users/baywet/events{/privacy}', 'received_events_url': 'https://api.github.com/users/baywet/received_events', 'type': 'User', 'site_admin': False}, {'login': 'MIchaelMainer', 'id': 8527305, 'node_id': 'MDQ6VXNlcjg1MjczMDU=', 'avatar_url': 'https://avatars.githubusercontent.com/u/8527305?v=4', 'gravatar_id': '', 'url': 'https://api.github.com/users/MIchaelMainer', 'html_url': 'https://github.com/MIchaelMainer', 'followers_url': 'https://api.github.com/users/MIchaelMainer/followers', 'following_url': 'https://api.github.com/users/MIchaelMainer/following{/other_user}', 'gists_url': 'https://api.github.com/users/MIchaelMainer/gists{/gist_id}', 'starred_url': 'https://api.github.com/users/MIchaelMainer/starred{/owner}{/repo}', 'subscriptions_url': 'https://api.github.com/users/MIchaelMainer/subscriptions', 'organizations_url': 'https://api.github.com/users/MIchaelMainer/orgs', 'repos_url': 'https://api.github.com/users/MIchaelMainer/repos', 'events_url': 'https://api.github.com/users/MIchaelMainer/events{/privacy}', 'received_events_url': 'https://api.github.com/users/MIchaelMainer/received_events', 'type': 'User', 'site_admin': False}, {'login': 'ddyett', 'id': 20829981, 'node_id': 'MDQ6VXNlcjIwODI5OTgx', 'avatar_url': 'https://avatars.githubusercontent.com/u/20829981?v=4', 'gravatar_id': '', 'url': 'https://api.github.com/users/ddyett', 'html_url': 'https://github.com/ddyett', 'followers_url': 'https://api.github.com/users/ddyett/followers', 'following_url': 'https://api.github.com/users/ddyett/following{/other_user}', 'gists_url': 'https://api.github.com/users/ddyett/gists{/gist_id}', 'starred_url': 'https://api.github.com/users/ddyett/starred{/owner}{/repo}', 'subscriptions_url': 'https://api.github.com/users/ddyett/subscriptions', 'organizations_url': 'https://api.github.com/users/ddyett/orgs', 'repos_url': 'https://api.github.com/users/ddyett/repos', 'events_url': 'https://api.github.com/users/ddyett/events{/privacy}', 'received_events_url': 'https://api.github.com/users/ddyett/received_events', 'type': 'User', 'site_admin': False}, {'login': 'nikithauc', 'id': 23219007, 'node_id': 'MDQ6VXNlcjIzMjE5MDA3', 'avatar_url': 'https://avatars.githubusercontent.com/u/23219007?v=4', 'gravatar_id': '', 'url': 'https://api.github.com/users/nikithauc', 'html_url': 'https://github.com/nikithauc', 'followers_url': 'https://api.github.com/users/nikithauc/followers', 'following_url': 'https://api.github.com/users/nikithauc/following{/other_user}', 'gists_url': 'https://api.github.com/users/nikithauc/gists{/gist_id}', 'starred_url': 'https://api.github.com/users/nikithauc/starred{/owner}{/repo}', 'subscriptions_url': 'https://api.github.com/users/nikithauc/subscriptions', 'organizations_url': 'https://api.github.com/users/nikithauc/orgs', 'repos_url': 'https://api.github.com/users/nikithauc/repos', 'events_url': 'https://api.github.com/users/nikithauc/events{/privacy}', 'received_events_url': 'https://api.github.com/users/nikithauc/received_events', 'type': 'User', 'site_admin': False}], 'requested_teams': [], 'labels': [{'id': 2289202878, 'node_id': 'MDU6TGFiZWwyMjg5MjAyODc4', 'url': 'https://api.github.com/repos/microsoftgraph/msgraph-sdk-java-core/labels/dependencies', 'name': 'dependencies', 'color': '0366d6', 'default': False, 'description': 'Pull requests that update a dependency file'}, {'id': 2289202921, 'node_id': 'MDU6TGFiZWwyMjg5MjAyOTIx', 'url': 'https://api.github.com/repos/microsoftgraph/msgraph-sdk-java-core/labels/java', 'name': 'java', 'color': 'ffa221', 'default': False, 'description': 'Pull requests that update Java code'}], 'milestone': None, 'draft': False, 'commits_url': 'https://api.github.com/repos/microsoftgraph/msgraph-sdk-java-core/pulls/493/commits', 'review_comments_url': 'https://api.github.com/repos/microsoftgraph/msgraph-sdk-java-core/pulls/493/comments', 'review_comment_url': 'https://api.github.com/repos/microsoftgraph/msgraph-sdk-java-core/pulls/comments{/number}', 'comments_url': 'https://api.github.com/repos/microsoftgraph/msgraph-sdk-java-core/issues/493/comments', 'statuses_url': 'https://api.github.com/repos/microsoftgraph/msgraph-sdk-java-core/statuses/bece13787289bc5f3defd3cf3d2b8a66679ff4bf', 'head': {'label': 'microsoftgraph:dependabot/maven/org.mockito-mockito-inline-4.5.1', 'ref': 'dependabot/maven/org.mockito-mockito-inline-4.5.1', 'sha': 'bece13787289bc5f3defd3cf3d2b8a66679ff4bf', 'user': {'login': 'microsoftgraph', 'id': 17304259, 'node_id': 'MDEyOk9yZ2FuaXphdGlvbjE3MzA0MjU5', 'avatar_url': 'https://avatars.githubusercontent.com/u/17304259?v=4', 'gravatar_id': '', 'url': 'https://api.github.com/users/microsoftgraph', 'html_url': 'https://github.com/microsoftgraph', 'followers_url': 'https://api.github.com/users/microsoftgraph/followers', 'following_url': 'https://api.github.com/users/microsoftgraph/following{/other_user}', 'gists_url': 'https://api.github.com/users/microsoftgraph/gists{/gist_id}', 'starred_url': 'https://api.github.com/users/microsoftgraph/starred{/owner}{/repo}', 'subscriptions_url': 'https://api.github.com/users/microsoftgraph/subscriptions', 'organizations_url': 'https://api.github.com/users/microsoftgraph/orgs', 'repos_url': 'https://api.github.com/users/microsoftgraph/repos', 'events_url': 'https://api.github.com/users/microsoftgraph/events{/privacy}', 'received_events_url': 'https://api.github.com/users/microsoftgraph/received_events', 'type': 'Organization', 'site_admin': False}, 'repo': {'id': 154607328, 'node_id': 'MDEwOlJlcG9zaXRvcnkxNTQ2MDczMjg=', 'name': 'msgraph-sdk-java-core', 'full_name': 'microsoftgraph/msgraph-sdk-java-core', 'private': False, 'owner': {'login': 'microsoftgraph', 'id': 17304259, 'node_id': 'MDEyOk9yZ2FuaXphdGlvbjE3MzA0MjU5', 'avatar_url': 'https://avatars.githubusercontent.com/u/17304259?v=4', 'gravatar_id': '', 'url': 'https://api.github.com/users/microsoftgraph', 'html_url': 'https://github.com/microsoftgraph', 'followers_url': 'https://api.github.com/users/microsoftgraph/followers', 'following_url': 'https://api.github.com/users/microsoftgraph/following{/other_user}', 'gists_url': 'https://api.github.com/users/microsoftgraph/gists{/gist_id}', 'starred_url': 'https://api.github.com/users/microsoftgraph/starred{/owner}{/repo}', 'subscriptions_url': 'https://api.github.com/users/microsoftgraph/subscriptions', 'organizations_url': 'https://api.github.com/users/microsoftgraph/orgs', 'repos_url': 'https://api.github.com/users/microsoftgraph/repos', 'events_url': 'https://api.github.com/users/microsoftgraph/events{/privacy}', 'received_events_url': 'https://api.github.com/users/microsoftgraph/received_events', 'type': 'Organization', 'site_admin': False}, 'html_url': 'https://github.com/microsoftgraph/msgraph-sdk-java-core', 'description': 'Microsoft Graph SDK for Java - Core Library', 'fork': False, 'url': 'https://api.github.com/repos/microsoftgraph/msgraph-sdk-java-core', 'forks_url': 'https://api.github.com/repos/microsoftgraph/msgraph-sdk-java-core/forks', 'keys_url': 'https://api.github.com/repos/microsoftgraph/msgraph-sdk-java-core/keys{/key_id}', 'collaborators_url': 'https://api.github.com/repos/microsoftgraph/msgraph-sdk-java-core/collaborators{/collaborator}', 'teams_url': 'https://api.github.com/repos/microsoftgraph/msgraph-sdk-java-core/teams', 'hooks_url': 'https://api.github.com/repos/microsoftgraph/msgraph-sdk-java-core/hooks', 'issue_events_url': 'https://api.github.com/repos/microsoftgraph/msgraph-sdk-java-core/issues/events{/number}', 'events_url': 'https://api.github.com/repos/microsoftgraph/msgraph-sdk-java-core/events', 'assignees_url': 'https://api.github.com/repos/microsoftgraph/msgraph-sdk-java-core/assignees{/user}', 'branches_url': 'https://api.github.com/repos/microsoftgraph/msgraph-sdk-java-core/branches{/branch}', 'tags_url': 'https://api.github.com/repos/microsoftgraph/msgraph-sdk-java-core/tags', 'blobs_url': 'https://api.github.com/repos/microsoftgraph/msgraph-sdk-java-core/git/blobs{/sha}', 'git_tags_url': 'https://api.github.com/repos/microsoftgraph/msgraph-sdk-java-core/git/tags{/sha}', 'git_refs_url': 'https://api.github.com/repos/microsoftgraph/msgraph-sdk-java-core/git/refs{/sha}', 'trees_url': 'https://api.github.com/repos/microsoftgraph/msgraph-sdk-java-core/git/trees{/sha}', 'statuses_url': 'https://api.github.com/repos/microsoftgraph/msgraph-sdk-java-core/statuses/{sha}', 'languages_url': 'https://api.github.com/repos/microsoftgraph/msgraph-sdk-java-core/languages', 'stargazers_url': 'https://api.github.com/repos/microsoftgraph/msgraph-sdk-java-core/stargazers', 'contributors_url': 'https://api.github.com/repos/microsoftgraph/msgraph-sdk-java-core/contributors', 'subscribers_url': 'https://api.github.com/repos/microsoftgraph/msgraph-sdk-java-core/subscribers', 'subscription_url': 'https://api.github.com/repos/microsoftgraph/msgraph-sdk-java-core/subscription', 'commits_url': 'https://api.github.com/repos/microsoftgraph/msgraph-sdk-java-core/commits{/sha}', 'git_commits_url': 'https://api.github.com/repos/microsoftgraph/msgraph-sdk-java-core/git/commits{/sha}', 'comments_url': 'https://api.github.com/repos/microsoftgraph/msgraph-sdk-java-core/comments{/number}', 'issue_comment_url': 'https://api.github.com/repos/microsoftgraph/msgraph-sdk-java-core/issues/comments{/number}', 'contents_url': 'https://api.github.com/repos/microsoftgraph/msgraph-sdk-java-core/contents/{+path}', 'compare_url': 'https://api.github.com/repos/microsoftgraph/msgraph-sdk-java-core/compare/{base}...{head}', 'merges_url': 'https://api.github.com/repos/microsoftgraph/msgraph-sdk-java-core/merges', 'archive_url': 'https://api.github.com/repos/microsoftgraph/msgraph-sdk-java-core/{archive_format}{/ref}', 'downloads_url': 'https://api.github.com/repos/microsoftgraph/msgraph-sdk-java-core/downloads', 'issues_url': 'https://api.github.com/repos/microsoftgraph/msgraph-sdk-java-core/issues{/number}', 'pulls_url': 'https://api.github.com/repos/microsoftgraph/msgraph-sdk-java-core/pulls{/number}', 'milestones_url': 'https://api.github.com/repos/microsoftgraph/msgraph-sdk-java-core/milestones{/number}', 'notifications_url': 'https://api.github.com/repos/microsoftgraph/msgraph-sdk-java-core/notifications{?since,all,participating}', 'labels_url': 'https://api.github.com/repos/microsoftgraph/msgraph-sdk-java-core/labels{/name}', 'releases_url': 'https://api.github.com/repos/microsoftgraph/msgraph-sdk-java-core/releases{/id}', 'deployments_url': 'https://api.github.com/repos/microsoftgraph/msgraph-sdk-java-core/deployments', 'created_at': '2018-10-25T03:53:47Z', 'updated_at': '2022-04-22T09:16:17Z', 'pushed_at': '2022-04-22T16:38:09Z', 'git_url': 'git://github.com/microsoftgraph/msgraph-sdk-java-core.git', 'ssh_url': 'git@github.com:microsoftgraph/msgraph-sdk-java-core.git', 'clone_url': 'https://github.com/microsoftgraph/msgraph-sdk-java-core.git', 'svn_url': 'https://github.com/microsoftgraph/msgraph-sdk-java-core', 'homepage': 'https://docs.microsoft.com/en-us/graph/sdks/sdks-overview', 'size': 1625, 'stargazers_count': 24, 'watchers_count': 24, 'language': 'Java', 'has_issues': True, 'has_projects': True, 'has_downloads': True, 'has_wiki': False, 'has_pages': False, 'forks_count': 22, 'mirror_url': None, 'archived': False, 'disabled': False, 'open_issues_count': 18, 'license': {'key': 'mit', 'name': 'MIT License', 'spdx_id': 'MIT', 'url': 'https://api.github.com/licenses/mit', 'node_id': 'MDc6TGljZW5zZTEz'}, 'allow_forking': True, 'is_template': False, 'topics': ['hacktoberfest', 'java', 'microsoft-graph', 'sdk'], 'visibility': 'public', 'forks': 22, 'open_issues': 18, 'watchers': 24, 'default_branch': 'dev'}}, 'base': {'label': 'microsoftgraph:dev', 'ref': 'dev', 'sha': '44af82561659cc42dddc6f25b1f21183fd32ef1b', 'user': {'login': 'microsoftgraph', 'id': 17304259, 'node_id': 'MDEyOk9yZ2FuaXphdGlvbjE3MzA0MjU5', 'avatar_url': 'https://avatars.githubusercontent.com/u/17304259?v=4', 'gravatar_id': '', 'url': 'https://api.github.com/users/microsoftgraph', 'html_url': 'https://github.com/microsoftgraph', 'followers_url': 'https://api.github.com/users/microsoftgraph/followers', 'following_url': 'https://api.github.com/users/microsoftgraph/following{/other_user}', 'gists_url': 'https://api.github.com/users/microsoftgraph/gists{/gist_id}', 'starred_url': 'https://api.github.com/users/microsoftgraph/starred{/owner}{/repo}', 'subscriptions_url': 'https://api.github.com/users/microsoftgraph/subscriptions', 'organizations_url': 'https://api.github.com/users/microsoftgraph/orgs', 'repos_url': 'https://api.github.com/users/microsoftgraph/repos', 'events_url': 'https://api.github.com/users/microsoftgraph/events{/privacy}', 'received_events_url': 'https://api.github.com/users/microsoftgraph/received_events', 'type': 'Organization', 'site_admin': False}, 'repo': {'id': 154607328, 'node_id': 'MDEwOlJlcG9zaXRvcnkxNTQ2MDczMjg=', 'name': 'msgraph-sdk-java-core', 'full_name': 'microsoftgraph/msgraph-sdk-java-core', 'private': False, 'owner': {'login': 'microsoftgraph', 'id': 17304259, 'node_id': 'MDEyOk9yZ2FuaXphdGlvbjE3MzA0MjU5', 'avatar_url': 'https://avatars.githubusercontent.com/u/17304259?v=4', 'gravatar_id': '', 'url': 'https://api.github.com/users/microsoftgraph', 'html_url': 'https://github.com/microsoftgraph', 'followers_url': 'https://api.github.com/users/microsoftgraph/followers', 'following_url': 'https://api.github.com/users/microsoftgraph/following{/other_user}', 'gists_url': 'https://api.github.com/users/microsoftgraph/gists{/gist_id}', 'starred_url': 'https://api.github.com/users/microsoftgraph/starred{/owner}{/repo}', 'subscriptions_url': 'https://api.github.com/users/microsoftgraph/subscriptions', 'organizations_url': 'https://api.github.com/users/microsoftgraph/orgs', 'repos_url': 'https://api.github.com/users/microsoftgraph/repos', 'events_url': 'https://api.github.com/users/microsoftgraph/events{/privacy}', 'received_events_url': 'https://api.github.com/users/microsoftgraph/received_events', 'type': 'Organization', 'site_admin': False}, 'html_url': 'https://github.com/microsoftgraph/msgraph-sdk-java-core', 'description': 'Microsoft Graph SDK for Java - Core Library', 'fork': False, 'url': 'https://api.github.com/repos/microsoftgraph/msgraph-sdk-java-core', 'forks_url': 'https://api.github.com/repos/microsoftgraph/msgraph-sdk-java-core/forks', 'keys_url': 'https://api.github.com/repos/microsoftgraph/msgraph-sdk-java-core/keys{/key_id}', 'collaborators_url': 'https://api.github.com/repos/microsoftgraph/msgraph-sdk-java-core/collaborators{/collaborator}', 'teams_url': 'https://api.github.com/repos/microsoftgraph/msgraph-sdk-java-core/teams', 'hooks_url': 'https://api.github.com/repos/microsoftgraph/msgraph-sdk-java-core/hooks', 'issue_events_url': 'https://api.github.com/repos/microsoftgraph/msgraph-sdk-java-core/issues/events{/number}', 'events_url': 'https://api.github.com/repos/microsoftgraph/msgraph-sdk-java-core/events', 'assignees_url': 'https://api.github.com/repos/microsoftgraph/msgraph-sdk-java-core/assignees{/user}', 'branches_url': 'https://api.github.com/repos/microsoftgraph/msgraph-sdk-java-core/branches{/branch}', 'tags_url': 'https://api.github.com/repos/microsoftgraph/msgraph-sdk-java-core/tags', 'blobs_url': 'https://api.github.com/repos/microsoftgraph/msgraph-sdk-java-core/git/blobs{/sha}', 'git_tags_url': 'https://api.github.com/repos/microsoftgraph/msgraph-sdk-java-core/git/tags{/sha}', 'git_refs_url': 'https://api.github.com/repos/microsoftgraph/msgraph-sdk-java-core/git/refs{/sha}', 'trees_url': 'https://api.github.com/repos/microsoftgraph/msgraph-sdk-java-core/git/trees{/sha}', 'statuses_url': 'https://api.github.com/repos/microsoftgraph/msgraph-sdk-java-core/statuses/{sha}', 'languages_url': 'https://api.github.com/repos/microsoftgraph/msgraph-sdk-java-core/languages', 'stargazers_url': 'https://api.github.com/repos/microsoftgraph/msgraph-sdk-java-core/stargazers', 'contributors_url': 'https://api.github.com/repos/microsoftgraph/msgraph-sdk-java-core/contributors', 'subscribers_url': 'https://api.github.com/repos/microsoftgraph/msgraph-sdk-java-core/subscribers', 'subscription_url': 'https://api.github.com/repos/microsoftgraph/msgraph-sdk-java-core/subscription', 'commits_url': 'https://api.github.com/repos/microsoftgraph/msgraph-sdk-java-core/commits{/sha}', 'git_commits_url': 'https://api.github.com/repos/microsoftgraph/msgraph-sdk-java-core/git/commits{/sha}', 'comments_url': 'https://api.github.com/repos/microsoftgraph/msgraph-sdk-java-core/comments{/number}', 'issue_comment_url': 'https://api.github.com/repos/microsoftgraph/msgraph-sdk-java-core/issues/comments{/number}', 'contents_url': 'https://api.github.com/repos/microsoftgraph/msgraph-sdk-java-core/contents/{+path}', 'compare_url': 'https://api.github.com/repos/microsoftgraph/msgraph-sdk-java-core/compare/{base}...{head}', 'merges_url': 'https://api.github.com/repos/microsoftgraph/msgraph-sdk-java-core/merges', 'archive_url': 'https://api.github.com/repos/microsoftgraph/msgraph-sdk-java-core/{archive_format}{/ref}', 'downloads_url': 'https://api.github.com/repos/microsoftgraph/msgraph-sdk-java-core/downloads', 'issues_url': 'https://api.github.com/repos/microsoftgraph/msgraph-sdk-java-core/issues{/number}', 'pulls_url': 'https://api.github.com/repos/microsoftgraph/msgraph-sdk-java-core/pulls{/number}', 'milestones_url': 'https://api.github.com/repos/microsoftgraph/msgraph-sdk-java-core/milestones{/number}', 'notifications_url': 'https://api.github.com/repos/microsoftgraph/msgraph-sdk-java-core/notifications{?since,all,participating}', 'labels_url': 'https://api.github.com/repos/microsoftgraph/msgraph-sdk-java-core/labels{/name}', 'releases_url': 'https://api.github.com/repos/microsoftgraph/msgraph-sdk-java-core/releases{/id}', 'deployments_url': 'https://api.github.com/repos/microsoftgraph/msgraph-sdk-java-core/deployments', 'created_at': '2018-10-25T03:53:47Z', 'updated_at': '2022-04-22T09:16:17Z', 'pushed_at': '2022-04-22T16:38:09Z', 'git_url': 'git://github.com/microsoftgraph/msgraph-sdk-java-core.git', 'ssh_url': 'git@github.com:microsoftgraph/msgraph-sdk-java-core.git', 'clone_url': 'https://github.com/microsoftgraph/msgraph-sdk-java-core.git', 'svn_url': 'https://github.com/microsoftgraph/msgraph-sdk-java-core', 'homepage': 'https://docs.microsoft.com/en-us/graph/sdks/sdks-overview', 'size': 1625, 'stargazers_count': 24, 'watchers_count': 24, 'language': 'Java', 'has_issues': True, 'has_projects': True, 'has_downloads': True, 'has_wiki': False, 'has_pages': False, 'forks_count': 22, 'mirror_url': None, 'archived': False, 'disabled': False, 'open_issues_count': 18, 'license': {'key': 'mit', 'name': 'MIT License', 'spdx_id': 'MIT', 'url': 'https://api.github.com/licenses/mit', 'node_id': 'MDc6TGljZW5zZTEz'}, 'allow_forking': True, 'is_template': False, 'topics': ['hacktoberfest', 'java', 'microsoft-graph', 'sdk'], 'visibility': 'public', 'forks': 22, 'open_issues': 18, 'watchers': 24, 'default_branch': 'dev'}}, '_links': {'self': {'href': 'https://api.github.com/repos/microsoftgraph/msgraph-sdk-java-core/pulls/493'}, 'html': {'href': 'https://github.com/microsoftgraph/msgraph-sdk-java-core/pull/493'}, 'issue': {'href': 'https://api.github.com/repos/microsoftgraph/msgraph-sdk-java-core/issues/493'}, 'comments': {'href': 'https://api.github.com/repos/microsoftgraph/msgraph-sdk-java-core/issues/493/comments'}, 'review_comments': {'href': 'https://api.github.com/repos/microsoftgraph/msgraph-sdk-java-core/pulls/493/comments'}, 'review_comment': {'href': 'https://api.github.com/repos/microsoftgraph/msgraph-sdk-java-core/pulls/comments{/number}'}, 'commits': {'href': 'https://api.github.com/repos/microsoftgraph/msgraph-sdk-java-core/pulls/493/commits'}, 'statuses': {'href': 'https://api.github.com/repos/microsoftgraph/msgraph-sdk-java-core/statuses/bece13787289bc5f3defd3cf3d2b8a66679ff4bf'}}, 'author_association': 'CONTRIBUTOR', 'auto_merge': {'enabled_by': {'login': 'ramsessanchez', 'id': 63934382, 'node_id': 'MDQ6VXNlcjYzOTM0Mzgy', 'avatar_url': 'https://avatars.githubusercontent.com/u/63934382?v=4', 'gravatar_id': '', 'url': 'https://api.github.com/users/ramsessanchez', 'html_url': 'https://github.com/ramsessanchez', 'followers_url': 'https://api.github.com/users/ramsessanchez/followers', 'following_url': 'https://api.github.com/users/ramsessanchez/following{/other_user}', 'gists_url': 'https://api.github.com/users/ramsessanchez/gists{/gist_id}', 'starred_url': 'https://api.github.com/users/ramsessanchez/starred{/owner}{/repo}', 'subscriptions_url': 'https://api.github.com/users/ramsessanchez/subscriptions', 'organizations_url': 'https://api.github.com/users/ramsessanchez/orgs', 'repos_url': 'https://api.github.com/users/ramsessanchez/repos', 'events_url': 'https://api.github.com/users/ramsessanchez/events{/privacy}', 'received_events_url': 'https://api.github.com/users/ramsessanchez/received_events', 'type': 'User', 'site_admin': False}, 'merge_method': 'merge', 'commit_title': 'Merge pull request #493 from microsoftgraph/dependabot/maven/org.mockito-mockito-inline-4.5.1', 'commit_message': 'Bump mockito-inline from 4.5.0 to 4.5.1'}, 'active_lock_reason': None, 'merged': True, 'mergeable': None, 'rebaseable': None, 'mergeable_state': 'unknown', 'merged_by': {'login': 'ramsessanchez', 'id': 63934382, 'node_id': 'MDQ6VXNlcjYzOTM0Mzgy', 'avatar_url': 'https://avatars.githubusercontent.com/u/63934382?v=4', 'gravatar_id': '', 'url': 'https://api.github.com/users/ramsessanchez', 'html_url': 'https://github.com/ramsessanchez', 'followers_url': 'https://api.github.com/users/ramsessanchez/followers', 'following_url': 'https://api.github.com/users/ramsessanchez/following{/other_user}', 'gists_url': 'https://api.github.com/users/ramsessanchez/gists{/gist_id}', 'starred_url': 'https://api.github.com/users/ramsessanchez/starred{/owner}{/repo}', 'subscriptions_url': 'https://api.github.com/users/ramsessanchez/subscriptions', 'organizations_url': 'https://api.github.com/users/ramsessanchez/orgs', 'repos_url': 'https://api.github.com/users/ramsessanchez/repos', 'events_url': 'https://api.github.com/users/ramsessanchez/events{/privacy}', 'received_events_url': 'https://api.github.com/users/ramsessanchez/received_events', 'type': 'User', 'site_admin': False}, 'comments': 1, 'review_comments': 0, 'maintainer_can_modify': False, 'commits': 2, 'additions': 1, 'deletions': 1, 'changed_files': 1}}",closed,Java
21421943868,PushEvent,microsoftgraph/msgraph-sdk-java-core,0.0,2022-04-22T16:38:08Z,"{'push_id': 9695037452, 'size': 3, 'distinct_size': 3, 'ref': 'refs/heads/dev', 'head': '5a4a66c550fa9549ff03964a834f1e704e0ad3c2', 'before': '44af82561659cc42dddc6f25b1f21183fd32ef1b', 'commits': [{'sha': 'ffc3e6c305349dee2c35d746de5ada002bd27b41', 'author': {'email': '49699333+dependabot[bot]@users.noreply.github.com', 'name': 'dependabot[bot]'}, 'message': 'Bump mockito-inline from 4.5.0 to 4.5.1\n\nBumps [mockito-inline](https://github.com/mockito/mockito) from 4.5.0 to 4.5.1.\n- [Release notes](https://github.com/mockito/mockito/releases)\n- [Commits](https://github.com/mockito/mockito/compare/v4.5.0...v4.5.1)\n\n---\nupdated-dependencies:\n- dependency-name: org.mockito:mockito-inline\n  dependency-type: direct:production\n  update-type: version-update:semver-patch\n...\n\nSigned-off-by: dependabot[bot] <support@github.com>', 'distinct': True, 'url': 'https://api.github.com/repos/microsoftgraph/msgraph-sdk-java-core/commits/ffc3e6c305349dee2c35d746de5ada002bd27b41'}, {'sha': 'cb85a41d5f13f70c1f1881d3f8b41f73f45ba25a', 'author': {'email': 'ramses.sanchez99@gmail.com', 'name': 'ramsessanchez'}, 'message': ""Merge remote-tracking branch 'origin/dev' into dependabot/gradle/org.mockito-mockito-inline-4.5.1"", 'distinct': True, 'url': 'https://api.github.com/repos/microsoftgraph/msgraph-sdk-java-core/commits/cb85a41d5f13f70c1f1881d3f8b41f73f45ba25a'}, {'sha': '5a4a66c550fa9549ff03964a834f1e704e0ad3c2', 'author': {'email': '63934382+ramsessanchez@users.noreply.github.com', 'name': 'ramsessanchez'}, 'message': 'Merge pull request #491 from microsoftgraph/dependabot/gradle/org.mockito-mockito-inline-4.5.1\n\nBump mockito-inline from 4.5.0 to 4.5.1', 'distinct': True, 'url': 'https://api.github.com/repos/microsoftgraph/msgraph-sdk-java-core/commits/5a4a66c550fa9549ff03964a834f1e704e0ad3c2'}]}",,Java
21421943674,DeleteEvent,microsoftgraph/msgraph-sdk-java-core,0.0,2022-04-22T16:38:08Z,"{'ref': 'dependabot/gradle/org.mockito-mockito-inline-4.5.1', 'ref_type': 'branch', 'pusher_type': 'user'}",,Java
21421943569,PullRequestEvent,microsoftgraph/msgraph-sdk-java-core,0.0,2022-04-22T16:38:07Z,"{'action': 'closed', 'number': 491, 'pull_request': {'url': 'https://api.github.com/repos/microsoftgraph/msgraph-sdk-java-core/pulls/491', 'id': 916138100, 'node_id': 'PR_kwDOCTce4M42myh0', 'html_url': 'https://github.com/microsoftgraph/msgraph-sdk-java-core/pull/491', 'diff_url': 'https://github.com/microsoftgraph/msgraph-sdk-java-core/pull/491.diff', 'patch_url': 'https://github.com/microsoftgraph/msgraph-sdk-java-core/pull/491.patch', 'issue_url': 'https://api.github.com/repos/microsoftgraph/msgraph-sdk-java-core/issues/491', 'number': 491, 'state': 'closed', 'locked': False, 'title': 'Bump mockito-inline from 4.5.0 to 4.5.1', 'user': {'login': 'dependabot[bot]', 'id': 49699333, 'node_id': 'MDM6Qm90NDk2OTkzMzM=', 'avatar_url': 'https://avatars.githubusercontent.com/in/29110?v=4', 'gravatar_id': '', 'url': 'https://api.github.com/users/dependabot%5Bbot%5D', 'html_url': 'https://github.com/apps/dependabot', 'followers_url': 'https://api.github.com/users/dependabot%5Bbot%5D/followers', 'following_url': 'https://api.github.com/users/dependabot%5Bbot%5D/following{/other_user}', 'gists_url': 'https://api.github.com/users/dependabot%5Bbot%5D/gists{/gist_id}', 'starred_url': 'https://api.github.com/users/dependabot%5Bbot%5D/starred{/owner}{/repo}', 'subscriptions_url': 'https://api.github.com/users/dependabot%5Bbot%5D/subscriptions', 'organizations_url': 'https://api.github.com/users/dependabot%5Bbot%5D/orgs', 'repos_url': 'https://api.github.com/users/dependabot%5Bbot%5D/repos', 'events_url': 'https://api.github.com/users/dependabot%5Bbot%5D/events{/privacy}', 'received_events_url': 'https://api.github.com/users/dependabot%5Bbot%5D/received_events', 'type': 'Bot', 'site_admin': False}, 'body': 'Bumps [mockito-inline](https://github.com/mockito/mockito) from 4.5.0 to 4.5.1.\n<details>\n<summary>Release notes</summary>\n<p><em>Sourced from <a href=""https://github.com/mockito/mockito/releases"">mockito-inline\'s releases</a>.</em></p>\n<blockquote>\n<h2>v4.5.1</h2>\n<p><!-- raw HTML omitted --><!-- raw HTML omitted --><em>Changelog generated by <a href=""https://github.com/shipkit/shipkit-changelog"">Shipkit Changelog Gradle Plugin</a></em><!-- raw HTML omitted --><!-- raw HTML omitted --></p>\n<h4>4.5.1</h4>\n<ul>\n<li>2022-04-21 - <a href=""https://github.com/mockito/mockito/compare/v4.5.0...v4.5.1"">2 commit(s)</a> by Jeremy Landis, dependabot[bot]</li>\n<li>Fixes <a href=""https://github-redirect.dependabot.com/mockito/mockito/issues/2623"">#2623</a>: Use zulu distribution and java 11 for release GHA job [(<a href=""https://github-redirect.dependabot.com/mockito/mockito/issues/2624"">#2624</a>)](<a href=""https://github-redirect.dependabot.com/mockito/mockito/pull/2624"">mockito/mockito#2624</a>)</li>\n<li>Missing errorprone module for 4.5.0 in central as release was done with jdk 8 [(<a href=""https://github-redirect.dependabot.com/mockito/mockito/issues/2623"">#2623</a>)](<a href=""https://github-redirect.dependabot.com/mockito/mockito/issues/2623"">mockito/mockito#2623</a>)</li>\n<li>Bump kotlinVersion from 1.6.20 to 1.6.21 [(<a href=""https://github-redirect.dependabot.com/mockito/mockito/issues/2622"">#2622</a>)](<a href=""https://github-redirect.dependabot.com/mockito/mockito/pull/2622"">mockito/mockito#2622</a>)</li>\n</ul>\n</blockquote>\n</details>\n<details>\n<summary>Commits</summary>\n<ul>\n<li><a href=""https://github.com/mockito/mockito/commit/737f0a3517256af6ade37fd0e776a2bb230de553""><code>737f0a3</code></a> Fixes <a href=""https://github-redirect.dependabot.com/mockito/mockito/issues/2623"">#2623</a>: Use zulu distribution and java 11 for release GHA job (<a href=""https://github-redirect.dependabot.com/mockito/mockito/issues/2624"">#2624</a>)</li>\n<li><a href=""https://github.com/mockito/mockito/commit/f48d794ad14982a134fd14dd2aef03477b699dc6""><code>f48d794</code></a> Bump kotlinVersion from 1.6.20 to 1.6.21 (<a href=""https://github-redirect.dependabot.com/mockito/mockito/issues/2622"">#2622</a>)</li>\n<li>See full diff in <a href=""https://github.com/mockito/mockito/compare/v4.5.0...v4.5.1"">compare view</a></li>\n</ul>\n</details>\n<br />\n\n\n[![Dependabot compatibility score](https://dependabot-badges.githubapp.com/badges/compatibility_score?dependency-name=org.mockito:mockito-inline&package-manager=gradle&previous-version=4.5.0&new-version=4.5.1)](https://docs.github.com/en/github/managing-security-vulnerabilities/about-dependabot-security-updates#about-compatibility-scores)\n\nDependabot will resolve any conflicts with this PR as long as you don\'t alter it yourself. You can also trigger a rebase manually by commenting `@dependabot rebase`.\n\n[//]: # (dependabot-automerge-start)\n[//]: # (dependabot-automerge-end)\n\n---\n\n<details>\n<summary>Dependabot commands and options</summary>\n<br />\n\nYou can trigger Dependabot actions by commenting on this PR:\n- `@dependabot rebase` will rebase this PR\n- `@dependabot recreate` will recreate this PR, overwriting any edits that have been made to it\n- `@dependabot merge` will merge this PR after your CI passes on it\n- `@dependabot squash and merge` will squash and merge this PR after your CI passes on it\n- `@dependabot cancel merge` will cancel a previously requested merge and block automerging\n- `@dependabot reopen` will reopen this PR if it is closed\n- `@dependabot close` will close this PR and stop Dependabot recreating it. You can achieve the same result by closing it manually\n- `@dependabot ignore this major version` will close this PR and stop Dependabot creating any more for this major version (unless you reopen the PR or upgrade to it yourself)\n- `@dependabot ignore this minor version` will close this PR and stop Dependabot creating any more for this minor version (unless you reopen the PR or upgrade to it yourself)\n- `@dependabot ignore this dependency` will close this PR and stop Dependabot creating any more for this dependency (unless you reopen the PR or upgrade to it yourself)\n\n\n</details>', 'created_at': '2022-04-22T08:03:53Z', 'updated_at': '2022-04-22T16:38:06Z', 'closed_at': '2022-04-22T16:38:06Z', 'merged_at': '2022-04-22T16:38:06Z', 'merge_commit_sha': '5a4a66c550fa9549ff03964a834f1e704e0ad3c2', 'assignee': None, 'assignees': [], 'requested_reviewers': [{'login': 'zengin', 'id': 803311, 'node_id': 'MDQ6VXNlcjgwMzMxMQ==', 'avatar_url': 'https://avatars.githubusercontent.com/u/803311?v=4', 'gravatar_id': '', 'url': 'https://api.github.com/users/zengin', 'html_url': 'https://github.com/zengin', 'followers_url': 'https://api.github.com/users/zengin/followers', 'following_url': 'https://api.github.com/users/zengin/following{/other_user}', 'gists_url': 'https://api.github.com/users/zengin/gists{/gist_id}', 'starred_url': 'https://api.github.com/users/zengin/starred{/owner}{/repo}', 'subscriptions_url': 'https://api.github.com/users/zengin/subscriptions', 'organizations_url': 'https://api.github.com/users/zengin/orgs', 'repos_url': 'https://api.github.com/users/zengin/repos', 'events_url': 'https://api.github.com/users/zengin/events{/privacy}', 'received_events_url': 'https://api.github.com/users/zengin/received_events', 'type': 'User', 'site_admin': False}, {'login': 'baywet', 'id': 7905502, 'node_id': 'MDQ6VXNlcjc5MDU1MDI=', 'avatar_url': 'https://avatars.githubusercontent.com/u/7905502?v=4', 'gravatar_id': '', 'url': 'https://api.github.com/users/baywet', 'html_url': 'https://github.com/baywet', 'followers_url': 'https://api.github.com/users/baywet/followers', 'following_url': 'https://api.github.com/users/baywet/following{/other_user}', 'gists_url': 'https://api.github.com/users/baywet/gists{/gist_id}', 'starred_url': 'https://api.github.com/users/baywet/starred{/owner}{/repo}', 'subscriptions_url': 'https://api.github.com/users/baywet/subscriptions', 'organizations_url': 'https://api.github.com/users/baywet/orgs', 'repos_url': 'https://api.github.com/users/baywet/repos', 'events_url': 'https://api.github.com/users/baywet/events{/privacy}', 'received_events_url': 'https://api.github.com/users/baywet/received_events', 'type': 'User', 'site_admin': False}, {'login': 'MIchaelMainer', 'id': 8527305, 'node_id': 'MDQ6VXNlcjg1MjczMDU=', 'avatar_url': 'https://avatars.githubusercontent.com/u/8527305?v=4', 'gravatar_id': '', 'url': 'https://api.github.com/users/MIchaelMainer', 'html_url': 'https://github.com/MIchaelMainer', 'followers_url': 'https://api.github.com/users/MIchaelMainer/followers', 'following_url': 'https://api.github.com/users/MIchaelMainer/following{/other_user}', 'gists_url': 'https://api.github.com/users/MIchaelMainer/gists{/gist_id}', 'starred_url': 'https://api.github.com/users/MIchaelMainer/starred{/owner}{/repo}', 'subscriptions_url': 'https://api.github.com/users/MIchaelMainer/subscriptions', 'organizations_url': 'https://api.github.com/users/MIchaelMainer/orgs', 'repos_url': 'https://api.github.com/users/MIchaelMainer/repos', 'events_url': 'https://api.github.com/users/MIchaelMainer/events{/privacy}', 'received_events_url': 'https://api.github.com/users/MIchaelMainer/received_events', 'type': 'User', 'site_admin': False}, {'login': 'ddyett', 'id': 20829981, 'node_id': 'MDQ6VXNlcjIwODI5OTgx', 'avatar_url': 'https://avatars.githubusercontent.com/u/20829981?v=4', 'gravatar_id': '', 'url': 'https://api.github.com/users/ddyett', 'html_url': 'https://github.com/ddyett', 'followers_url': 'https://api.github.com/users/ddyett/followers', 'following_url': 'https://api.github.com/users/ddyett/following{/other_user}', 'gists_url': 'https://api.github.com/users/ddyett/gists{/gist_id}', 'starred_url': 'https://api.github.com/users/ddyett/starred{/owner}{/repo}', 'subscriptions_url': 'https://api.github.com/users/ddyett/subscriptions', 'organizations_url': 'https://api.github.com/users/ddyett/orgs', 'repos_url': 'https://api.github.com/users/ddyett/repos', 'events_url': 'https://api.github.com/users/ddyett/events{/privacy}', 'received_events_url': 'https://api.github.com/users/ddyett/received_events', 'type': 'User', 'site_admin': False}, {'login': 'nikithauc', 'id': 23219007, 'node_id': 'MDQ6VXNlcjIzMjE5MDA3', 'avatar_url': 'https://avatars.githubusercontent.com/u/23219007?v=4', 'gravatar_id': '', 'url': 'https://api.github.com/users/nikithauc', 'html_url': 'https://github.com/nikithauc', 'followers_url': 'https://api.github.com/users/nikithauc/followers', 'following_url': 'https://api.github.com/users/nikithauc/following{/other_user}', 'gists_url': 'https://api.github.com/users/nikithauc/gists{/gist_id}', 'starred_url': 'https://api.github.com/users/nikithauc/starred{/owner}{/repo}', 'subscriptions_url': 'https://api.github.com/users/nikithauc/subscriptions', 'organizations_url': 'https://api.github.com/users/nikithauc/orgs', 'repos_url': 'https://api.github.com/users/nikithauc/repos', 'events_url': 'https://api.github.com/users/nikithauc/events{/privacy}', 'received_events_url': 'https://api.github.com/users/nikithauc/received_events', 'type': 'User', 'site_admin': False}], 'requested_teams': [], 'labels': [{'id': 2289202878, 'node_id': 'MDU6TGFiZWwyMjg5MjAyODc4', 'url': 'https://api.github.com/repos/microsoftgraph/msgraph-sdk-java-core/labels/dependencies', 'name': 'dependencies', 'color': '0366d6', 'default': False, 'description': 'Pull requests that update a dependency file'}, {'id': 2289202921, 'node_id': 'MDU6TGFiZWwyMjg5MjAyOTIx', 'url': 'https://api.github.com/repos/microsoftgraph/msgraph-sdk-java-core/labels/java', 'name': 'java', 'color': 'ffa221', 'default': False, 'description': 'Pull requests that update Java code'}], 'milestone': None, 'draft': False, 'commits_url': 'https://api.github.com/repos/microsoftgraph/msgraph-sdk-java-core/pulls/491/commits', 'review_comments_url': 'https://api.github.com/repos/microsoftgraph/msgraph-sdk-java-core/pulls/491/comments', 'review_comment_url': 'https://api.github.com/repos/microsoftgraph/msgraph-sdk-java-core/pulls/comments{/number}', 'comments_url': 'https://api.github.com/repos/microsoftgraph/msgraph-sdk-java-core/issues/491/comments', 'statuses_url': 'https://api.github.com/repos/microsoftgraph/msgraph-sdk-java-core/statuses/cb85a41d5f13f70c1f1881d3f8b41f73f45ba25a', 'head': {'label': 'microsoftgraph:dependabot/gradle/org.mockito-mockito-inline-4.5.1', 'ref': 'dependabot/gradle/org.mockito-mockito-inline-4.5.1', 'sha': 'cb85a41d5f13f70c1f1881d3f8b41f73f45ba25a', 'user': {'login': 'microsoftgraph', 'id': 17304259, 'node_id': 'MDEyOk9yZ2FuaXphdGlvbjE3MzA0MjU5', 'avatar_url': 'https://avatars.githubusercontent.com/u/17304259?v=4', 'gravatar_id': '', 'url': 'https://api.github.com/users/microsoftgraph', 'html_url': 'https://github.com/microsoftgraph', 'followers_url': 'https://api.github.com/users/microsoftgraph/followers', 'following_url': 'https://api.github.com/users/microsoftgraph/following{/other_user}', 'gists_url': 'https://api.github.com/users/microsoftgraph/gists{/gist_id}', 'starred_url': 'https://api.github.com/users/microsoftgraph/starred{/owner}{/repo}', 'subscriptions_url': 'https://api.github.com/users/microsoftgraph/subscriptions', 'organizations_url': 'https://api.github.com/users/microsoftgraph/orgs', 'repos_url': 'https://api.github.com/users/microsoftgraph/repos', 'events_url': 'https://api.github.com/users/microsoftgraph/events{/privacy}', 'received_events_url': 'https://api.github.com/users/microsoftgraph/received_events', 'type': 'Organization', 'site_admin': False}, 'repo': {'id': 154607328, 'node_id': 'MDEwOlJlcG9zaXRvcnkxNTQ2MDczMjg=', 'name': 'msgraph-sdk-java-core', 'full_name': 'microsoftgraph/msgraph-sdk-java-core', 'private': False, 'owner': {'login': 'microsoftgraph', 'id': 17304259, 'node_id': 'MDEyOk9yZ2FuaXphdGlvbjE3MzA0MjU5', 'avatar_url': 'https://avatars.githubusercontent.com/u/17304259?v=4', 'gravatar_id': '', 'url': 'https://api.github.com/users/microsoftgraph', 'html_url': 'https://github.com/microsoftgraph', 'followers_url': 'https://api.github.com/users/microsoftgraph/followers', 'following_url': 'https://api.github.com/users/microsoftgraph/following{/other_user}', 'gists_url': 'https://api.github.com/users/microsoftgraph/gists{/gist_id}', 'starred_url': 'https://api.github.com/users/microsoftgraph/starred{/owner}{/repo}', 'subscriptions_url': 'https://api.github.com/users/microsoftgraph/subscriptions', 'organizations_url': 'https://api.github.com/users/microsoftgraph/orgs', 'repos_url': 'https://api.github.com/users/microsoftgraph/repos', 'events_url': 'https://api.github.com/users/microsoftgraph/events{/privacy}', 'received_events_url': 'https://api.github.com/users/microsoftgraph/received_events', 'type': 'Organization', 'site_admin': False}, 'html_url': 'https://github.com/microsoftgraph/msgraph-sdk-java-core', 'description': 'Microsoft Graph SDK for Java - Core Library', 'fork': False, 'url': 'https://api.github.com/repos/microsoftgraph/msgraph-sdk-java-core', 'forks_url': 'https://api.github.com/repos/microsoftgraph/msgraph-sdk-java-core/forks', 'keys_url': 'https://api.github.com/repos/microsoftgraph/msgraph-sdk-java-core/keys{/key_id}', 'collaborators_url': 'https://api.github.com/repos/microsoftgraph/msgraph-sdk-java-core/collaborators{/collaborator}', 'teams_url': 'https://api.github.com/repos/microsoftgraph/msgraph-sdk-java-core/teams', 'hooks_url': 'https://api.github.com/repos/microsoftgraph/msgraph-sdk-java-core/hooks', 'issue_events_url': 'https://api.github.com/repos/microsoftgraph/msgraph-sdk-java-core/issues/events{/number}', 'events_url': 'https://api.github.com/repos/microsoftgraph/msgraph-sdk-java-core/events', 'assignees_url': 'https://api.github.com/repos/microsoftgraph/msgraph-sdk-java-core/assignees{/user}', 'branches_url': 'https://api.github.com/repos/microsoftgraph/msgraph-sdk-java-core/branches{/branch}', 'tags_url': 'https://api.github.com/repos/microsoftgraph/msgraph-sdk-java-core/tags', 'blobs_url': 'https://api.github.com/repos/microsoftgraph/msgraph-sdk-java-core/git/blobs{/sha}', 'git_tags_url': 'https://api.github.com/repos/microsoftgraph/msgraph-sdk-java-core/git/tags{/sha}', 'git_refs_url': 'https://api.github.com/repos/microsoftgraph/msgraph-sdk-java-core/git/refs{/sha}', 'trees_url': 'https://api.github.com/repos/microsoftgraph/msgraph-sdk-java-core/git/trees{/sha}', 'statuses_url': 'https://api.github.com/repos/microsoftgraph/msgraph-sdk-java-core/statuses/{sha}', 'languages_url': 'https://api.github.com/repos/microsoftgraph/msgraph-sdk-java-core/languages', 'stargazers_url': 'https://api.github.com/repos/microsoftgraph/msgraph-sdk-java-core/stargazers', 'contributors_url': 'https://api.github.com/repos/microsoftgraph/msgraph-sdk-java-core/contributors', 'subscribers_url': 'https://api.github.com/repos/microsoftgraph/msgraph-sdk-java-core/subscribers', 'subscription_url': 'https://api.github.com/repos/microsoftgraph/msgraph-sdk-java-core/subscription', 'commits_url': 'https://api.github.com/repos/microsoftgraph/msgraph-sdk-java-core/commits{/sha}', 'git_commits_url': 'https://api.github.com/repos/microsoftgraph/msgraph-sdk-java-core/git/commits{/sha}', 'comments_url': 'https://api.github.com/repos/microsoftgraph/msgraph-sdk-java-core/comments{/number}', 'issue_comment_url': 'https://api.github.com/repos/microsoftgraph/msgraph-sdk-java-core/issues/comments{/number}', 'contents_url': 'https://api.github.com/repos/microsoftgraph/msgraph-sdk-java-core/contents/{+path}', 'compare_url': 'https://api.github.com/repos/microsoftgraph/msgraph-sdk-java-core/compare/{base}...{head}', 'merges_url': 'https://api.github.com/repos/microsoftgraph/msgraph-sdk-java-core/merges', 'archive_url': 'https://api.github.com/repos/microsoftgraph/msgraph-sdk-java-core/{archive_format}{/ref}', 'downloads_url': 'https://api.github.com/repos/microsoftgraph/msgraph-sdk-java-core/downloads', 'issues_url': 'https://api.github.com/repos/microsoftgraph/msgraph-sdk-java-core/issues{/number}', 'pulls_url': 'https://api.github.com/repos/microsoftgraph/msgraph-sdk-java-core/pulls{/number}', 'milestones_url': 'https://api.github.com/repos/microsoftgraph/msgraph-sdk-java-core/milestones{/number}', 'notifications_url': 'https://api.github.com/repos/microsoftgraph/msgraph-sdk-java-core/notifications{?since,all,participating}', 'labels_url': 'https://api.github.com/repos/microsoftgraph/msgraph-sdk-java-core/labels{/name}', 'releases_url': 'https://api.github.com/repos/microsoftgraph/msgraph-sdk-java-core/releases{/id}', 'deployments_url': 'https://api.github.com/repos/microsoftgraph/msgraph-sdk-java-core/deployments', 'created_at': '2018-10-25T03:53:47Z', 'updated_at': '2022-04-22T09:16:17Z', 'pushed_at': '2022-04-22T16:38:06Z', 'git_url': 'git://github.com/microsoftgraph/msgraph-sdk-java-core.git', 'ssh_url': 'git@github.com:microsoftgraph/msgraph-sdk-java-core.git', 'clone_url': 'https://github.com/microsoftgraph/msgraph-sdk-java-core.git', 'svn_url': 'https://github.com/microsoftgraph/msgraph-sdk-java-core', 'homepage': 'https://docs.microsoft.com/en-us/graph/sdks/sdks-overview', 'size': 1625, 'stargazers_count': 24, 'watchers_count': 24, 'language': 'Java', 'has_issues': True, 'has_projects': True, 'has_downloads': True, 'has_wiki': False, 'has_pages': False, 'forks_count': 22, 'mirror_url': None, 'archived': False, 'disabled': False, 'open_issues_count': 19, 'license': {'key': 'mit', 'name': 'MIT License', 'spdx_id': 'MIT', 'url': 'https://api.github.com/licenses/mit', 'node_id': 'MDc6TGljZW5zZTEz'}, 'allow_forking': True, 'is_template': False, 'topics': ['hacktoberfest', 'java', 'microsoft-graph', 'sdk'], 'visibility': 'public', 'forks': 22, 'open_issues': 19, 'watchers': 24, 'default_branch': 'dev'}}, 'base': {'label': 'microsoftgraph:dev', 'ref': 'dev', 'sha': '44af82561659cc42dddc6f25b1f21183fd32ef1b', 'user': {'login': 'microsoftgraph', 'id': 17304259, 'node_id': 'MDEyOk9yZ2FuaXphdGlvbjE3MzA0MjU5', 'avatar_url': 'https://avatars.githubusercontent.com/u/17304259?v=4', 'gravatar_id': '', 'url': 'https://api.github.com/users/microsoftgraph', 'html_url': 'https://github.com/microsoftgraph', 'followers_url': 'https://api.github.com/users/microsoftgraph/followers', 'following_url': 'https://api.github.com/users/microsoftgraph/following{/other_user}', 'gists_url': 'https://api.github.com/users/microsoftgraph/gists{/gist_id}', 'starred_url': 'https://api.github.com/users/microsoftgraph/starred{/owner}{/repo}', 'subscriptions_url': 'https://api.github.com/users/microsoftgraph/subscriptions', 'organizations_url': 'https://api.github.com/users/microsoftgraph/orgs', 'repos_url': 'https://api.github.com/users/microsoftgraph/repos', 'events_url': 'https://api.github.com/users/microsoftgraph/events{/privacy}', 'received_events_url': 'https://api.github.com/users/microsoftgraph/received_events', 'type': 'Organization', 'site_admin': False}, 'repo': {'id': 154607328, 'node_id': 'MDEwOlJlcG9zaXRvcnkxNTQ2MDczMjg=', 'name': 'msgraph-sdk-java-core', 'full_name': 'microsoftgraph/msgraph-sdk-java-core', 'private': False, 'owner': {'login': 'microsoftgraph', 'id': 17304259, 'node_id': 'MDEyOk9yZ2FuaXphdGlvbjE3MzA0MjU5', 'avatar_url': 'https://avatars.githubusercontent.com/u/17304259?v=4', 'gravatar_id': '', 'url': 'https://api.github.com/users/microsoftgraph', 'html_url': 'https://github.com/microsoftgraph', 'followers_url': 'https://api.github.com/users/microsoftgraph/followers', 'following_url': 'https://api.github.com/users/microsoftgraph/following{/other_user}', 'gists_url': 'https://api.github.com/users/microsoftgraph/gists{/gist_id}', 'starred_url': 'https://api.github.com/users/microsoftgraph/starred{/owner}{/repo}', 'subscriptions_url': 'https://api.github.com/users/microsoftgraph/subscriptions', 'organizations_url': 'https://api.github.com/users/microsoftgraph/orgs', 'repos_url': 'https://api.github.com/users/microsoftgraph/repos', 'events_url': 'https://api.github.com/users/microsoftgraph/events{/privacy}', 'received_events_url': 'https://api.github.com/users/microsoftgraph/received_events', 'type': 'Organization', 'site_admin': False}, 'html_url': 'https://github.com/microsoftgraph/msgraph-sdk-java-core', 'description': 'Microsoft Graph SDK for Java - Core Library', 'fork': False, 'url': 'https://api.github.com/repos/microsoftgraph/msgraph-sdk-java-core', 'forks_url': 'https://api.github.com/repos/microsoftgraph/msgraph-sdk-java-core/forks', 'keys_url': 'https://api.github.com/repos/microsoftgraph/msgraph-sdk-java-core/keys{/key_id}', 'collaborators_url': 'https://api.github.com/repos/microsoftgraph/msgraph-sdk-java-core/collaborators{/collaborator}', 'teams_url': 'https://api.github.com/repos/microsoftgraph/msgraph-sdk-java-core/teams', 'hooks_url': 'https://api.github.com/repos/microsoftgraph/msgraph-sdk-java-core/hooks', 'issue_events_url': 'https://api.github.com/repos/microsoftgraph/msgraph-sdk-java-core/issues/events{/number}', 'events_url': 'https://api.github.com/repos/microsoftgraph/msgraph-sdk-java-core/events', 'assignees_url': 'https://api.github.com/repos/microsoftgraph/msgraph-sdk-java-core/assignees{/user}', 'branches_url': 'https://api.github.com/repos/microsoftgraph/msgraph-sdk-java-core/branches{/branch}', 'tags_url': 'https://api.github.com/repos/microsoftgraph/msgraph-sdk-java-core/tags', 'blobs_url': 'https://api.github.com/repos/microsoftgraph/msgraph-sdk-java-core/git/blobs{/sha}', 'git_tags_url': 'https://api.github.com/repos/microsoftgraph/msgraph-sdk-java-core/git/tags{/sha}', 'git_refs_url': 'https://api.github.com/repos/microsoftgraph/msgraph-sdk-java-core/git/refs{/sha}', 'trees_url': 'https://api.github.com/repos/microsoftgraph/msgraph-sdk-java-core/git/trees{/sha}', 'statuses_url': 'https://api.github.com/repos/microsoftgraph/msgraph-sdk-java-core/statuses/{sha}', 'languages_url': 'https://api.github.com/repos/microsoftgraph/msgraph-sdk-java-core/languages', 'stargazers_url': 'https://api.github.com/repos/microsoftgraph/msgraph-sdk-java-core/stargazers', 'contributors_url': 'https://api.github.com/repos/microsoftgraph/msgraph-sdk-java-core/contributors', 'subscribers_url': 'https://api.github.com/repos/microsoftgraph/msgraph-sdk-java-core/subscribers', 'subscription_url': 'https://api.github.com/repos/microsoftgraph/msgraph-sdk-java-core/subscription', 'commits_url': 'https://api.github.com/repos/microsoftgraph/msgraph-sdk-java-core/commits{/sha}', 'git_commits_url': 'https://api.github.com/repos/microsoftgraph/msgraph-sdk-java-core/git/commits{/sha}', 'comments_url': 'https://api.github.com/repos/microsoftgraph/msgraph-sdk-java-core/comments{/number}', 'issue_comment_url': 'https://api.github.com/repos/microsoftgraph/msgraph-sdk-java-core/issues/comments{/number}', 'contents_url': 'https://api.github.com/repos/microsoftgraph/msgraph-sdk-java-core/contents/{+path}', 'compare_url': 'https://api.github.com/repos/microsoftgraph/msgraph-sdk-java-core/compare/{base}...{head}', 'merges_url': 'https://api.github.com/repos/microsoftgraph/msgraph-sdk-java-core/merges', 'archive_url': 'https://api.github.com/repos/microsoftgraph/msgraph-sdk-java-core/{archive_format}{/ref}', 'downloads_url': 'https://api.github.com/repos/microsoftgraph/msgraph-sdk-java-core/downloads', 'issues_url': 'https://api.github.com/repos/microsoftgraph/msgraph-sdk-java-core/issues{/number}', 'pulls_url': 'https://api.github.com/repos/microsoftgraph/msgraph-sdk-java-core/pulls{/number}', 'milestones_url': 'https://api.github.com/repos/microsoftgraph/msgraph-sdk-java-core/milestones{/number}', 'notifications_url': 'https://api.github.com/repos/microsoftgraph/msgraph-sdk-java-core/notifications{?since,all,participating}', 'labels_url': 'https://api.github.com/repos/microsoftgraph/msgraph-sdk-java-core/labels{/name}', 'releases_url': 'https://api.github.com/repos/microsoftgraph/msgraph-sdk-java-core/releases{/id}', 'deployments_url': 'https://api.github.com/repos/microsoftgraph/msgraph-sdk-java-core/deployments', 'created_at': '2018-10-25T03:53:47Z', 'updated_at': '2022-04-22T09:16:17Z', 'pushed_at': '2022-04-22T16:38:06Z', 'git_url': 'git://github.com/microsoftgraph/msgraph-sdk-java-core.git', 'ssh_url': 'git@github.com:microsoftgraph/msgraph-sdk-java-core.git', 'clone_url': 'https://github.com/microsoftgraph/msgraph-sdk-java-core.git', 'svn_url': 'https://github.com/microsoftgraph/msgraph-sdk-java-core', 'homepage': 'https://docs.microsoft.com/en-us/graph/sdks/sdks-overview', 'size': 1625, 'stargazers_count': 24, 'watchers_count': 24, 'language': 'Java', 'has_issues': True, 'has_projects': True, 'has_downloads': True, 'has_wiki': False, 'has_pages': False, 'forks_count': 22, 'mirror_url': None, 'archived': False, 'disabled': False, 'open_issues_count': 19, 'license': {'key': 'mit', 'name': 'MIT License', 'spdx_id': 'MIT', 'url': 'https://api.github.com/licenses/mit', 'node_id': 'MDc6TGljZW5zZTEz'}, 'allow_forking': True, 'is_template': False, 'topics': ['hacktoberfest', 'java', 'microsoft-graph', 'sdk'], 'visibility': 'public', 'forks': 22, 'open_issues': 19, 'watchers': 24, 'default_branch': 'dev'}}, '_links': {'self': {'href': 'https://api.github.com/repos/microsoftgraph/msgraph-sdk-java-core/pulls/491'}, 'html': {'href': 'https://github.com/microsoftgraph/msgraph-sdk-java-core/pull/491'}, 'issue': {'href': 'https://api.github.com/repos/microsoftgraph/msgraph-sdk-java-core/issues/491'}, 'comments': {'href': 'https://api.github.com/repos/microsoftgraph/msgraph-sdk-java-core/issues/491/comments'}, 'review_comments': {'href': 'https://api.github.com/repos/microsoftgraph/msgraph-sdk-java-core/pulls/491/comments'}, 'review_comment': {'href': 'https://api.github.com/repos/microsoftgraph/msgraph-sdk-java-core/pulls/comments{/number}'}, 'commits': {'href': 'https://api.github.com/repos/microsoftgraph/msgraph-sdk-java-core/pulls/491/commits'}, 'statuses': {'href': 'https://api.github.com/repos/microsoftgraph/msgraph-sdk-java-core/statuses/cb85a41d5f13f70c1f1881d3f8b41f73f45ba25a'}}, 'author_association': 'CONTRIBUTOR', 'auto_merge': {'enabled_by': {'login': 'ramsessanchez', 'id': 63934382, 'node_id': 'MDQ6VXNlcjYzOTM0Mzgy', 'avatar_url': 'https://avatars.githubusercontent.com/u/63934382?v=4', 'gravatar_id': '', 'url': 'https://api.github.com/users/ramsessanchez', 'html_url': 'https://github.com/ramsessanchez', 'followers_url': 'https://api.github.com/users/ramsessanchez/followers', 'following_url': 'https://api.github.com/users/ramsessanchez/following{/other_user}', 'gists_url': 'https://api.github.com/users/ramsessanchez/gists{/gist_id}', 'starred_url': 'https://api.github.com/users/ramsessanchez/starred{/owner}{/repo}', 'subscriptions_url': 'https://api.github.com/users/ramsessanchez/subscriptions', 'organizations_url': 'https://api.github.com/users/ramsessanchez/orgs', 'repos_url': 'https://api.github.com/users/ramsessanchez/repos', 'events_url': 'https://api.github.com/users/ramsessanchez/events{/privacy}', 'received_events_url': 'https://api.github.com/users/ramsessanchez/received_events', 'type': 'User', 'site_admin': False}, 'merge_method': 'merge', 'commit_title': 'Merge pull request #491 from microsoftgraph/dependabot/gradle/org.mockito-mockito-inline-4.5.1', 'commit_message': 'Bump mockito-inline from 4.5.0 to 4.5.1'}, 'active_lock_reason': None, 'merged': True, 'mergeable': None, 'rebaseable': None, 'mergeable_state': 'unknown', 'merged_by': {'login': 'ramsessanchez', 'id': 63934382, 'node_id': 'MDQ6VXNlcjYzOTM0Mzgy', 'avatar_url': 'https://avatars.githubusercontent.com/u/63934382?v=4', 'gravatar_id': '', 'url': 'https://api.github.com/users/ramsessanchez', 'html_url': 'https://github.com/ramsessanchez', 'followers_url': 'https://api.github.com/users/ramsessanchez/followers', 'following_url': 'https://api.github.com/users/ramsessanchez/following{/other_user}', 'gists_url': 'https://api.github.com/users/ramsessanchez/gists{/gist_id}', 'starred_url': 'https://api.github.com/users/ramsessanchez/starred{/owner}{/repo}', 'subscriptions_url': 'https://api.github.com/users/ramsessanchez/subscriptions', 'organizations_url': 'https://api.github.com/users/ramsessanchez/orgs', 'repos_url': 'https://api.github.com/users/ramsessanchez/repos', 'events_url': 'https://api.github.com/users/ramsessanchez/events{/privacy}', 'received_events_url': 'https://api.github.com/users/ramsessanchez/received_events', 'type': 'User', 'site_admin': False}, 'comments': 1, 'review_comments': 0, 'maintainer_can_modify': False, 'commits': 2, 'additions': 1, 'deletions': 1, 'changed_files': 1}}",closed,Java
21421934547,PushEvent,microsoftgraph/msgraph-sdk-java-core,0.0,2022-04-22T16:37:30Z,"{'push_id': 9695032914, 'size': 3, 'distinct_size': 1, 'ref': 'refs/heads/dependabot/gradle/android/org.mockito-mockito-inline-4.5.1', 'head': '0d64f84bc9942a5ce553f03e6c98578940a1c189', 'before': '97e5cbe15770bddf58c43a2cb18cdee5da1e5a47', 'commits': [{'sha': 'de9f8e4c498825b7e8447dec0d930e503f680e60', 'author': {'email': '63934382+ramsessanchez@users.noreply.github.com', 'name': 'ramsessanchez'}, 'message': ""Update sonarcloud.yml\n\nFix 'Set up Jdk' job which is failing on pr's"", 'distinct': False, 'url': 'https://api.github.com/repos/microsoftgraph/msgraph-sdk-java-core/commits/de9f8e4c498825b7e8447dec0d930e503f680e60'}, {'sha': '44af82561659cc42dddc6f25b1f21183fd32ef1b', 'author': {'email': '63934382+ramsessanchez@users.noreply.github.com', 'name': 'ramsessanchez'}, 'message': 'Merge pull request #495 from microsoftgraph/ramsessanchez-patch-1\n\nUpdate sonarcloud.yml', 'distinct': False, 'url': 'https://api.github.com/repos/microsoftgraph/msgraph-sdk-java-core/commits/44af82561659cc42dddc6f25b1f21183fd32ef1b'}, {'sha': '0d64f84bc9942a5ce553f03e6c98578940a1c189', 'author': {'email': 'ramses.sanchez99@gmail.com', 'name': 'ramsessanchez'}, 'message': ""Merge remote-tracking branch 'origin/dev' into dependabot/gradle/android/org.mockito-mockito-inline-4.5.1"", 'distinct': True, 'url': 'https://api.github.com/repos/microsoftgraph/msgraph-sdk-java-core/commits/0d64f84bc9942a5ce553f03e6c98578940a1c189'}]}",,Java
21421918949,PushEvent,microsoftgraph/msgraph-sdk-java-core,0.0,2022-04-22T16:36:28Z,"{'push_id': 9695025062, 'size': 3, 'distinct_size': 1, 'ref': 'refs/heads/dependabot/github_actions/android-actions/setup-android-2.0.8', 'head': '88301a6bade57f47aa33b0c48ef522590ac25f6b', 'before': '0f041f279c86b973cb987a1e5000f82c8e17ff75', 'commits': [{'sha': 'de9f8e4c498825b7e8447dec0d930e503f680e60', 'author': {'email': '63934382+ramsessanchez@users.noreply.github.com', 'name': 'ramsessanchez'}, 'message': ""Update sonarcloud.yml\n\nFix 'Set up Jdk' job which is failing on pr's"", 'distinct': False, 'url': 'https://api.github.com/repos/microsoftgraph/msgraph-sdk-java-core/commits/de9f8e4c498825b7e8447dec0d930e503f680e60'}, {'sha': '44af82561659cc42dddc6f25b1f21183fd32ef1b', 'author': {'email': '63934382+ramsessanchez@users.noreply.github.com', 'name': 'ramsessanchez'}, 'message': 'Merge pull request #495 from microsoftgraph/ramsessanchez-patch-1\n\nUpdate sonarcloud.yml', 'distinct': False, 'url': 'https://api.github.com/repos/microsoftgraph/msgraph-sdk-java-core/commits/44af82561659cc42dddc6f25b1f21183fd32ef1b'}, {'sha': '88301a6bade57f47aa33b0c48ef522590ac25f6b', 'author': {'email': 'ramses.sanchez99@gmail.com', 'name': 'ramsessanchez'}, 'message': ""Merge remote-tracking branch 'origin/dev' into dependabot/github_actions/android-actions/setup-android-2.0.8"", 'distinct': True, 'url': 'https://api.github.com/repos/microsoftgraph/msgraph-sdk-java-core/commits/88301a6bade57f47aa33b0c48ef522590ac25f6b'}]}",,Java
21421913692,PushEvent,microsoftgraph/msgraph-sdk-java-core,0.0,2022-04-22T16:36:06Z,"{'push_id': 9695022413, 'size': 3, 'distinct_size': 1, 'ref': 'refs/heads/dependabot/maven/org.mockito-mockito-inline-4.5.1', 'head': 'bece13787289bc5f3defd3cf3d2b8a66679ff4bf', 'before': '6ce68935b30960e6e842b0476840e6f52ccf7481', 'commits': [{'sha': 'de9f8e4c498825b7e8447dec0d930e503f680e60', 'author': {'email': '63934382+ramsessanchez@users.noreply.github.com', 'name': 'ramsessanchez'}, 'message': ""Update sonarcloud.yml\n\nFix 'Set up Jdk' job which is failing on pr's"", 'distinct': False, 'url': 'https://api.github.com/repos/microsoftgraph/msgraph-sdk-java-core/commits/de9f8e4c498825b7e8447dec0d930e503f680e60'}, {'sha': '44af82561659cc42dddc6f25b1f21183fd32ef1b', 'author': {'email': '63934382+ramsessanchez@users.noreply.github.com', 'name': 'ramsessanchez'}, 'message': 'Merge pull request #495 from microsoftgraph/ramsessanchez-patch-1\n\nUpdate sonarcloud.yml', 'distinct': False, 'url': 'https://api.github.com/repos/microsoftgraph/msgraph-sdk-java-core/commits/44af82561659cc42dddc6f25b1f21183fd32ef1b'}, {'sha': 'bece13787289bc5f3defd3cf3d2b8a66679ff4bf', 'author': {'email': 'ramses.sanchez99@gmail.com', 'name': 'ramsessanchez'}, 'message': ""Merge remote-tracking branch 'origin/dev' into dependabot/maven/org.mockito-mockito-inline-4.5.1"", 'distinct': True, 'url': 'https://api.github.com/repos/microsoftgraph/msgraph-sdk-java-core/commits/bece13787289bc5f3defd3cf3d2b8a66679ff4bf'}]}",,Java
21421905458,PushEvent,microsoftgraph/msgraph-sdk-java-core,0.0,2022-04-22T16:35:34Z,"{'push_id': 9695018458, 'size': 3, 'distinct_size': 1, 'ref': 'refs/heads/dependabot/gradle/org.mockito-mockito-inline-4.5.1', 'head': 'cb85a41d5f13f70c1f1881d3f8b41f73f45ba25a', 'before': 'ffc3e6c305349dee2c35d746de5ada002bd27b41', 'commits': [{'sha': 'de9f8e4c498825b7e8447dec0d930e503f680e60', 'author': {'email': '63934382+ramsessanchez@users.noreply.github.com', 'name': 'ramsessanchez'}, 'message': ""Update sonarcloud.yml\n\nFix 'Set up Jdk' job which is failing on pr's"", 'distinct': False, 'url': 'https://api.github.com/repos/microsoftgraph/msgraph-sdk-java-core/commits/de9f8e4c498825b7e8447dec0d930e503f680e60'}, {'sha': '44af82561659cc42dddc6f25b1f21183fd32ef1b', 'author': {'email': '63934382+ramsessanchez@users.noreply.github.com', 'name': 'ramsessanchez'}, 'message': 'Merge pull request #495 from microsoftgraph/ramsessanchez-patch-1\n\nUpdate sonarcloud.yml', 'distinct': False, 'url': 'https://api.github.com/repos/microsoftgraph/msgraph-sdk-java-core/commits/44af82561659cc42dddc6f25b1f21183fd32ef1b'}, {'sha': 'cb85a41d5f13f70c1f1881d3f8b41f73f45ba25a', 'author': {'email': 'ramses.sanchez99@gmail.com', 'name': 'ramsessanchez'}, 'message': ""Merge remote-tracking branch 'origin/dev' into dependabot/gradle/org.mockito-mockito-inline-4.5.1"", 'distinct': True, 'url': 'https://api.github.com/repos/microsoftgraph/msgraph-sdk-java-core/commits/cb85a41d5f13f70c1f1881d3f8b41f73f45ba25a'}]}",,Java
21421889319,PushEvent,microsoftgraph/msgraph-sdk-java-core,0.0,2022-04-22T16:34:30Z,"{'push_id': 9695010259, 'size': 11, 'distinct_size': 1, 'ref': 'refs/heads/feature/AuthProviderWithHosts', 'head': '33d16d53a50659a6cefb1a1e27b96c563d977dfd', 'before': 'fcb9eeae0a53d3a30cb435e67b184d46ea4c4153', 'commits': [{'sha': '85cedb27a9c8f0d64263b2a85a8266dacf1bade1', 'author': {'email': '49699333+dependabot[bot]@users.noreply.github.com', 'name': 'dependabot[bot]'}, 'message': 'Bump mockito-inline from 4.4.0 to 4.5.0\n\nBumps [mockito-inline](https://github.com/mockito/mockito) from 4.4.0 to 4.5.0.\n- [Release notes](https://github.com/mockito/mockito/releases)\n- [Commits](https://github.com/mockito/mockito/compare/v4.4.0...v4.5.0)\n\n---\nupdated-dependencies:\n- dependency-name: org.mockito:mockito-inline\n  dependency-type: direct:production\n  update-type: version-update:semver-minor\n...\n\nSigned-off-by: dependabot[bot] <support@github.com>', 'distinct': False, 'url': 'https://api.github.com/repos/microsoftgraph/msgraph-sdk-java-core/commits/85cedb27a9c8f0d64263b2a85a8266dacf1bade1'}, {'sha': '127e6250f5a51fc036bc25ec8ec6c0d17cf10474', 'author': {'email': '49699333+dependabot[bot]@users.noreply.github.com', 'name': 'dependabot[bot]'}, 'message': 'Bump mockito-inline from 4.4.0 to 4.5.0\n\nBumps [mockito-inline](https://github.com/mockito/mockito) from 4.4.0 to 4.5.0.\n- [Release notes](https://github.com/mockito/mockito/releases)\n- [Commits](https://github.com/mockito/mockito/compare/v4.4.0...v4.5.0)\n\n---\nupdated-dependencies:\n- dependency-name: org.mockito:mockito-inline\n  dependency-type: direct:development\n  update-type: version-update:semver-minor\n...\n\nSigned-off-by: dependabot[bot] <support@github.com>', 'distinct': False, 'url': 'https://api.github.com/repos/microsoftgraph/msgraph-sdk-java-core/commits/127e6250f5a51fc036bc25ec8ec6c0d17cf10474'}, {'sha': 'ab09c5ab18e010a2126d427b0ac638c49c54d19b', 'author': {'email': '49699333+dependabot[bot]@users.noreply.github.com', 'name': 'dependabot[bot]'}, 'message': 'Bump mockito-inline from 4.4.0 to 4.5.0 in /android\n\nBumps [mockito-inline](https://github.com/mockito/mockito) from 4.4.0 to 4.5.0.\n- [Release notes](https://github.com/mockito/mockito/releases)\n- [Commits](https://github.com/mockito/mockito/compare/v4.4.0...v4.5.0)\n\n---\nupdated-dependencies:\n- dependency-name: org.mockito:mockito-inline\n  dependency-type: direct:production\n  update-type: version-update:semver-minor\n...\n\nSigned-off-by: dependabot[bot] <support@github.com>', 'distinct': False, 'url': 'https://api.github.com/repos/microsoftgraph/msgraph-sdk-java-core/commits/ab09c5ab18e010a2126d427b0ac638c49c54d19b'}, {'sha': '3c8f2cec0918a3a0e5112f7adb9abf5f1f346940', 'author': {'email': '49699333+dependabot[bot]@users.noreply.github.com', 'name': 'dependabot[bot]'}, 'message': 'Bump gradle-enterprise-gradle-plugin from 3.9 to 3.10 in /android\n\nBumps gradle-enterprise-gradle-plugin from 3.9 to 3.10.\n\n---\nupdated-dependencies:\n- dependency-name: com.gradle:gradle-enterprise-gradle-plugin\n  dependency-type: direct:production\n  update-type: version-update:semver-minor\n...\n\nSigned-off-by: dependabot[bot] <support@github.com>', 'distinct': False, 'url': 'https://api.github.com/repos/microsoftgraph/msgraph-sdk-java-core/commits/3c8f2cec0918a3a0e5112f7adb9abf5f1f346940'}, {'sha': '0b0cd6ead02e9a9f80816f8d4846d2b18ed9aebd', 'author': {'email': 'vibiret@microsoft.com', 'name': 'Vincent Biret'}, 'message': 'Merge pull request #488 from microsoftgraph/dependabot/gradle/android/com.gradle-gradle-enterprise-gradle-plugin-3.10\n\nBump gradle-enterprise-gradle-plugin from 3.9 to 3.10 in /android', 'distinct': False, 'url': 'https://api.github.com/repos/microsoftgraph/msgraph-sdk-java-core/commits/0b0cd6ead02e9a9f80816f8d4846d2b18ed9aebd'}, {'sha': '966eba832536796133be194bc6f61bd8fe3d4043', 'author': {'email': 'vibiret@microsoft.com', 'name': 'Vincent Biret'}, 'message': 'Merge pull request #487 from microsoftgraph/dependabot/gradle/android/org.mockito-mockito-inline-4.5.0\n\nBump mockito-inline from 4.4.0 to 4.5.0 in /android', 'distinct': False, 'url': 'https://api.github.com/repos/microsoftgraph/msgraph-sdk-java-core/commits/966eba832536796133be194bc6f61bd8fe3d4043'}, {'sha': '245163db412ad63412eb6996b60c0aed4f02ef7b', 'author': {'email': 'vibiret@microsoft.com', 'name': 'Vincent Biret'}, 'message': 'Merge pull request #486 from microsoftgraph/dependabot/maven/org.mockito-mockito-inline-4.5.0\n\nBump mockito-inline from 4.4.0 to 4.5.0', 'distinct': False, 'url': 'https://api.github.com/repos/microsoftgraph/msgraph-sdk-java-core/commits/245163db412ad63412eb6996b60c0aed4f02ef7b'}, {'sha': 'eac6902a38fef5e5eabd3912ef94b41b69020719', 'author': {'email': 'vibiret@microsoft.com', 'name': 'Vincent Biret'}, 'message': 'Merge pull request #485 from microsoftgraph/dependabot/gradle/org.mockito-mockito-inline-4.5.0\n\nBump mockito-inline from 4.4.0 to 4.5.0', 'distinct': False, 'url': 'https://api.github.com/repos/microsoftgraph/msgraph-sdk-java-core/commits/eac6902a38fef5e5eabd3912ef94b41b69020719'}, {'sha': 'de9f8e4c498825b7e8447dec0d930e503f680e60', 'author': {'email': '63934382+ramsessanchez@users.noreply.github.com', 'name': 'ramsessanchez'}, 'message': ""Update sonarcloud.yml\n\nFix 'Set up Jdk' job which is failing on pr's"", 'distinct': False, 'url': 'https://api.github.com/repos/microsoftgraph/msgraph-sdk-java-core/commits/de9f8e4c498825b7e8447dec0d930e503f680e60'}, {'sha': '44af82561659cc42dddc6f25b1f21183fd32ef1b', 'author': {'email': '63934382+ramsessanchez@users.noreply.github.com', 'name': 'ramsessanchez'}, 'message': 'Merge pull request #495 from microsoftgraph/ramsessanchez-patch-1\n\nUpdate sonarcloud.yml', 'distinct': False, 'url': 'https://api.github.com/repos/microsoftgraph/msgraph-sdk-java-core/commits/44af82561659cc42dddc6f25b1f21183fd32ef1b'}, {'sha': '33d16d53a50659a6cefb1a1e27b96c563d977dfd', 'author': {'email': 'ramses.sanchez99@gmail.com', 'name': 'ramsessanchez'}, 'message': ""Merge remote-tracking branch 'origin/dev' into feature/AuthProviderWithHosts"", 'distinct': True, 'url': 'https://api.github.com/repos/microsoftgraph/msgraph-sdk-java-core/commits/33d16d53a50659a6cefb1a1e27b96c563d977dfd'}]}",,Java
21421804350,PushEvent,microsoftgraph/msgraph-sdk-java-core,0.0,2022-04-22T16:29:00Z,"{'push_id': 9694968207, 'size': 1, 'distinct_size': 1, 'ref': 'refs/heads/feature/AuthProviderWithHosts', 'head': 'fcb9eeae0a53d3a30cb435e67b184d46ea4c4153', 'before': 'ae53946a6999161a9e66f327741fd1a2d4af5e51', 'commits': [{'sha': 'fcb9eeae0a53d3a30cb435e67b184d46ea4c4153', 'author': {'email': 'ramses.sanchez99@gmail.com', 'name': 'ramsessanchez'}, 'message': 'explict nonNull-ability', 'distinct': True, 'url': 'https://api.github.com/repos/microsoftgraph/msgraph-sdk-java-core/commits/fcb9eeae0a53d3a30cb435e67b184d46ea4c4153'}]}",,Java
21421687943,PushEvent,microsoftgraph/msgraph-sdk-java-core,0.0,2022-04-22T16:21:24Z,"{'push_id': 9694911065, 'size': 2, 'distinct_size': 2, 'ref': 'refs/heads/dev', 'head': '44af82561659cc42dddc6f25b1f21183fd32ef1b', 'before': 'eac6902a38fef5e5eabd3912ef94b41b69020719', 'commits': [{'sha': 'de9f8e4c498825b7e8447dec0d930e503f680e60', 'author': {'email': '63934382+ramsessanchez@users.noreply.github.com', 'name': 'ramsessanchez'}, 'message': ""Update sonarcloud.yml\n\nFix 'Set up Jdk' job which is failing on pr's"", 'distinct': True, 'url': 'https://api.github.com/repos/microsoftgraph/msgraph-sdk-java-core/commits/de9f8e4c498825b7e8447dec0d930e503f680e60'}, {'sha': '44af82561659cc42dddc6f25b1f21183fd32ef1b', 'author': {'email': '63934382+ramsessanchez@users.noreply.github.com', 'name': 'ramsessanchez'}, 'message': 'Merge pull request #495 from microsoftgraph/ramsessanchez-patch-1\n\nUpdate sonarcloud.yml', 'distinct': True, 'url': 'https://api.github.com/repos/microsoftgraph/msgraph-sdk-java-core/commits/44af82561659cc42dddc6f25b1f21183fd32ef1b'}]}",,Java
21421687789,DeleteEvent,microsoftgraph/msgraph-sdk-java-core,0.0,2022-04-22T16:21:24Z,"{'ref': 'ramsessanchez-patch-1', 'ref_type': 'branch', 'pusher_type': 'user'}",,Java
21421687713,PullRequestEvent,microsoftgraph/msgraph-sdk-java-core,0.0,2022-04-22T16:21:23Z,"{'action': 'closed', 'number': 495, 'pull_request': {'url': 'https://api.github.com/repos/microsoftgraph/msgraph-sdk-java-core/pulls/495', 'id': 916599493, 'node_id': 'PR_kwDOCTce4M42ojLF', 'html_url': 'https://github.com/microsoftgraph/msgraph-sdk-java-core/pull/495', 'diff_url': 'https://github.com/microsoftgraph/msgraph-sdk-java-core/pull/495.diff', 'patch_url': 'https://github.com/microsoftgraph/msgraph-sdk-java-core/pull/495.patch', 'issue_url': 'https://api.github.com/repos/microsoftgraph/msgraph-sdk-java-core/issues/495', 'number': 495, 'state': 'closed', 'locked': False, 'title': 'Update sonarcloud.yml', 'user': {'login': 'ramsessanchez', 'id': 63934382, 'node_id': 'MDQ6VXNlcjYzOTM0Mzgy', 'avatar_url': 'https://avatars.githubusercontent.com/u/63934382?v=4', 'gravatar_id': '', 'url': 'https://api.github.com/users/ramsessanchez', 'html_url': 'https://github.com/ramsessanchez', 'followers_url': 'https://api.github.com/users/ramsessanchez/followers', 'following_url': 'https://api.github.com/users/ramsessanchez/following{/other_user}', 'gists_url': 'https://api.github.com/users/ramsessanchez/gists{/gist_id}', 'starred_url': 'https://api.github.com/users/ramsessanchez/starred{/owner}{/repo}', 'subscriptions_url': 'https://api.github.com/users/ramsessanchez/subscriptions', 'organizations_url': 'https://api.github.com/users/ramsessanchez/orgs', 'repos_url': 'https://api.github.com/users/ramsessanchez/repos', 'events_url': 'https://api.github.com/users/ramsessanchez/events{/privacy}', 'received_events_url': 'https://api.github.com/users/ramsessanchez/received_events', 'type': 'User', 'site_admin': False}, 'body': ""Fix 'Set up Jdk' job which is failing on pr's\r\n\r\nhttps://github.com/microsoftgraph/msgraph-sdk-java-core/issues/489"", 'created_at': '2022-04-22T16:00:54Z', 'updated_at': '2022-04-22T16:21:23Z', 'closed_at': '2022-04-22T16:21:23Z', 'merged_at': '2022-04-22T16:21:22Z', 'merge_commit_sha': '44af82561659cc42dddc6f25b1f21183fd32ef1b', 'assignee': None, 'assignees': [], 'requested_reviewers': [{'login': 'zengin', 'id': 803311, 'node_id': 'MDQ6VXNlcjgwMzMxMQ==', 'avatar_url': 'https://avatars.githubusercontent.com/u/803311?v=4', 'gravatar_id': '', 'url': 'https://api.github.com/users/zengin', 'html_url': 'https://github.com/zengin', 'followers_url': 'https://api.github.com/users/zengin/followers', 'following_url': 'https://api.github.com/users/zengin/following{/other_user}', 'gists_url': 'https://api.github.com/users/zengin/gists{/gist_id}', 'starred_url': 'https://api.github.com/users/zengin/starred{/owner}{/repo}', 'subscriptions_url': 'https://api.github.com/users/zengin/subscriptions', 'organizations_url': 'https://api.github.com/users/zengin/orgs', 'repos_url': 'https://api.github.com/users/zengin/repos', 'events_url': 'https://api.github.com/users/zengin/events{/privacy}', 'received_events_url': 'https://api.github.com/users/zengin/received_events', 'type': 'User', 'site_admin': False}, {'login': 'peombwa', 'id': 7061532, 'node_id': 'MDQ6VXNlcjcwNjE1MzI=', 'avatar_url': 'https://avatars.githubusercontent.com/u/7061532?v=4', 'gravatar_id': '', 'url': 'https://api.github.com/users/peombwa', 'html_url': 'https://github.com/peombwa', 'followers_url': 'https://api.github.com/users/peombwa/followers', 'following_url': 'https://api.github.com/users/peombwa/following{/other_user}', 'gists_url': 'https://api.github.com/users/peombwa/gists{/gist_id}', 'starred_url': 'https://api.github.com/users/peombwa/starred{/owner}{/repo}', 'subscriptions_url': 'https://api.github.com/users/peombwa/subscriptions', 'organizations_url': 'https://api.github.com/users/peombwa/orgs', 'repos_url': 'https://api.github.com/users/peombwa/repos', 'events_url': 'https://api.github.com/users/peombwa/events{/privacy}', 'received_events_url': 'https://api.github.com/users/peombwa/received_events', 'type': 'User', 'site_admin': False}, {'login': 'baywet', 'id': 7905502, 'node_id': 'MDQ6VXNlcjc5MDU1MDI=', 'avatar_url': 'https://avatars.githubusercontent.com/u/7905502?v=4', 'gravatar_id': '', 'url': 'https://api.github.com/users/baywet', 'html_url': 'https://github.com/baywet', 'followers_url': 'https://api.github.com/users/baywet/followers', 'following_url': 'https://api.github.com/users/baywet/following{/other_user}', 'gists_url': 'https://api.github.com/users/baywet/gists{/gist_id}', 'starred_url': 'https://api.github.com/users/baywet/starred{/owner}{/repo}', 'subscriptions_url': 'https://api.github.com/users/baywet/subscriptions', 'organizations_url': 'https://api.github.com/users/baywet/orgs', 'repos_url': 'https://api.github.com/users/baywet/repos', 'events_url': 'https://api.github.com/users/baywet/events{/privacy}', 'received_events_url': 'https://api.github.com/users/baywet/received_events', 'type': 'User', 'site_admin': False}, {'login': 'ddyett', 'id': 20829981, 'node_id': 'MDQ6VXNlcjIwODI5OTgx', 'avatar_url': 'https://avatars.githubusercontent.com/u/20829981?v=4', 'gravatar_id': '', 'url': 'https://api.github.com/users/ddyett', 'html_url': 'https://github.com/ddyett', 'followers_url': 'https://api.github.com/users/ddyett/followers', 'following_url': 'https://api.github.com/users/ddyett/following{/other_user}', 'gists_url': 'https://api.github.com/users/ddyett/gists{/gist_id}', 'starred_url': 'https://api.github.com/users/ddyett/starred{/owner}{/repo}', 'subscriptions_url': 'https://api.github.com/users/ddyett/subscriptions', 'organizations_url': 'https://api.github.com/users/ddyett/orgs', 'repos_url': 'https://api.github.com/users/ddyett/repos', 'events_url': 'https://api.github.com/users/ddyett/events{/privacy}', 'received_events_url': 'https://api.github.com/users/ddyett/received_events', 'type': 'User', 'site_admin': False}, {'login': 'nikithauc', 'id': 23219007, 'node_id': 'MDQ6VXNlcjIzMjE5MDA3', 'avatar_url': 'https://avatars.githubusercontent.com/u/23219007?v=4', 'gravatar_id': '', 'url': 'https://api.github.com/users/nikithauc', 'html_url': 'https://github.com/nikithauc', 'followers_url': 'https://api.github.com/users/nikithauc/followers', 'following_url': 'https://api.github.com/users/nikithauc/following{/other_user}', 'gists_url': 'https://api.github.com/users/nikithauc/gists{/gist_id}', 'starred_url': 'https://api.github.com/users/nikithauc/starred{/owner}{/repo}', 'subscriptions_url': 'https://api.github.com/users/nikithauc/subscriptions', 'organizations_url': 'https://api.github.com/users/nikithauc/orgs', 'repos_url': 'https://api.github.com/users/nikithauc/repos', 'events_url': 'https://api.github.com/users/nikithauc/events{/privacy}', 'received_events_url': 'https://api.github.com/users/nikithauc/received_events', 'type': 'User', 'site_admin': False}], 'requested_teams': [], 'labels': [], 'milestone': None, 'draft': False, 'commits_url': 'https://api.github.com/repos/microsoftgraph/msgraph-sdk-java-core/pulls/495/commits', 'review_comments_url': 'https://api.github.com/repos/microsoftgraph/msgraph-sdk-java-core/pulls/495/comments', 'review_comment_url': 'https://api.github.com/repos/microsoftgraph/msgraph-sdk-java-core/pulls/comments{/number}', 'comments_url': 'https://api.github.com/repos/microsoftgraph/msgraph-sdk-java-core/issues/495/comments', 'statuses_url': 'https://api.github.com/repos/microsoftgraph/msgraph-sdk-java-core/statuses/de9f8e4c498825b7e8447dec0d930e503f680e60', 'head': {'label': 'microsoftgraph:ramsessanchez-patch-1', 'ref': 'ramsessanchez-patch-1', 'sha': 'de9f8e4c498825b7e8447dec0d930e503f680e60', 'user': {'login': 'microsoftgraph', 'id': 17304259, 'node_id': 'MDEyOk9yZ2FuaXphdGlvbjE3MzA0MjU5', 'avatar_url': 'https://avatars.githubusercontent.com/u/17304259?v=4', 'gravatar_id': '', 'url': 'https://api.github.com/users/microsoftgraph', 'html_url': 'https://github.com/microsoftgraph', 'followers_url': 'https://api.github.com/users/microsoftgraph/followers', 'following_url': 'https://api.github.com/users/microsoftgraph/following{/other_user}', 'gists_url': 'https://api.github.com/users/microsoftgraph/gists{/gist_id}', 'starred_url': 'https://api.github.com/users/microsoftgraph/starred{/owner}{/repo}', 'subscriptions_url': 'https://api.github.com/users/microsoftgraph/subscriptions', 'organizations_url': 'https://api.github.com/users/microsoftgraph/orgs', 'repos_url': 'https://api.github.com/users/microsoftgraph/repos', 'events_url': 'https://api.github.com/users/microsoftgraph/events{/privacy}', 'received_events_url': 'https://api.github.com/users/microsoftgraph/received_events', 'type': 'Organization', 'site_admin': False}, 'repo': {'id': 154607328, 'node_id': 'MDEwOlJlcG9zaXRvcnkxNTQ2MDczMjg=', 'name': 'msgraph-sdk-java-core', 'full_name': 'microsoftgraph/msgraph-sdk-java-core', 'private': False, 'owner': {'login': 'microsoftgraph', 'id': 17304259, 'node_id': 'MDEyOk9yZ2FuaXphdGlvbjE3MzA0MjU5', 'avatar_url': 'https://avatars.githubusercontent.com/u/17304259?v=4', 'gravatar_id': '', 'url': 'https://api.github.com/users/microsoftgraph', 'html_url': 'https://github.com/microsoftgraph', 'followers_url': 'https://api.github.com/users/microsoftgraph/followers', 'following_url': 'https://api.github.com/users/microsoftgraph/following{/other_user}', 'gists_url': 'https://api.github.com/users/microsoftgraph/gists{/gist_id}', 'starred_url': 'https://api.github.com/users/microsoftgraph/starred{/owner}{/repo}', 'subscriptions_url': 'https://api.github.com/users/microsoftgraph/subscriptions', 'organizations_url': 'https://api.github.com/users/microsoftgraph/orgs', 'repos_url': 'https://api.github.com/users/microsoftgraph/repos', 'events_url': 'https://api.github.com/users/microsoftgraph/events{/privacy}', 'received_events_url': 'https://api.github.com/users/microsoftgraph/received_events', 'type': 'Organization', 'site_admin': False}, 'html_url': 'https://github.com/microsoftgraph/msgraph-sdk-java-core', 'description': 'Microsoft Graph SDK for Java - Core Library', 'fork': False, 'url': 'https://api.github.com/repos/microsoftgraph/msgraph-sdk-java-core', 'forks_url': 'https://api.github.com/repos/microsoftgraph/msgraph-sdk-java-core/forks', 'keys_url': 'https://api.github.com/repos/microsoftgraph/msgraph-sdk-java-core/keys{/key_id}', 'collaborators_url': 'https://api.github.com/repos/microsoftgraph/msgraph-sdk-java-core/collaborators{/collaborator}', 'teams_url': 'https://api.github.com/repos/microsoftgraph/msgraph-sdk-java-core/teams', 'hooks_url': 'https://api.github.com/repos/microsoftgraph/msgraph-sdk-java-core/hooks', 'issue_events_url': 'https://api.github.com/repos/microsoftgraph/msgraph-sdk-java-core/issues/events{/number}', 'events_url': 'https://api.github.com/repos/microsoftgraph/msgraph-sdk-java-core/events', 'assignees_url': 'https://api.github.com/repos/microsoftgraph/msgraph-sdk-java-core/assignees{/user}', 'branches_url': 'https://api.github.com/repos/microsoftgraph/msgraph-sdk-java-core/branches{/branch}', 'tags_url': 'https://api.github.com/repos/microsoftgraph/msgraph-sdk-java-core/tags', 'blobs_url': 'https://api.github.com/repos/microsoftgraph/msgraph-sdk-java-core/git/blobs{/sha}', 'git_tags_url': 'https://api.github.com/repos/microsoftgraph/msgraph-sdk-java-core/git/tags{/sha}', 'git_refs_url': 'https://api.github.com/repos/microsoftgraph/msgraph-sdk-java-core/git/refs{/sha}', 'trees_url': 'https://api.github.com/repos/microsoftgraph/msgraph-sdk-java-core/git/trees{/sha}', 'statuses_url': 'https://api.github.com/repos/microsoftgraph/msgraph-sdk-java-core/statuses/{sha}', 'languages_url': 'https://api.github.com/repos/microsoftgraph/msgraph-sdk-java-core/languages', 'stargazers_url': 'https://api.github.com/repos/microsoftgraph/msgraph-sdk-java-core/stargazers', 'contributors_url': 'https://api.github.com/repos/microsoftgraph/msgraph-sdk-java-core/contributors', 'subscribers_url': 'https://api.github.com/repos/microsoftgraph/msgraph-sdk-java-core/subscribers', 'subscription_url': 'https://api.github.com/repos/microsoftgraph/msgraph-sdk-java-core/subscription', 'commits_url': 'https://api.github.com/repos/microsoftgraph/msgraph-sdk-java-core/commits{/sha}', 'git_commits_url': 'https://api.github.com/repos/microsoftgraph/msgraph-sdk-java-core/git/commits{/sha}', 'comments_url': 'https://api.github.com/repos/microsoftgraph/msgraph-sdk-java-core/comments{/number}', 'issue_comment_url': 'https://api.github.com/repos/microsoftgraph/msgraph-sdk-java-core/issues/comments{/number}', 'contents_url': 'https://api.github.com/repos/microsoftgraph/msgraph-sdk-java-core/contents/{+path}', 'compare_url': 'https://api.github.com/repos/microsoftgraph/msgraph-sdk-java-core/compare/{base}...{head}', 'merges_url': 'https://api.github.com/repos/microsoftgraph/msgraph-sdk-java-core/merges', 'archive_url': 'https://api.github.com/repos/microsoftgraph/msgraph-sdk-java-core/{archive_format}{/ref}', 'downloads_url': 'https://api.github.com/repos/microsoftgraph/msgraph-sdk-java-core/downloads', 'issues_url': 'https://api.github.com/repos/microsoftgraph/msgraph-sdk-java-core/issues{/number}', 'pulls_url': 'https://api.github.com/repos/microsoftgraph/msgraph-sdk-java-core/pulls{/number}', 'milestones_url': 'https://api.github.com/repos/microsoftgraph/msgraph-sdk-java-core/milestones{/number}', 'notifications_url': 'https://api.github.com/repos/microsoftgraph/msgraph-sdk-java-core/notifications{?since,all,participating}', 'labels_url': 'https://api.github.com/repos/microsoftgraph/msgraph-sdk-java-core/labels{/name}', 'releases_url': 'https://api.github.com/repos/microsoftgraph/msgraph-sdk-java-core/releases{/id}', 'deployments_url': 'https://api.github.com/repos/microsoftgraph/msgraph-sdk-java-core/deployments', 'created_at': '2018-10-25T03:53:47Z', 'updated_at': '2022-04-22T09:16:17Z', 'pushed_at': '2022-04-22T16:21:22Z', 'git_url': 'git://github.com/microsoftgraph/msgraph-sdk-java-core.git', 'ssh_url': 'git@github.com:microsoftgraph/msgraph-sdk-java-core.git', 'clone_url': 'https://github.com/microsoftgraph/msgraph-sdk-java-core.git', 'svn_url': 'https://github.com/microsoftgraph/msgraph-sdk-java-core', 'homepage': 'https://docs.microsoft.com/en-us/graph/sdks/sdks-overview', 'size': 1625, 'stargazers_count': 24, 'watchers_count': 24, 'language': 'Java', 'has_issues': True, 'has_projects': True, 'has_downloads': True, 'has_wiki': False, 'has_pages': False, 'forks_count': 22, 'mirror_url': None, 'archived': False, 'disabled': False, 'open_issues_count': 20, 'license': {'key': 'mit', 'name': 'MIT License', 'spdx_id': 'MIT', 'url': 'https://api.github.com/licenses/mit', 'node_id': 'MDc6TGljZW5zZTEz'}, 'allow_forking': True, 'is_template': False, 'topics': ['hacktoberfest', 'java', 'microsoft-graph', 'sdk'], 'visibility': 'public', 'forks': 22, 'open_issues': 20, 'watchers': 24, 'default_branch': 'dev'}}, 'base': {'label': 'microsoftgraph:dev', 'ref': 'dev', 'sha': 'eac6902a38fef5e5eabd3912ef94b41b69020719', 'user': {'login': 'microsoftgraph', 'id': 17304259, 'node_id': 'MDEyOk9yZ2FuaXphdGlvbjE3MzA0MjU5', 'avatar_url': 'https://avatars.githubusercontent.com/u/17304259?v=4', 'gravatar_id': '', 'url': 'https://api.github.com/users/microsoftgraph', 'html_url': 'https://github.com/microsoftgraph', 'followers_url': 'https://api.github.com/users/microsoftgraph/followers', 'following_url': 'https://api.github.com/users/microsoftgraph/following{/other_user}', 'gists_url': 'https://api.github.com/users/microsoftgraph/gists{/gist_id}', 'starred_url': 'https://api.github.com/users/microsoftgraph/starred{/owner}{/repo}', 'subscriptions_url': 'https://api.github.com/users/microsoftgraph/subscriptions', 'organizations_url': 'https://api.github.com/users/microsoftgraph/orgs', 'repos_url': 'https://api.github.com/users/microsoftgraph/repos', 'events_url': 'https://api.github.com/users/microsoftgraph/events{/privacy}', 'received_events_url': 'https://api.github.com/users/microsoftgraph/received_events', 'type': 'Organization', 'site_admin': False}, 'repo': {'id': 154607328, 'node_id': 'MDEwOlJlcG9zaXRvcnkxNTQ2MDczMjg=', 'name': 'msgraph-sdk-java-core', 'full_name': 'microsoftgraph/msgraph-sdk-java-core', 'private': False, 'owner': {'login': 'microsoftgraph', 'id': 17304259, 'node_id': 'MDEyOk9yZ2FuaXphdGlvbjE3MzA0MjU5', 'avatar_url': 'https://avatars.githubusercontent.com/u/17304259?v=4', 'gravatar_id': '', 'url': 'https://api.github.com/users/microsoftgraph', 'html_url': 'https://github.com/microsoftgraph', 'followers_url': 'https://api.github.com/users/microsoftgraph/followers', 'following_url': 'https://api.github.com/users/microsoftgraph/following{/other_user}', 'gists_url': 'https://api.github.com/users/microsoftgraph/gists{/gist_id}', 'starred_url': 'https://api.github.com/users/microsoftgraph/starred{/owner}{/repo}', 'subscriptions_url': 'https://api.github.com/users/microsoftgraph/subscriptions', 'organizations_url': 'https://api.github.com/users/microsoftgraph/orgs', 'repos_url': 'https://api.github.com/users/microsoftgraph/repos', 'events_url': 'https://api.github.com/users/microsoftgraph/events{/privacy}', 'received_events_url': 'https://api.github.com/users/microsoftgraph/received_events', 'type': 'Organization', 'site_admin': False}, 'html_url': 'https://github.com/microsoftgraph/msgraph-sdk-java-core', 'description': 'Microsoft Graph SDK for Java - Core Library', 'fork': False, 'url': 'https://api.github.com/repos/microsoftgraph/msgraph-sdk-java-core', 'forks_url': 'https://api.github.com/repos/microsoftgraph/msgraph-sdk-java-core/forks', 'keys_url': 'https://api.github.com/repos/microsoftgraph/msgraph-sdk-java-core/keys{/key_id}', 'collaborators_url': 'https://api.github.com/repos/microsoftgraph/msgraph-sdk-java-core/collaborators{/collaborator}', 'teams_url': 'https://api.github.com/repos/microsoftgraph/msgraph-sdk-java-core/teams', 'hooks_url': 'https://api.github.com/repos/microsoftgraph/msgraph-sdk-java-core/hooks', 'issue_events_url': 'https://api.github.com/repos/microsoftgraph/msgraph-sdk-java-core/issues/events{/number}', 'events_url': 'https://api.github.com/repos/microsoftgraph/msgraph-sdk-java-core/events', 'assignees_url': 'https://api.github.com/repos/microsoftgraph/msgraph-sdk-java-core/assignees{/user}', 'branches_url': 'https://api.github.com/repos/microsoftgraph/msgraph-sdk-java-core/branches{/branch}', 'tags_url': 'https://api.github.com/repos/microsoftgraph/msgraph-sdk-java-core/tags', 'blobs_url': 'https://api.github.com/repos/microsoftgraph/msgraph-sdk-java-core/git/blobs{/sha}', 'git_tags_url': 'https://api.github.com/repos/microsoftgraph/msgraph-sdk-java-core/git/tags{/sha}', 'git_refs_url': 'https://api.github.com/repos/microsoftgraph/msgraph-sdk-java-core/git/refs{/sha}', 'trees_url': 'https://api.github.com/repos/microsoftgraph/msgraph-sdk-java-core/git/trees{/sha}', 'statuses_url': 'https://api.github.com/repos/microsoftgraph/msgraph-sdk-java-core/statuses/{sha}', 'languages_url': 'https://api.github.com/repos/microsoftgraph/msgraph-sdk-java-core/languages', 'stargazers_url': 'https://api.github.com/repos/microsoftgraph/msgraph-sdk-java-core/stargazers', 'contributors_url': 'https://api.github.com/repos/microsoftgraph/msgraph-sdk-java-core/contributors', 'subscribers_url': 'https://api.github.com/repos/microsoftgraph/msgraph-sdk-java-core/subscribers', 'subscription_url': 'https://api.github.com/repos/microsoftgraph/msgraph-sdk-java-core/subscription', 'commits_url': 'https://api.github.com/repos/microsoftgraph/msgraph-sdk-java-core/commits{/sha}', 'git_commits_url': 'https://api.github.com/repos/microsoftgraph/msgraph-sdk-java-core/git/commits{/sha}', 'comments_url': 'https://api.github.com/repos/microsoftgraph/msgraph-sdk-java-core/comments{/number}', 'issue_comment_url': 'https://api.github.com/repos/microsoftgraph/msgraph-sdk-java-core/issues/comments{/number}', 'contents_url': 'https://api.github.com/repos/microsoftgraph/msgraph-sdk-java-core/contents/{+path}', 'compare_url': 'https://api.github.com/repos/microsoftgraph/msgraph-sdk-java-core/compare/{base}...{head}', 'merges_url': 'https://api.github.com/repos/microsoftgraph/msgraph-sdk-java-core/merges', 'archive_url': 'https://api.github.com/repos/microsoftgraph/msgraph-sdk-java-core/{archive_format}{/ref}', 'downloads_url': 'https://api.github.com/repos/microsoftgraph/msgraph-sdk-java-core/downloads', 'issues_url': 'https://api.github.com/repos/microsoftgraph/msgraph-sdk-java-core/issues{/number}', 'pulls_url': 'https://api.github.com/repos/microsoftgraph/msgraph-sdk-java-core/pulls{/number}', 'milestones_url': 'https://api.github.com/repos/microsoftgraph/msgraph-sdk-java-core/milestones{/number}', 'notifications_url': 'https://api.github.com/repos/microsoftgraph/msgraph-sdk-java-core/notifications{?since,all,participating}', 'labels_url': 'https://api.github.com/repos/microsoftgraph/msgraph-sdk-java-core/labels{/name}', 'releases_url': 'https://api.github.com/repos/microsoftgraph/msgraph-sdk-java-core/releases{/id}', 'deployments_url': 'https://api.github.com/repos/microsoftgraph/msgraph-sdk-java-core/deployments', 'created_at': '2018-10-25T03:53:47Z', 'updated_at': '2022-04-22T09:16:17Z', 'pushed_at': '2022-04-22T16:21:22Z', 'git_url': 'git://github.com/microsoftgraph/msgraph-sdk-java-core.git', 'ssh_url': 'git@github.com:microsoftgraph/msgraph-sdk-java-core.git', 'clone_url': 'https://github.com/microsoftgraph/msgraph-sdk-java-core.git', 'svn_url': 'https://github.com/microsoftgraph/msgraph-sdk-java-core', 'homepage': 'https://docs.microsoft.com/en-us/graph/sdks/sdks-overview', 'size': 1625, 'stargazers_count': 24, 'watchers_count': 24, 'language': 'Java', 'has_issues': True, 'has_projects': True, 'has_downloads': True, 'has_wiki': False, 'has_pages': False, 'forks_count': 22, 'mirror_url': None, 'archived': False, 'disabled': False, 'open_issues_count': 20, 'license': {'key': 'mit', 'name': 'MIT License', 'spdx_id': 'MIT', 'url': 'https://api.github.com/licenses/mit', 'node_id': 'MDc6TGljZW5zZTEz'}, 'allow_forking': True, 'is_template': False, 'topics': ['hacktoberfest', 'java', 'microsoft-graph', 'sdk'], 'visibility': 'public', 'forks': 22, 'open_issues': 20, 'watchers': 24, 'default_branch': 'dev'}}, '_links': {'self': {'href': 'https://api.github.com/repos/microsoftgraph/msgraph-sdk-java-core/pulls/495'}, 'html': {'href': 'https://github.com/microsoftgraph/msgraph-sdk-java-core/pull/495'}, 'issue': {'href': 'https://api.github.com/repos/microsoftgraph/msgraph-sdk-java-core/issues/495'}, 'comments': {'href': 'https://api.github.com/repos/microsoftgraph/msgraph-sdk-java-core/issues/495/comments'}, 'review_comments': {'href': 'https://api.github.com/repos/microsoftgraph/msgraph-sdk-java-core/pulls/495/comments'}, 'review_comment': {'href': 'https://api.github.com/repos/microsoftgraph/msgraph-sdk-java-core/pulls/comments{/number}'}, 'commits': {'href': 'https://api.github.com/repos/microsoftgraph/msgraph-sdk-java-core/pulls/495/commits'}, 'statuses': {'href': 'https://api.github.com/repos/microsoftgraph/msgraph-sdk-java-core/statuses/de9f8e4c498825b7e8447dec0d930e503f680e60'}}, 'author_association': 'CONTRIBUTOR', 'auto_merge': {'enabled_by': {'login': 'ramsessanchez', 'id': 63934382, 'node_id': 'MDQ6VXNlcjYzOTM0Mzgy', 'avatar_url': 'https://avatars.githubusercontent.com/u/63934382?v=4', 'gravatar_id': '', 'url': 'https://api.github.com/users/ramsessanchez', 'html_url': 'https://github.com/ramsessanchez', 'followers_url': 'https://api.github.com/users/ramsessanchez/followers', 'following_url': 'https://api.github.com/users/ramsessanchez/following{/other_user}', 'gists_url': 'https://api.github.com/users/ramsessanchez/gists{/gist_id}', 'starred_url': 'https://api.github.com/users/ramsessanchez/starred{/owner}{/repo}', 'subscriptions_url': 'https://api.github.com/users/ramsessanchez/subscriptions', 'organizations_url': 'https://api.github.com/users/ramsessanchez/orgs', 'repos_url': 'https://api.github.com/users/ramsessanchez/repos', 'events_url': 'https://api.github.com/users/ramsessanchez/events{/privacy}', 'received_events_url': 'https://api.github.com/users/ramsessanchez/received_events', 'type': 'User', 'site_admin': False}, 'merge_method': 'merge', 'commit_title': 'Merge pull request #495 from microsoftgraph/ramsessanchez-patch-1', 'commit_message': 'Update sonarcloud.yml'}, 'active_lock_reason': None, 'merged': True, 'mergeable': None, 'rebaseable': None, 'mergeable_state': 'unknown', 'merged_by': {'login': 'ramsessanchez', 'id': 63934382, 'node_id': 'MDQ6VXNlcjYzOTM0Mzgy', 'avatar_url': 'https://avatars.githubusercontent.com/u/63934382?v=4', 'gravatar_id': '', 'url': 'https://api.github.com/users/ramsessanchez', 'html_url': 'https://github.com/ramsessanchez', 'followers_url': 'https://api.github.com/users/ramsessanchez/followers', 'following_url': 'https://api.github.com/users/ramsessanchez/following{/other_user}', 'gists_url': 'https://api.github.com/users/ramsessanchez/gists{/gist_id}', 'starred_url': 'https://api.github.com/users/ramsessanchez/starred{/owner}{/repo}', 'subscriptions_url': 'https://api.github.com/users/ramsessanchez/subscriptions', 'organizations_url': 'https://api.github.com/users/ramsessanchez/orgs', 'repos_url': 'https://api.github.com/users/ramsessanchez/repos', 'events_url': 'https://api.github.com/users/ramsessanchez/events{/privacy}', 'received_events_url': 'https://api.github.com/users/ramsessanchez/received_events', 'type': 'User', 'site_admin': False}, 'comments': 1, 'review_comments': 0, 'maintainer_can_modify': False, 'commits': 1, 'additions': 5, 'deletions': 3, 'changed_files': 1}}",closed,Java
21421670709,PushEvent,microsoftgraph/msgraph-beta-sdk-java,0.0,2022-04-22T16:20:16Z,"{'push_id': 9694902674, 'size': 2, 'distinct_size': 2, 'ref': 'refs/heads/dev', 'head': '2cbf20b1890e5a86d2b056b79296d9ac1d28f31d', 'before': '6ced4d460b9603b0b1406c9c6a347934e4227870', 'commits': [{'sha': 'a6c5a03154d8ea375f980debe9e73048d7b6419c', 'author': {'email': '49699333+dependabot[bot]@users.noreply.github.com', 'name': 'dependabot[bot]'}, 'message': 'Bump mockito-inline from 4.5.0 to 4.5.1 in /android\n\nBumps [mockito-inline](https://github.com/mockito/mockito) from 4.5.0 to 4.5.1.\n- [Release notes](https://github.com/mockito/mockito/releases)\n- [Commits](https://github.com/mockito/mockito/compare/v4.5.0...v4.5.1)\n\n---\nupdated-dependencies:\n- dependency-name: org.mockito:mockito-inline\n  dependency-type: direct:production\n  update-type: version-update:semver-patch\n...\n\nSigned-off-by: dependabot[bot] <support@github.com>', 'distinct': True, 'url': 'https://api.github.com/repos/microsoftgraph/msgraph-beta-sdk-java/commits/a6c5a03154d8ea375f980debe9e73048d7b6419c'}, {'sha': '2cbf20b1890e5a86d2b056b79296d9ac1d28f31d', 'author': {'email': '63934382+ramsessanchez@users.noreply.github.com', 'name': 'ramsessanchez'}, 'message': 'Merge pull request #287 from microsoftgraph/dependabot/gradle/android/org.mockito-mockito-inline-4.5.1\n\nBump mockito-inline from 4.5.0 to 4.5.1 in /android', 'distinct': True, 'url': 'https://api.github.com/repos/microsoftgraph/msgraph-beta-sdk-java/commits/2cbf20b1890e5a86d2b056b79296d9ac1d28f31d'}]}",,Java
21421670648,DeleteEvent,microsoftgraph/msgraph-beta-sdk-java,0.0,2022-04-22T16:20:15Z,"{'ref': 'dependabot/gradle/android/org.mockito-mockito-inline-4.5.1', 'ref_type': 'branch', 'pusher_type': 'user'}",,Java
21421670552,PullRequestEvent,microsoftgraph/msgraph-beta-sdk-java,0.0,2022-04-22T16:20:15Z,"{'action': 'closed', 'number': 287, 'pull_request': {'url': 'https://api.github.com/repos/microsoftgraph/msgraph-beta-sdk-java/pulls/287', 'id': 916109372, 'node_id': 'PR_kwDODDF5Ls42mrg8', 'html_url': 'https://github.com/microsoftgraph/msgraph-beta-sdk-java/pull/287', 'diff_url': 'https://github.com/microsoftgraph/msgraph-beta-sdk-java/pull/287.diff', 'patch_url': 'https://github.com/microsoftgraph/msgraph-beta-sdk-java/pull/287.patch', 'issue_url': 'https://api.github.com/repos/microsoftgraph/msgraph-beta-sdk-java/issues/287', 'number': 287, 'state': 'closed', 'locked': False, 'title': 'Bump mockito-inline from 4.5.0 to 4.5.1 in /android', 'user': {'login': 'dependabot[bot]', 'id': 49699333, 'node_id': 'MDM6Qm90NDk2OTkzMzM=', 'avatar_url': 'https://avatars.githubusercontent.com/in/29110?v=4', 'gravatar_id': '', 'url': 'https://api.github.com/users/dependabot%5Bbot%5D', 'html_url': 'https://github.com/apps/dependabot', 'followers_url': 'https://api.github.com/users/dependabot%5Bbot%5D/followers', 'following_url': 'https://api.github.com/users/dependabot%5Bbot%5D/following{/other_user}', 'gists_url': 'https://api.github.com/users/dependabot%5Bbot%5D/gists{/gist_id}', 'starred_url': 'https://api.github.com/users/dependabot%5Bbot%5D/starred{/owner}{/repo}', 'subscriptions_url': 'https://api.github.com/users/dependabot%5Bbot%5D/subscriptions', 'organizations_url': 'https://api.github.com/users/dependabot%5Bbot%5D/orgs', 'repos_url': 'https://api.github.com/users/dependabot%5Bbot%5D/repos', 'events_url': 'https://api.github.com/users/dependabot%5Bbot%5D/events{/privacy}', 'received_events_url': 'https://api.github.com/users/dependabot%5Bbot%5D/received_events', 'type': 'Bot', 'site_admin': False}, 'body': 'Bumps [mockito-inline](https://github.com/mockito/mockito) from 4.5.0 to 4.5.1.\n<details>\n<summary>Release notes</summary>\n<p><em>Sourced from <a href=""https://github.com/mockito/mockito/releases"">mockito-inline\'s releases</a>.</em></p>\n<blockquote>\n<h2>v4.5.1</h2>\n<p><!-- raw HTML omitted --><!-- raw HTML omitted --><em>Changelog generated by <a href=""https://github.com/shipkit/shipkit-changelog"">Shipkit Changelog Gradle Plugin</a></em><!-- raw HTML omitted --><!-- raw HTML omitted --></p>\n<h4>4.5.1</h4>\n<ul>\n<li>2022-04-21 - <a href=""https://github.com/mockito/mockito/compare/v4.5.0...v4.5.1"">2 commit(s)</a> by Jeremy Landis, dependabot[bot]</li>\n<li>Fixes <a href=""https://github-redirect.dependabot.com/mockito/mockito/issues/2623"">#2623</a>: Use zulu distribution and java 11 for release GHA job [(<a href=""https://github-redirect.dependabot.com/mockito/mockito/issues/2624"">#2624</a>)](<a href=""https://github-redirect.dependabot.com/mockito/mockito/pull/2624"">mockito/mockito#2624</a>)</li>\n<li>Missing errorprone module for 4.5.0 in central as release was done with jdk 8 [(<a href=""https://github-redirect.dependabot.com/mockito/mockito/issues/2623"">#2623</a>)](<a href=""https://github-redirect.dependabot.com/mockito/mockito/issues/2623"">mockito/mockito#2623</a>)</li>\n<li>Bump kotlinVersion from 1.6.20 to 1.6.21 [(<a href=""https://github-redirect.dependabot.com/mockito/mockito/issues/2622"">#2622</a>)](<a href=""https://github-redirect.dependabot.com/mockito/mockito/pull/2622"">mockito/mockito#2622</a>)</li>\n</ul>\n</blockquote>\n</details>\n<details>\n<summary>Commits</summary>\n<ul>\n<li><a href=""https://github.com/mockito/mockito/commit/737f0a3517256af6ade37fd0e776a2bb230de553""><code>737f0a3</code></a> Fixes <a href=""https://github-redirect.dependabot.com/mockito/mockito/issues/2623"">#2623</a>: Use zulu distribution and java 11 for release GHA job (<a href=""https://github-redirect.dependabot.com/mockito/mockito/issues/2624"">#2624</a>)</li>\n<li><a href=""https://github.com/mockito/mockito/commit/f48d794ad14982a134fd14dd2aef03477b699dc6""><code>f48d794</code></a> Bump kotlinVersion from 1.6.20 to 1.6.21 (<a href=""https://github-redirect.dependabot.com/mockito/mockito/issues/2622"">#2622</a>)</li>\n<li>See full diff in <a href=""https://github.com/mockito/mockito/compare/v4.5.0...v4.5.1"">compare view</a></li>\n</ul>\n</details>\n<br />\n\n\n[![Dependabot compatibility score](https://dependabot-badges.githubapp.com/badges/compatibility_score?dependency-name=org.mockito:mockito-inline&package-manager=gradle&previous-version=4.5.0&new-version=4.5.1)](https://docs.github.com/en/github/managing-security-vulnerabilities/about-dependabot-security-updates#about-compatibility-scores)\n\nDependabot will resolve any conflicts with this PR as long as you don\'t alter it yourself. You can also trigger a rebase manually by commenting `@dependabot rebase`.\n\n[//]: # (dependabot-automerge-start)\n[//]: # (dependabot-automerge-end)\n\n---\n\n<details>\n<summary>Dependabot commands and options</summary>\n<br />\n\nYou can trigger Dependabot actions by commenting on this PR:\n- `@dependabot rebase` will rebase this PR\n- `@dependabot recreate` will recreate this PR, overwriting any edits that have been made to it\n- `@dependabot merge` will merge this PR after your CI passes on it\n- `@dependabot squash and merge` will squash and merge this PR after your CI passes on it\n- `@dependabot cancel merge` will cancel a previously requested merge and block automerging\n- `@dependabot reopen` will reopen this PR if it is closed\n- `@dependabot close` will close this PR and stop Dependabot recreating it. You can achieve the same result by closing it manually\n- `@dependabot ignore this major version` will close this PR and stop Dependabot creating any more for this major version (unless you reopen the PR or upgrade to it yourself)\n- `@dependabot ignore this minor version` will close this PR and stop Dependabot creating any more for this minor version (unless you reopen the PR or upgrade to it yourself)\n- `@dependabot ignore this dependency` will close this PR and stop Dependabot creating any more for this dependency (unless you reopen the PR or upgrade to it yourself)\n\n\n</details>\n\n###### Microsoft Reviewers: [Open in CodeFlow](https://portal.fabricbot.ms/api/codeflow?pullrequest=https://github.com/microsoftgraph/msgraph-beta-sdk-java/pull/287)', 'created_at': '2022-04-22T07:29:15Z', 'updated_at': '2022-04-22T16:20:15Z', 'closed_at': '2022-04-22T16:20:14Z', 'merged_at': '2022-04-22T16:20:14Z', 'merge_commit_sha': '2cbf20b1890e5a86d2b056b79296d9ac1d28f31d', 'assignee': None, 'assignees': [], 'requested_reviewers': [{'login': 'zengin', 'id': 803311, 'node_id': 'MDQ6VXNlcjgwMzMxMQ==', 'avatar_url': 'https://avatars.githubusercontent.com/u/803311?v=4', 'gravatar_id': '', 'url': 'https://api.github.com/users/zengin', 'html_url': 'https://github.com/zengin', 'followers_url': 'https://api.github.com/users/zengin/followers', 'following_url': 'https://api.github.com/users/zengin/following{/other_user}', 'gists_url': 'https://api.github.com/users/zengin/gists{/gist_id}', 'starred_url': 'https://api.github.com/users/zengin/starred{/owner}{/repo}', 'subscriptions_url': 'https://api.github.com/users/zengin/subscriptions', 'organizations_url': 'https://api.github.com/users/zengin/orgs', 'repos_url': 'https://api.github.com/users/zengin/repos', 'events_url': 'https://api.github.com/users/zengin/events{/privacy}', 'received_events_url': 'https://api.github.com/users/zengin/received_events', 'type': 'User', 'site_admin': False}, {'login': 'baywet', 'id': 7905502, 'node_id': 'MDQ6VXNlcjc5MDU1MDI=', 'avatar_url': 'https://avatars.githubusercontent.com/u/7905502?v=4', 'gravatar_id': '', 'url': 'https://api.github.com/users/baywet', 'html_url': 'https://github.com/baywet', 'followers_url': 'https://api.github.com/users/baywet/followers', 'following_url': 'https://api.github.com/users/baywet/following{/other_user}', 'gists_url': 'https://api.github.com/users/baywet/gists{/gist_id}', 'starred_url': 'https://api.github.com/users/baywet/starred{/owner}{/repo}', 'subscriptions_url': 'https://api.github.com/users/baywet/subscriptions', 'organizations_url': 'https://api.github.com/users/baywet/orgs', 'repos_url': 'https://api.github.com/users/baywet/repos', 'events_url': 'https://api.github.com/users/baywet/events{/privacy}', 'received_events_url': 'https://api.github.com/users/baywet/received_events', 'type': 'User', 'site_admin': False}, {'login': 'MIchaelMainer', 'id': 8527305, 'node_id': 'MDQ6VXNlcjg1MjczMDU=', 'avatar_url': 'https://avatars.githubusercontent.com/u/8527305?v=4', 'gravatar_id': '', 'url': 'https://api.github.com/users/MIchaelMainer', 'html_url': 'https://github.com/MIchaelMainer', 'followers_url': 'https://api.github.com/users/MIchaelMainer/followers', 'following_url': 'https://api.github.com/users/MIchaelMainer/following{/other_user}', 'gists_url': 'https://api.github.com/users/MIchaelMainer/gists{/gist_id}', 'starred_url': 'https://api.github.com/users/MIchaelMainer/starred{/owner}{/repo}', 'subscriptions_url': 'https://api.github.com/users/MIchaelMainer/subscriptions', 'organizations_url': 'https://api.github.com/users/MIchaelMainer/orgs', 'repos_url': 'https://api.github.com/users/MIchaelMainer/repos', 'events_url': 'https://api.github.com/users/MIchaelMainer/events{/privacy}', 'received_events_url': 'https://api.github.com/users/MIchaelMainer/received_events', 'type': 'User', 'site_admin': False}, {'login': 'ddyett', 'id': 20829981, 'node_id': 'MDQ6VXNlcjIwODI5OTgx', 'avatar_url': 'https://avatars.githubusercontent.com/u/20829981?v=4', 'gravatar_id': '', 'url': 'https://api.github.com/users/ddyett', 'html_url': 'https://github.com/ddyett', 'followers_url': 'https://api.github.com/users/ddyett/followers', 'following_url': 'https://api.github.com/users/ddyett/following{/other_user}', 'gists_url': 'https://api.github.com/users/ddyett/gists{/gist_id}', 'starred_url': 'https://api.github.com/users/ddyett/starred{/owner}{/repo}', 'subscriptions_url': 'https://api.github.com/users/ddyett/subscriptions', 'organizations_url': 'https://api.github.com/users/ddyett/orgs', 'repos_url': 'https://api.github.com/users/ddyett/repos', 'events_url': 'https://api.github.com/users/ddyett/events{/privacy}', 'received_events_url': 'https://api.github.com/users/ddyett/received_events', 'type': 'User', 'site_admin': False}, {'login': 'nikithauc', 'id': 23219007, 'node_id': 'MDQ6VXNlcjIzMjE5MDA3', 'avatar_url': 'https://avatars.githubusercontent.com/u/23219007?v=4', 'gravatar_id': '', 'url': 'https://api.github.com/users/nikithauc', 'html_url': 'https://github.com/nikithauc', 'followers_url': 'https://api.github.com/users/nikithauc/followers', 'following_url': 'https://api.github.com/users/nikithauc/following{/other_user}', 'gists_url': 'https://api.github.com/users/nikithauc/gists{/gist_id}', 'starred_url': 'https://api.github.com/users/nikithauc/starred{/owner}{/repo}', 'subscriptions_url': 'https://api.github.com/users/nikithauc/subscriptions', 'organizations_url': 'https://api.github.com/users/nikithauc/orgs', 'repos_url': 'https://api.github.com/users/nikithauc/repos', 'events_url': 'https://api.github.com/users/nikithauc/events{/privacy}', 'received_events_url': 'https://api.github.com/users/nikithauc/received_events', 'type': 'User', 'site_admin': False}], 'requested_teams': [], 'labels': [{'id': 2308294196, 'node_id': 'MDU6TGFiZWwyMzA4Mjk0MTk2', 'url': 'https://api.github.com/repos/microsoftgraph/msgraph-beta-sdk-java/labels/dependencies', 'name': 'dependencies', 'color': '0366d6', 'default': False, 'description': 'Pull requests that update a dependency file'}, {'id': 2308294204, 'node_id': 'MDU6TGFiZWwyMzA4Mjk0MjA0', 'url': 'https://api.github.com/repos/microsoftgraph/msgraph-beta-sdk-java/labels/java', 'name': 'java', 'color': 'ffa221', 'default': False, 'description': 'Pull requests that update Java code'}], 'milestone': None, 'draft': False, 'commits_url': 'https://api.github.com/repos/microsoftgraph/msgraph-beta-sdk-java/pulls/287/commits', 'review_comments_url': 'https://api.github.com/repos/microsoftgraph/msgraph-beta-sdk-java/pulls/287/comments', 'review_comment_url': 'https://api.github.com/repos/microsoftgraph/msgraph-beta-sdk-java/pulls/comments{/number}', 'comments_url': 'https://api.github.com/repos/microsoftgraph/msgraph-beta-sdk-java/issues/287/comments', 'statuses_url': 'https://api.github.com/repos/microsoftgraph/msgraph-beta-sdk-java/statuses/a6c5a03154d8ea375f980debe9e73048d7b6419c', 'head': {'label': 'microsoftgraph:dependabot/gradle/android/org.mockito-mockito-inline-4.5.1', 'ref': 'dependabot/gradle/android/org.mockito-mockito-inline-4.5.1', 'sha': 'a6c5a03154d8ea375f980debe9e73048d7b6419c', 'user': {'login': 'microsoftgraph', 'id': 17304259, 'node_id': 'MDEyOk9yZ2FuaXphdGlvbjE3MzA0MjU5', 'avatar_url': 'https://avatars.githubusercontent.com/u/17304259?v=4', 'gravatar_id': '', 'url': 'https://api.github.com/users/microsoftgraph', 'html_url': 'https://github.com/microsoftgraph', 'followers_url': 'https://api.github.com/users/microsoftgraph/followers', 'following_url': 'https://api.github.com/users/microsoftgraph/following{/other_user}', 'gists_url': 'https://api.github.com/users/microsoftgraph/gists{/gist_id}', 'starred_url': 'https://api.github.com/users/microsoftgraph/starred{/owner}{/repo}', 'subscriptions_url': 'https://api.github.com/users/microsoftgraph/subscriptions', 'organizations_url': 'https://api.github.com/users/microsoftgraph/orgs', 'repos_url': 'https://api.github.com/users/microsoftgraph/repos', 'events_url': 'https://api.github.com/users/microsoftgraph/events{/privacy}', 'received_events_url': 'https://api.github.com/users/microsoftgraph/received_events', 'type': 'Organization', 'site_admin': False}, 'repo': {'id': 204568878, 'node_id': 'MDEwOlJlcG9zaXRvcnkyMDQ1Njg4Nzg=', 'name': 'msgraph-beta-sdk-java', 'full_name': 'microsoftgraph/msgraph-beta-sdk-java', 'private': False, 'owner': {'login': 'microsoftgraph', 'id': 17304259, 'node_id': 'MDEyOk9yZ2FuaXphdGlvbjE3MzA0MjU5', 'avatar_url': 'https://avatars.githubusercontent.com/u/17304259?v=4', 'gravatar_id': '', 'url': 'https://api.github.com/users/microsoftgraph', 'html_url': 'https://github.com/microsoftgraph', 'followers_url': 'https://api.github.com/users/microsoftgraph/followers', 'following_url': 'https://api.github.com/users/microsoftgraph/following{/other_user}', 'gists_url': 'https://api.github.com/users/microsoftgraph/gists{/gist_id}', 'starred_url': 'https://api.github.com/users/microsoftgraph/starred{/owner}{/repo}', 'subscriptions_url': 'https://api.github.com/users/microsoftgraph/subscriptions', 'organizations_url': 'https://api.github.com/users/microsoftgraph/orgs', 'repos_url': 'https://api.github.com/users/microsoftgraph/repos', 'events_url': 'https://api.github.com/users/microsoftgraph/events{/privacy}', 'received_events_url': 'https://api.github.com/users/microsoftgraph/received_events', 'type': 'Organization', 'site_admin': False}, 'html_url': 'https://github.com/microsoftgraph/msgraph-beta-sdk-java', 'description': 'Microsoft Graph Beta Java SDK', 'fork': False, 'url': 'https://api.github.com/repos/microsoftgraph/msgraph-beta-sdk-java', 'forks_url': 'https://api.github.com/repos/microsoftgraph/msgraph-beta-sdk-java/forks', 'keys_url': 'https://api.github.com/repos/microsoftgraph/msgraph-beta-sdk-java/keys{/key_id}', 'collaborators_url': 'https://api.github.com/repos/microsoftgraph/msgraph-beta-sdk-java/collaborators{/collaborator}', 'teams_url': 'https://api.github.com/repos/microsoftgraph/msgraph-beta-sdk-java/teams', 'hooks_url': 'https://api.github.com/repos/microsoftgraph/msgraph-beta-sdk-java/hooks', 'issue_events_url': 'https://api.github.com/repos/microsoftgraph/msgraph-beta-sdk-java/issues/events{/number}', 'events_url': 'https://api.github.com/repos/microsoftgraph/msgraph-beta-sdk-java/events', 'assignees_url': 'https://api.github.com/repos/microsoftgraph/msgraph-beta-sdk-java/assignees{/user}', 'branches_url': 'https://api.github.com/repos/microsoftgraph/msgraph-beta-sdk-java/branches{/branch}', 'tags_url': 'https://api.github.com/repos/microsoftgraph/msgraph-beta-sdk-java/tags', 'blobs_url': 'https://api.github.com/repos/microsoftgraph/msgraph-beta-sdk-java/git/blobs{/sha}', 'git_tags_url': 'https://api.github.com/repos/microsoftgraph/msgraph-beta-sdk-java/git/tags{/sha}', 'git_refs_url': 'https://api.github.com/repos/microsoftgraph/msgraph-beta-sdk-java/git/refs{/sha}', 'trees_url': 'https://api.github.com/repos/microsoftgraph/msgraph-beta-sdk-java/git/trees{/sha}', 'statuses_url': 'https://api.github.com/repos/microsoftgraph/msgraph-beta-sdk-java/statuses/{sha}', 'languages_url': 'https://api.github.com/repos/microsoftgraph/msgraph-beta-sdk-java/languages', 'stargazers_url': 'https://api.github.com/repos/microsoftgraph/msgraph-beta-sdk-java/stargazers', 'contributors_url': 'https://api.github.com/repos/microsoftgraph/msgraph-beta-sdk-java/contributors', 'subscribers_url': 'https://api.github.com/repos/microsoftgraph/msgraph-beta-sdk-java/subscribers', 'subscription_url': 'https://api.github.com/repos/microsoftgraph/msgraph-beta-sdk-java/subscription', 'commits_url': 'https://api.github.com/repos/microsoftgraph/msgraph-beta-sdk-java/commits{/sha}', 'git_commits_url': 'https://api.github.com/repos/microsoftgraph/msgraph-beta-sdk-java/git/commits{/sha}', 'comments_url': 'https://api.github.com/repos/microsoftgraph/msgraph-beta-sdk-java/comments{/number}', 'issue_comment_url': 'https://api.github.com/repos/microsoftgraph/msgraph-beta-sdk-java/issues/comments{/number}', 'contents_url': 'https://api.github.com/repos/microsoftgraph/msgraph-beta-sdk-java/contents/{+path}', 'compare_url': 'https://api.github.com/repos/microsoftgraph/msgraph-beta-sdk-java/compare/{base}...{head}', 'merges_url': 'https://api.github.com/repos/microsoftgraph/msgraph-beta-sdk-java/merges', 'archive_url': 'https://api.github.com/repos/microsoftgraph/msgraph-beta-sdk-java/{archive_format}{/ref}', 'downloads_url': 'https://api.github.com/repos/microsoftgraph/msgraph-beta-sdk-java/downloads', 'issues_url': 'https://api.github.com/repos/microsoftgraph/msgraph-beta-sdk-java/issues{/number}', 'pulls_url': 'https://api.github.com/repos/microsoftgraph/msgraph-beta-sdk-java/pulls{/number}', 'milestones_url': 'https://api.github.com/repos/microsoftgraph/msgraph-beta-sdk-java/milestones{/number}', 'notifications_url': 'https://api.github.com/repos/microsoftgraph/msgraph-beta-sdk-java/notifications{?since,all,participating}', 'labels_url': 'https://api.github.com/repos/microsoftgraph/msgraph-beta-sdk-java/labels{/name}', 'releases_url': 'https://api.github.com/repos/microsoftgraph/msgraph-beta-sdk-java/releases{/id}', 'deployments_url': 'https://api.github.com/repos/microsoftgraph/msgraph-beta-sdk-java/deployments', 'created_at': '2019-08-26T21:59:24Z', 'updated_at': '2022-04-15T21:56:29Z', 'pushed_at': '2022-04-22T16:20:14Z', 'git_url': 'git://github.com/microsoftgraph/msgraph-beta-sdk-java.git', 'ssh_url': 'git@github.com:microsoftgraph/msgraph-beta-sdk-java.git', 'clone_url': 'https://github.com/microsoftgraph/msgraph-beta-sdk-java.git', 'svn_url': 'https://github.com/microsoftgraph/msgraph-beta-sdk-java', 'homepage': 'https://docs.microsoft.com/en-us/graph/sdks/use-beta?tabs=Java', 'size': 46810, 'stargazers_count': 9, 'watchers_count': 9, 'language': 'Java', 'has_issues': True, 'has_projects': True, 'has_downloads': True, 'has_wiki': False, 'has_pages': False, 'forks_count': 5, 'mirror_url': None, 'archived': False, 'disabled': False, 'open_issues_count': 2, 'license': {'key': 'mit', 'name': 'MIT License', 'spdx_id': 'MIT', 'url': 'https://api.github.com/licenses/mit', 'node_id': 'MDc6TGljZW5zZTEz'}, 'allow_forking': True, 'is_template': False, 'topics': ['java', 'microsoft-graph', 'sdk'], 'visibility': 'public', 'forks': 5, 'open_issues': 2, 'watchers': 9, 'default_branch': 'dev'}}, 'base': {'label': 'microsoftgraph:dev', 'ref': 'dev', 'sha': '9ca621a928c080c022f77f6c03303a7eb5a1df04', 'user': {'login': 'microsoftgraph', 'id': 17304259, 'node_id': 'MDEyOk9yZ2FuaXphdGlvbjE3MzA0MjU5', 'avatar_url': 'https://avatars.githubusercontent.com/u/17304259?v=4', 'gravatar_id': '', 'url': 'https://api.github.com/users/microsoftgraph', 'html_url': 'https://github.com/microsoftgraph', 'followers_url': 'https://api.github.com/users/microsoftgraph/followers', 'following_url': 'https://api.github.com/users/microsoftgraph/following{/other_user}', 'gists_url': 'https://api.github.com/users/microsoftgraph/gists{/gist_id}', 'starred_url': 'https://api.github.com/users/microsoftgraph/starred{/owner}{/repo}', 'subscriptions_url': 'https://api.github.com/users/microsoftgraph/subscriptions', 'organizations_url': 'https://api.github.com/users/microsoftgraph/orgs', 'repos_url': 'https://api.github.com/users/microsoftgraph/repos', 'events_url': 'https://api.github.com/users/microsoftgraph/events{/privacy}', 'received_events_url': 'https://api.github.com/users/microsoftgraph/received_events', 'type': 'Organization', 'site_admin': False}, 'repo': {'id': 204568878, 'node_id': 'MDEwOlJlcG9zaXRvcnkyMDQ1Njg4Nzg=', 'name': 'msgraph-beta-sdk-java', 'full_name': 'microsoftgraph/msgraph-beta-sdk-java', 'private': False, 'owner': {'login': 'microsoftgraph', 'id': 17304259, 'node_id': 'MDEyOk9yZ2FuaXphdGlvbjE3MzA0MjU5', 'avatar_url': 'https://avatars.githubusercontent.com/u/17304259?v=4', 'gravatar_id': '', 'url': 'https://api.github.com/users/microsoftgraph', 'html_url': 'https://github.com/microsoftgraph', 'followers_url': 'https://api.github.com/users/microsoftgraph/followers', 'following_url': 'https://api.github.com/users/microsoftgraph/following{/other_user}', 'gists_url': 'https://api.github.com/users/microsoftgraph/gists{/gist_id}', 'starred_url': 'https://api.github.com/users/microsoftgraph/starred{/owner}{/repo}', 'subscriptions_url': 'https://api.github.com/users/microsoftgraph/subscriptions', 'organizations_url': 'https://api.github.com/users/microsoftgraph/orgs', 'repos_url': 'https://api.github.com/users/microsoftgraph/repos', 'events_url': 'https://api.github.com/users/microsoftgraph/events{/privacy}', 'received_events_url': 'https://api.github.com/users/microsoftgraph/received_events', 'type': 'Organization', 'site_admin': False}, 'html_url': 'https://github.com/microsoftgraph/msgraph-beta-sdk-java', 'description': 'Microsoft Graph Beta Java SDK', 'fork': False, 'url': 'https://api.github.com/repos/microsoftgraph/msgraph-beta-sdk-java', 'forks_url': 'https://api.github.com/repos/microsoftgraph/msgraph-beta-sdk-java/forks', 'keys_url': 'https://api.github.com/repos/microsoftgraph/msgraph-beta-sdk-java/keys{/key_id}', 'collaborators_url': 'https://api.github.com/repos/microsoftgraph/msgraph-beta-sdk-java/collaborators{/collaborator}', 'teams_url': 'https://api.github.com/repos/microsoftgraph/msgraph-beta-sdk-java/teams', 'hooks_url': 'https://api.github.com/repos/microsoftgraph/msgraph-beta-sdk-java/hooks', 'issue_events_url': 'https://api.github.com/repos/microsoftgraph/msgraph-beta-sdk-java/issues/events{/number}', 'events_url': 'https://api.github.com/repos/microsoftgraph/msgraph-beta-sdk-java/events', 'assignees_url': 'https://api.github.com/repos/microsoftgraph/msgraph-beta-sdk-java/assignees{/user}', 'branches_url': 'https://api.github.com/repos/microsoftgraph/msgraph-beta-sdk-java/branches{/branch}', 'tags_url': 'https://api.github.com/repos/microsoftgraph/msgraph-beta-sdk-java/tags', 'blobs_url': 'https://api.github.com/repos/microsoftgraph/msgraph-beta-sdk-java/git/blobs{/sha}', 'git_tags_url': 'https://api.github.com/repos/microsoftgraph/msgraph-beta-sdk-java/git/tags{/sha}', 'git_refs_url': 'https://api.github.com/repos/microsoftgraph/msgraph-beta-sdk-java/git/refs{/sha}', 'trees_url': 'https://api.github.com/repos/microsoftgraph/msgraph-beta-sdk-java/git/trees{/sha}', 'statuses_url': 'https://api.github.com/repos/microsoftgraph/msgraph-beta-sdk-java/statuses/{sha}', 'languages_url': 'https://api.github.com/repos/microsoftgraph/msgraph-beta-sdk-java/languages', 'stargazers_url': 'https://api.github.com/repos/microsoftgraph/msgraph-beta-sdk-java/stargazers', 'contributors_url': 'https://api.github.com/repos/microsoftgraph/msgraph-beta-sdk-java/contributors', 'subscribers_url': 'https://api.github.com/repos/microsoftgraph/msgraph-beta-sdk-java/subscribers', 'subscription_url': 'https://api.github.com/repos/microsoftgraph/msgraph-beta-sdk-java/subscription', 'commits_url': 'https://api.github.com/repos/microsoftgraph/msgraph-beta-sdk-java/commits{/sha}', 'git_commits_url': 'https://api.github.com/repos/microsoftgraph/msgraph-beta-sdk-java/git/commits{/sha}', 'comments_url': 'https://api.github.com/repos/microsoftgraph/msgraph-beta-sdk-java/comments{/number}', 'issue_comment_url': 'https://api.github.com/repos/microsoftgraph/msgraph-beta-sdk-java/issues/comments{/number}', 'contents_url': 'https://api.github.com/repos/microsoftgraph/msgraph-beta-sdk-java/contents/{+path}', 'compare_url': 'https://api.github.com/repos/microsoftgraph/msgraph-beta-sdk-java/compare/{base}...{head}', 'merges_url': 'https://api.github.com/repos/microsoftgraph/msgraph-beta-sdk-java/merges', 'archive_url': 'https://api.github.com/repos/microsoftgraph/msgraph-beta-sdk-java/{archive_format}{/ref}', 'downloads_url': 'https://api.github.com/repos/microsoftgraph/msgraph-beta-sdk-java/downloads', 'issues_url': 'https://api.github.com/repos/microsoftgraph/msgraph-beta-sdk-java/issues{/number}', 'pulls_url': 'https://api.github.com/repos/microsoftgraph/msgraph-beta-sdk-java/pulls{/number}', 'milestones_url': 'https://api.github.com/repos/microsoftgraph/msgraph-beta-sdk-java/milestones{/number}', 'notifications_url': 'https://api.github.com/repos/microsoftgraph/msgraph-beta-sdk-java/notifications{?since,all,participating}', 'labels_url': 'https://api.github.com/repos/microsoftgraph/msgraph-beta-sdk-java/labels{/name}', 'releases_url': 'https://api.github.com/repos/microsoftgraph/msgraph-beta-sdk-java/releases{/id}', 'deployments_url': 'https://api.github.com/repos/microsoftgraph/msgraph-beta-sdk-java/deployments', 'created_at': '2019-08-26T21:59:24Z', 'updated_at': '2022-04-15T21:56:29Z', 'pushed_at': '2022-04-22T16:20:14Z', 'git_url': 'git://github.com/microsoftgraph/msgraph-beta-sdk-java.git', 'ssh_url': 'git@github.com:microsoftgraph/msgraph-beta-sdk-java.git', 'clone_url': 'https://github.com/microsoftgraph/msgraph-beta-sdk-java.git', 'svn_url': 'https://github.com/microsoftgraph/msgraph-beta-sdk-java', 'homepage': 'https://docs.microsoft.com/en-us/graph/sdks/use-beta?tabs=Java', 'size': 46810, 'stargazers_count': 9, 'watchers_count': 9, 'language': 'Java', 'has_issues': True, 'has_projects': True, 'has_downloads': True, 'has_wiki': False, 'has_pages': False, 'forks_count': 5, 'mirror_url': None, 'archived': False, 'disabled': False, 'open_issues_count': 2, 'license': {'key': 'mit', 'name': 'MIT License', 'spdx_id': 'MIT', 'url': 'https://api.github.com/licenses/mit', 'node_id': 'MDc6TGljZW5zZTEz'}, 'allow_forking': True, 'is_template': False, 'topics': ['java', 'microsoft-graph', 'sdk'], 'visibility': 'public', 'forks': 5, 'open_issues': 2, 'watchers': 9, 'default_branch': 'dev'}}, '_links': {'self': {'href': 'https://api.github.com/repos/microsoftgraph/msgraph-beta-sdk-java/pulls/287'}, 'html': {'href': 'https://github.com/microsoftgraph/msgraph-beta-sdk-java/pull/287'}, 'issue': {'href': 'https://api.github.com/repos/microsoftgraph/msgraph-beta-sdk-java/issues/287'}, 'comments': {'href': 'https://api.github.com/repos/microsoftgraph/msgraph-beta-sdk-java/issues/287/comments'}, 'review_comments': {'href': 'https://api.github.com/repos/microsoftgraph/msgraph-beta-sdk-java/pulls/287/comments'}, 'review_comment': {'href': 'https://api.github.com/repos/microsoftgraph/msgraph-beta-sdk-java/pulls/comments{/number}'}, 'commits': {'href': 'https://api.github.com/repos/microsoftgraph/msgraph-beta-sdk-java/pulls/287/commits'}, 'statuses': {'href': 'https://api.github.com/repos/microsoftgraph/msgraph-beta-sdk-java/statuses/a6c5a03154d8ea375f980debe9e73048d7b6419c'}}, 'author_association': 'CONTRIBUTOR', 'auto_merge': None, 'active_lock_reason': None, 'merged': True, 'mergeable': None, 'rebaseable': None, 'mergeable_state': 'unknown', 'merged_by': {'login': 'ramsessanchez', 'id': 63934382, 'node_id': 'MDQ6VXNlcjYzOTM0Mzgy', 'avatar_url': 'https://avatars.githubusercontent.com/u/63934382?v=4', 'gravatar_id': '', 'url': 'https://api.github.com/users/ramsessanchez', 'html_url': 'https://github.com/ramsessanchez', 'followers_url': 'https://api.github.com/users/ramsessanchez/followers', 'following_url': 'https://api.github.com/users/ramsessanchez/following{/other_user}', 'gists_url': 'https://api.github.com/users/ramsessanchez/gists{/gist_id}', 'starred_url': 'https://api.github.com/users/ramsessanchez/starred{/owner}{/repo}', 'subscriptions_url': 'https://api.github.com/users/ramsessanchez/subscriptions', 'organizations_url': 'https://api.github.com/users/ramsessanchez/orgs', 'repos_url': 'https://api.github.com/users/ramsessanchez/repos', 'events_url': 'https://api.github.com/users/ramsessanchez/events{/privacy}', 'received_events_url': 'https://api.github.com/users/ramsessanchez/received_events', 'type': 'User', 'site_admin': False}, 'comments': 0, 'review_comments': 0, 'maintainer_can_modify': False, 'commits': 1, 'additions': 1, 'deletions': 1, 'changed_files': 1}}",closed,Java
21421668405,PullRequestReviewEvent,microsoftgraph/msgraph-beta-sdk-java,0.0,2022-04-22T16:20:07Z,"{'action': 'created', 'review': {'id': 950316954, 'node_id': 'PRR_kwDODDF5Ls44pK-a', 'user': {'login': 'ramsessanchez', 'id': 63934382, 'node_id': 'MDQ6VXNlcjYzOTM0Mzgy', 'avatar_url': 'https://avatars.githubusercontent.com/u/63934382?v=4', 'gravatar_id': '', 'url': 'https://api.github.com/users/ramsessanchez', 'html_url': 'https://github.com/ramsessanchez', 'followers_url': 'https://api.github.com/users/ramsessanchez/followers', 'following_url': 'https://api.github.com/users/ramsessanchez/following{/other_user}', 'gists_url': 'https://api.github.com/users/ramsessanchez/gists{/gist_id}', 'starred_url': 'https://api.github.com/users/ramsessanchez/starred{/owner}{/repo}', 'subscriptions_url': 'https://api.github.com/users/ramsessanchez/subscriptions', 'organizations_url': 'https://api.github.com/users/ramsessanchez/orgs', 'repos_url': 'https://api.github.com/users/ramsessanchez/repos', 'events_url': 'https://api.github.com/users/ramsessanchez/events{/privacy}', 'received_events_url': 'https://api.github.com/users/ramsessanchez/received_events', 'type': 'User', 'site_admin': False}, 'body': '', 'commit_id': 'a6c5a03154d8ea375f980debe9e73048d7b6419c', 'submitted_at': '2022-04-22T16:20:07Z', 'state': 'approved', 'html_url': 'https://github.com/microsoftgraph/msgraph-beta-sdk-java/pull/287#pullrequestreview-950316954', 'pull_request_url': 'https://api.github.com/repos/microsoftgraph/msgraph-beta-sdk-java/pulls/287', 'author_association': 'CONTRIBUTOR', '_links': {'html': {'href': 'https://github.com/microsoftgraph/msgraph-beta-sdk-java/pull/287#pullrequestreview-950316954'}, 'pull_request': {'href': 'https://api.github.com/repos/microsoftgraph/msgraph-beta-sdk-java/pulls/287'}}}, 'pull_request': {'url': 'https://api.github.com/repos/microsoftgraph/msgraph-beta-sdk-java/pulls/287', 'id': 916109372, 'node_id': 'PR_kwDODDF5Ls42mrg8', 'html_url': 'https://github.com/microsoftgraph/msgraph-beta-sdk-java/pull/287', 'diff_url': 'https://github.com/microsoftgraph/msgraph-beta-sdk-java/pull/287.diff', 'patch_url': 'https://github.com/microsoftgraph/msgraph-beta-sdk-java/pull/287.patch', 'issue_url': 'https://api.github.com/repos/microsoftgraph/msgraph-beta-sdk-java/issues/287', 'number': 287, 'state': 'open', 'locked': False, 'title': 'Bump mockito-inline from 4.5.0 to 4.5.1 in /android', 'user': {'login': 'dependabot[bot]', 'id': 49699333, 'node_id': 'MDM6Qm90NDk2OTkzMzM=', 'avatar_url': 'https://avatars.githubusercontent.com/in/29110?v=4', 'gravatar_id': '', 'url': 'https://api.github.com/users/dependabot%5Bbot%5D', 'html_url': 'https://github.com/apps/dependabot', 'followers_url': 'https://api.github.com/users/dependabot%5Bbot%5D/followers', 'following_url': 'https://api.github.com/users/dependabot%5Bbot%5D/following{/other_user}', 'gists_url': 'https://api.github.com/users/dependabot%5Bbot%5D/gists{/gist_id}', 'starred_url': 'https://api.github.com/users/dependabot%5Bbot%5D/starred{/owner}{/repo}', 'subscriptions_url': 'https://api.github.com/users/dependabot%5Bbot%5D/subscriptions', 'organizations_url': 'https://api.github.com/users/dependabot%5Bbot%5D/orgs', 'repos_url': 'https://api.github.com/users/dependabot%5Bbot%5D/repos', 'events_url': 'https://api.github.com/users/dependabot%5Bbot%5D/events{/privacy}', 'received_events_url': 'https://api.github.com/users/dependabot%5Bbot%5D/received_events', 'type': 'Bot', 'site_admin': False}, 'body': 'Bumps [mockito-inline](https://github.com/mockito/mockito) from 4.5.0 to 4.5.1.\n<details>\n<summary>Release notes</summary>\n<p><em>Sourced from <a href=""https://github.com/mockito/mockito/releases"">mockito-inline\'s releases</a>.</em></p>\n<blockquote>\n<h2>v4.5.1</h2>\n<p><!-- raw HTML omitted --><!-- raw HTML omitted --><em>Changelog generated by <a href=""https://github.com/shipkit/shipkit-changelog"">Shipkit Changelog Gradle Plugin</a></em><!-- raw HTML omitted --><!-- raw HTML omitted --></p>\n<h4>4.5.1</h4>\n<ul>\n<li>2022-04-21 - <a href=""https://github.com/mockito/mockito/compare/v4.5.0...v4.5.1"">2 commit(s)</a> by Jeremy Landis, dependabot[bot]</li>\n<li>Fixes <a href=""https://github-redirect.dependabot.com/mockito/mockito/issues/2623"">#2623</a>: Use zulu distribution and java 11 for release GHA job [(<a href=""https://github-redirect.dependabot.com/mockito/mockito/issues/2624"">#2624</a>)](<a href=""https://github-redirect.dependabot.com/mockito/mockito/pull/2624"">mockito/mockito#2624</a>)</li>\n<li>Missing errorprone module for 4.5.0 in central as release was done with jdk 8 [(<a href=""https://github-redirect.dependabot.com/mockito/mockito/issues/2623"">#2623</a>)](<a href=""https://github-redirect.dependabot.com/mockito/mockito/issues/2623"">mockito/mockito#2623</a>)</li>\n<li>Bump kotlinVersion from 1.6.20 to 1.6.21 [(<a href=""https://github-redirect.dependabot.com/mockito/mockito/issues/2622"">#2622</a>)](<a href=""https://github-redirect.dependabot.com/mockito/mockito/pull/2622"">mockito/mockito#2622</a>)</li>\n</ul>\n</blockquote>\n</details>\n<details>\n<summary>Commits</summary>\n<ul>\n<li><a href=""https://github.com/mockito/mockito/commit/737f0a3517256af6ade37fd0e776a2bb230de553""><code>737f0a3</code></a> Fixes <a href=""https://github-redirect.dependabot.com/mockito/mockito/issues/2623"">#2623</a>: Use zulu distribution and java 11 for release GHA job (<a href=""https://github-redirect.dependabot.com/mockito/mockito/issues/2624"">#2624</a>)</li>\n<li><a href=""https://github.com/mockito/mockito/commit/f48d794ad14982a134fd14dd2aef03477b699dc6""><code>f48d794</code></a> Bump kotlinVersion from 1.6.20 to 1.6.21 (<a href=""https://github-redirect.dependabot.com/mockito/mockito/issues/2622"">#2622</a>)</li>\n<li>See full diff in <a href=""https://github.com/mockito/mockito/compare/v4.5.0...v4.5.1"">compare view</a></li>\n</ul>\n</details>\n<br />\n\n\n[![Dependabot compatibility score](https://dependabot-badges.githubapp.com/badges/compatibility_score?dependency-name=org.mockito:mockito-inline&package-manager=gradle&previous-version=4.5.0&new-version=4.5.1)](https://docs.github.com/en/github/managing-security-vulnerabilities/about-dependabot-security-updates#about-compatibility-scores)\n\nDependabot will resolve any conflicts with this PR as long as you don\'t alter it yourself. You can also trigger a rebase manually by commenting `@dependabot rebase`.\n\n[//]: # (dependabot-automerge-start)\n[//]: # (dependabot-automerge-end)\n\n---\n\n<details>\n<summary>Dependabot commands and options</summary>\n<br />\n\nYou can trigger Dependabot actions by commenting on this PR:\n- `@dependabot rebase` will rebase this PR\n- `@dependabot recreate` will recreate this PR, overwriting any edits that have been made to it\n- `@dependabot merge` will merge this PR after your CI passes on it\n- `@dependabot squash and merge` will squash and merge this PR after your CI passes on it\n- `@dependabot cancel merge` will cancel a previously requested merge and block automerging\n- `@dependabot reopen` will reopen this PR if it is closed\n- `@dependabot close` will close this PR and stop Dependabot recreating it. You can achieve the same result by closing it manually\n- `@dependabot ignore this major version` will close this PR and stop Dependabot creating any more for this major version (unless you reopen the PR or upgrade to it yourself)\n- `@dependabot ignore this minor version` will close this PR and stop Dependabot creating any more for this minor version (unless you reopen the PR or upgrade to it yourself)\n- `@dependabot ignore this dependency` will close this PR and stop Dependabot creating any more for this dependency (unless you reopen the PR or upgrade to it yourself)\n\n\n</details>\n\n###### Microsoft Reviewers: [Open in CodeFlow](https://portal.fabricbot.ms/api/codeflow?pullrequest=https://github.com/microsoftgraph/msgraph-beta-sdk-java/pull/287)', 'created_at': '2022-04-22T07:29:15Z', 'updated_at': '2022-04-22T16:20:07Z', 'closed_at': None, 'merged_at': None, 'merge_commit_sha': 'b65408708e86363271a1ffcb8845206022ef9d34', 'assignee': None, 'assignees': [], 'requested_reviewers': [{'login': 'zengin', 'id': 803311, 'node_id': 'MDQ6VXNlcjgwMzMxMQ==', 'avatar_url': 'https://avatars.githubusercontent.com/u/803311?v=4', 'gravatar_id': '', 'url': 'https://api.github.com/users/zengin', 'html_url': 'https://github.com/zengin', 'followers_url': 'https://api.github.com/users/zengin/followers', 'following_url': 'https://api.github.com/users/zengin/following{/other_user}', 'gists_url': 'https://api.github.com/users/zengin/gists{/gist_id}', 'starred_url': 'https://api.github.com/users/zengin/starred{/owner}{/repo}', 'subscriptions_url': 'https://api.github.com/users/zengin/subscriptions', 'organizations_url': 'https://api.github.com/users/zengin/orgs', 'repos_url': 'https://api.github.com/users/zengin/repos', 'events_url': 'https://api.github.com/users/zengin/events{/privacy}', 'received_events_url': 'https://api.github.com/users/zengin/received_events', 'type': 'User', 'site_admin': False}, {'login': 'baywet', 'id': 7905502, 'node_id': 'MDQ6VXNlcjc5MDU1MDI=', 'avatar_url': 'https://avatars.githubusercontent.com/u/7905502?v=4', 'gravatar_id': '', 'url': 'https://api.github.com/users/baywet', 'html_url': 'https://github.com/baywet', 'followers_url': 'https://api.github.com/users/baywet/followers', 'following_url': 'https://api.github.com/users/baywet/following{/other_user}', 'gists_url': 'https://api.github.com/users/baywet/gists{/gist_id}', 'starred_url': 'https://api.github.com/users/baywet/starred{/owner}{/repo}', 'subscriptions_url': 'https://api.github.com/users/baywet/subscriptions', 'organizations_url': 'https://api.github.com/users/baywet/orgs', 'repos_url': 'https://api.github.com/users/baywet/repos', 'events_url': 'https://api.github.com/users/baywet/events{/privacy}', 'received_events_url': 'https://api.github.com/users/baywet/received_events', 'type': 'User', 'site_admin': False}, {'login': 'MIchaelMainer', 'id': 8527305, 'node_id': 'MDQ6VXNlcjg1MjczMDU=', 'avatar_url': 'https://avatars.githubusercontent.com/u/8527305?v=4', 'gravatar_id': '', 'url': 'https://api.github.com/users/MIchaelMainer', 'html_url': 'https://github.com/MIchaelMainer', 'followers_url': 'https://api.github.com/users/MIchaelMainer/followers', 'following_url': 'https://api.github.com/users/MIchaelMainer/following{/other_user}', 'gists_url': 'https://api.github.com/users/MIchaelMainer/gists{/gist_id}', 'starred_url': 'https://api.github.com/users/MIchaelMainer/starred{/owner}{/repo}', 'subscriptions_url': 'https://api.github.com/users/MIchaelMainer/subscriptions', 'organizations_url': 'https://api.github.com/users/MIchaelMainer/orgs', 'repos_url': 'https://api.github.com/users/MIchaelMainer/repos', 'events_url': 'https://api.github.com/users/MIchaelMainer/events{/privacy}', 'received_events_url': 'https://api.github.com/users/MIchaelMainer/received_events', 'type': 'User', 'site_admin': False}, {'login': 'ddyett', 'id': 20829981, 'node_id': 'MDQ6VXNlcjIwODI5OTgx', 'avatar_url': 'https://avatars.githubusercontent.com/u/20829981?v=4', 'gravatar_id': '', 'url': 'https://api.github.com/users/ddyett', 'html_url': 'https://github.com/ddyett', 'followers_url': 'https://api.github.com/users/ddyett/followers', 'following_url': 'https://api.github.com/users/ddyett/following{/other_user}', 'gists_url': 'https://api.github.com/users/ddyett/gists{/gist_id}', 'starred_url': 'https://api.github.com/users/ddyett/starred{/owner}{/repo}', 'subscriptions_url': 'https://api.github.com/users/ddyett/subscriptions', 'organizations_url': 'https://api.github.com/users/ddyett/orgs', 'repos_url': 'https://api.github.com/users/ddyett/repos', 'events_url': 'https://api.github.com/users/ddyett/events{/privacy}', 'received_events_url': 'https://api.github.com/users/ddyett/received_events', 'type': 'User', 'site_admin': False}, {'login': 'nikithauc', 'id': 23219007, 'node_id': 'MDQ6VXNlcjIzMjE5MDA3', 'avatar_url': 'https://avatars.githubusercontent.com/u/23219007?v=4', 'gravatar_id': '', 'url': 'https://api.github.com/users/nikithauc', 'html_url': 'https://github.com/nikithauc', 'followers_url': 'https://api.github.com/users/nikithauc/followers', 'following_url': 'https://api.github.com/users/nikithauc/following{/other_user}', 'gists_url': 'https://api.github.com/users/nikithauc/gists{/gist_id}', 'starred_url': 'https://api.github.com/users/nikithauc/starred{/owner}{/repo}', 'subscriptions_url': 'https://api.github.com/users/nikithauc/subscriptions', 'organizations_url': 'https://api.github.com/users/nikithauc/orgs', 'repos_url': 'https://api.github.com/users/nikithauc/repos', 'events_url': 'https://api.github.com/users/nikithauc/events{/privacy}', 'received_events_url': 'https://api.github.com/users/nikithauc/received_events', 'type': 'User', 'site_admin': False}], 'requested_teams': [], 'labels': [{'id': 2308294196, 'node_id': 'MDU6TGFiZWwyMzA4Mjk0MTk2', 'url': 'https://api.github.com/repos/microsoftgraph/msgraph-beta-sdk-java/labels/dependencies', 'name': 'dependencies', 'color': '0366d6', 'default': False, 'description': 'Pull requests that update a dependency file'}, {'id': 2308294204, 'node_id': 'MDU6TGFiZWwyMzA4Mjk0MjA0', 'url': 'https://api.github.com/repos/microsoftgraph/msgraph-beta-sdk-java/labels/java', 'name': 'java', 'color': 'ffa221', 'default': False, 'description': 'Pull requests that update Java code'}], 'milestone': None, 'draft': False, 'commits_url': 'https://api.github.com/repos/microsoftgraph/msgraph-beta-sdk-java/pulls/287/commits', 'review_comments_url': 'https://api.github.com/repos/microsoftgraph/msgraph-beta-sdk-java/pulls/287/comments', 'review_comment_url': 'https://api.github.com/repos/microsoftgraph/msgraph-beta-sdk-java/pulls/comments{/number}', 'comments_url': 'https://api.github.com/repos/microsoftgraph/msgraph-beta-sdk-java/issues/287/comments', 'statuses_url': 'https://api.github.com/repos/microsoftgraph/msgraph-beta-sdk-java/statuses/a6c5a03154d8ea375f980debe9e73048d7b6419c', 'head': {'label': 'microsoftgraph:dependabot/gradle/android/org.mockito-mockito-inline-4.5.1', 'ref': 'dependabot/gradle/android/org.mockito-mockito-inline-4.5.1', 'sha': 'a6c5a03154d8ea375f980debe9e73048d7b6419c', 'user': {'login': 'microsoftgraph', 'id': 17304259, 'node_id': 'MDEyOk9yZ2FuaXphdGlvbjE3MzA0MjU5', 'avatar_url': 'https://avatars.githubusercontent.com/u/17304259?v=4', 'gravatar_id': '', 'url': 'https://api.github.com/users/microsoftgraph', 'html_url': 'https://github.com/microsoftgraph', 'followers_url': 'https://api.github.com/users/microsoftgraph/followers', 'following_url': 'https://api.github.com/users/microsoftgraph/following{/other_user}', 'gists_url': 'https://api.github.com/users/microsoftgraph/gists{/gist_id}', 'starred_url': 'https://api.github.com/users/microsoftgraph/starred{/owner}{/repo}', 'subscriptions_url': 'https://api.github.com/users/microsoftgraph/subscriptions', 'organizations_url': 'https://api.github.com/users/microsoftgraph/orgs', 'repos_url': 'https://api.github.com/users/microsoftgraph/repos', 'events_url': 'https://api.github.com/users/microsoftgraph/events{/privacy}', 'received_events_url': 'https://api.github.com/users/microsoftgraph/received_events', 'type': 'Organization', 'site_admin': False}, 'repo': {'id': 204568878, 'node_id': 'MDEwOlJlcG9zaXRvcnkyMDQ1Njg4Nzg=', 'name': 'msgraph-beta-sdk-java', 'full_name': 'microsoftgraph/msgraph-beta-sdk-java', 'private': False, 'owner': {'login': 'microsoftgraph', 'id': 17304259, 'node_id': 'MDEyOk9yZ2FuaXphdGlvbjE3MzA0MjU5', 'avatar_url': 'https://avatars.githubusercontent.com/u/17304259?v=4', 'gravatar_id': '', 'url': 'https://api.github.com/users/microsoftgraph', 'html_url': 'https://github.com/microsoftgraph', 'followers_url': 'https://api.github.com/users/microsoftgraph/followers', 'following_url': 'https://api.github.com/users/microsoftgraph/following{/other_user}', 'gists_url': 'https://api.github.com/users/microsoftgraph/gists{/gist_id}', 'starred_url': 'https://api.github.com/users/microsoftgraph/starred{/owner}{/repo}', 'subscriptions_url': 'https://api.github.com/users/microsoftgraph/subscriptions', 'organizations_url': 'https://api.github.com/users/microsoftgraph/orgs', 'repos_url': 'https://api.github.com/users/microsoftgraph/repos', 'events_url': 'https://api.github.com/users/microsoftgraph/events{/privacy}', 'received_events_url': 'https://api.github.com/users/microsoftgraph/received_events', 'type': 'Organization', 'site_admin': False}, 'html_url': 'https://github.com/microsoftgraph/msgraph-beta-sdk-java', 'description': 'Microsoft Graph Beta Java SDK', 'fork': False, 'url': 'https://api.github.com/repos/microsoftgraph/msgraph-beta-sdk-java', 'forks_url': 'https://api.github.com/repos/microsoftgraph/msgraph-beta-sdk-java/forks', 'keys_url': 'https://api.github.com/repos/microsoftgraph/msgraph-beta-sdk-java/keys{/key_id}', 'collaborators_url': 'https://api.github.com/repos/microsoftgraph/msgraph-beta-sdk-java/collaborators{/collaborator}', 'teams_url': 'https://api.github.com/repos/microsoftgraph/msgraph-beta-sdk-java/teams', 'hooks_url': 'https://api.github.com/repos/microsoftgraph/msgraph-beta-sdk-java/hooks', 'issue_events_url': 'https://api.github.com/repos/microsoftgraph/msgraph-beta-sdk-java/issues/events{/number}', 'events_url': 'https://api.github.com/repos/microsoftgraph/msgraph-beta-sdk-java/events', 'assignees_url': 'https://api.github.com/repos/microsoftgraph/msgraph-beta-sdk-java/assignees{/user}', 'branches_url': 'https://api.github.com/repos/microsoftgraph/msgraph-beta-sdk-java/branches{/branch}', 'tags_url': 'https://api.github.com/repos/microsoftgraph/msgraph-beta-sdk-java/tags', 'blobs_url': 'https://api.github.com/repos/microsoftgraph/msgraph-beta-sdk-java/git/blobs{/sha}', 'git_tags_url': 'https://api.github.com/repos/microsoftgraph/msgraph-beta-sdk-java/git/tags{/sha}', 'git_refs_url': 'https://api.github.com/repos/microsoftgraph/msgraph-beta-sdk-java/git/refs{/sha}', 'trees_url': 'https://api.github.com/repos/microsoftgraph/msgraph-beta-sdk-java/git/trees{/sha}', 'statuses_url': 'https://api.github.com/repos/microsoftgraph/msgraph-beta-sdk-java/statuses/{sha}', 'languages_url': 'https://api.github.com/repos/microsoftgraph/msgraph-beta-sdk-java/languages', 'stargazers_url': 'https://api.github.com/repos/microsoftgraph/msgraph-beta-sdk-java/stargazers', 'contributors_url': 'https://api.github.com/repos/microsoftgraph/msgraph-beta-sdk-java/contributors', 'subscribers_url': 'https://api.github.com/repos/microsoftgraph/msgraph-beta-sdk-java/subscribers', 'subscription_url': 'https://api.github.com/repos/microsoftgraph/msgraph-beta-sdk-java/subscription', 'commits_url': 'https://api.github.com/repos/microsoftgraph/msgraph-beta-sdk-java/commits{/sha}', 'git_commits_url': 'https://api.github.com/repos/microsoftgraph/msgraph-beta-sdk-java/git/commits{/sha}', 'comments_url': 'https://api.github.com/repos/microsoftgraph/msgraph-beta-sdk-java/comments{/number}', 'issue_comment_url': 'https://api.github.com/repos/microsoftgraph/msgraph-beta-sdk-java/issues/comments{/number}', 'contents_url': 'https://api.github.com/repos/microsoftgraph/msgraph-beta-sdk-java/contents/{+path}', 'compare_url': 'https://api.github.com/repos/microsoftgraph/msgraph-beta-sdk-java/compare/{base}...{head}', 'merges_url': 'https://api.github.com/repos/microsoftgraph/msgraph-beta-sdk-java/merges', 'archive_url': 'https://api.github.com/repos/microsoftgraph/msgraph-beta-sdk-java/{archive_format}{/ref}', 'downloads_url': 'https://api.github.com/repos/microsoftgraph/msgraph-beta-sdk-java/downloads', 'issues_url': 'https://api.github.com/repos/microsoftgraph/msgraph-beta-sdk-java/issues{/number}', 'pulls_url': 'https://api.github.com/repos/microsoftgraph/msgraph-beta-sdk-java/pulls{/number}', 'milestones_url': 'https://api.github.com/repos/microsoftgraph/msgraph-beta-sdk-java/milestones{/number}', 'notifications_url': 'https://api.github.com/repos/microsoftgraph/msgraph-beta-sdk-java/notifications{?since,all,participating}', 'labels_url': 'https://api.github.com/repos/microsoftgraph/msgraph-beta-sdk-java/labels{/name}', 'releases_url': 'https://api.github.com/repos/microsoftgraph/msgraph-beta-sdk-java/releases{/id}', 'deployments_url': 'https://api.github.com/repos/microsoftgraph/msgraph-beta-sdk-java/deployments', 'created_at': '2019-08-26T21:59:24Z', 'updated_at': '2022-04-15T21:56:29Z', 'pushed_at': '2022-04-22T16:19:51Z', 'git_url': 'git://github.com/microsoftgraph/msgraph-beta-sdk-java.git', 'ssh_url': 'git@github.com:microsoftgraph/msgraph-beta-sdk-java.git', 'clone_url': 'https://github.com/microsoftgraph/msgraph-beta-sdk-java.git', 'svn_url': 'https://github.com/microsoftgraph/msgraph-beta-sdk-java', 'homepage': 'https://docs.microsoft.com/en-us/graph/sdks/use-beta?tabs=Java', 'size': 46810, 'stargazers_count': 9, 'watchers_count': 9, 'language': 'Java', 'has_issues': True, 'has_projects': True, 'has_downloads': True, 'has_wiki': False, 'has_pages': False, 'forks_count': 5, 'mirror_url': None, 'archived': False, 'disabled': False, 'open_issues_count': 3, 'license': {'key': 'mit', 'name': 'MIT License', 'spdx_id': 'MIT', 'url': 'https://api.github.com/licenses/mit', 'node_id': 'MDc6TGljZW5zZTEz'}, 'allow_forking': True, 'is_template': False, 'topics': ['java', 'microsoft-graph', 'sdk'], 'visibility': 'public', 'forks': 5, 'open_issues': 3, 'watchers': 9, 'default_branch': 'dev'}}, 'base': {'label': 'microsoftgraph:dev', 'ref': 'dev', 'sha': '9ca621a928c080c022f77f6c03303a7eb5a1df04', 'user': {'login': 'microsoftgraph', 'id': 17304259, 'node_id': 'MDEyOk9yZ2FuaXphdGlvbjE3MzA0MjU5', 'avatar_url': 'https://avatars.githubusercontent.com/u/17304259?v=4', 'gravatar_id': '', 'url': 'https://api.github.com/users/microsoftgraph', 'html_url': 'https://github.com/microsoftgraph', 'followers_url': 'https://api.github.com/users/microsoftgraph/followers', 'following_url': 'https://api.github.com/users/microsoftgraph/following{/other_user}', 'gists_url': 'https://api.github.com/users/microsoftgraph/gists{/gist_id}', 'starred_url': 'https://api.github.com/users/microsoftgraph/starred{/owner}{/repo}', 'subscriptions_url': 'https://api.github.com/users/microsoftgraph/subscriptions', 'organizations_url': 'https://api.github.com/users/microsoftgraph/orgs', 'repos_url': 'https://api.github.com/users/microsoftgraph/repos', 'events_url': 'https://api.github.com/users/microsoftgraph/events{/privacy}', 'received_events_url': 'https://api.github.com/users/microsoftgraph/received_events', 'type': 'Organization', 'site_admin': False}, 'repo': {'id': 204568878, 'node_id': 'MDEwOlJlcG9zaXRvcnkyMDQ1Njg4Nzg=', 'name': 'msgraph-beta-sdk-java', 'full_name': 'microsoftgraph/msgraph-beta-sdk-java', 'private': False, 'owner': {'login': 'microsoftgraph', 'id': 17304259, 'node_id': 'MDEyOk9yZ2FuaXphdGlvbjE3MzA0MjU5', 'avatar_url': 'https://avatars.githubusercontent.com/u/17304259?v=4', 'gravatar_id': '', 'url': 'https://api.github.com/users/microsoftgraph', 'html_url': 'https://github.com/microsoftgraph', 'followers_url': 'https://api.github.com/users/microsoftgraph/followers', 'following_url': 'https://api.github.com/users/microsoftgraph/following{/other_user}', 'gists_url': 'https://api.github.com/users/microsoftgraph/gists{/gist_id}', 'starred_url': 'https://api.github.com/users/microsoftgraph/starred{/owner}{/repo}', 'subscriptions_url': 'https://api.github.com/users/microsoftgraph/subscriptions', 'organizations_url': 'https://api.github.com/users/microsoftgraph/orgs', 'repos_url': 'https://api.github.com/users/microsoftgraph/repos', 'events_url': 'https://api.github.com/users/microsoftgraph/events{/privacy}', 'received_events_url': 'https://api.github.com/users/microsoftgraph/received_events', 'type': 'Organization', 'site_admin': False}, 'html_url': 'https://github.com/microsoftgraph/msgraph-beta-sdk-java', 'description': 'Microsoft Graph Beta Java SDK', 'fork': False, 'url': 'https://api.github.com/repos/microsoftgraph/msgraph-beta-sdk-java', 'forks_url': 'https://api.github.com/repos/microsoftgraph/msgraph-beta-sdk-java/forks', 'keys_url': 'https://api.github.com/repos/microsoftgraph/msgraph-beta-sdk-java/keys{/key_id}', 'collaborators_url': 'https://api.github.com/repos/microsoftgraph/msgraph-beta-sdk-java/collaborators{/collaborator}', 'teams_url': 'https://api.github.com/repos/microsoftgraph/msgraph-beta-sdk-java/teams', 'hooks_url': 'https://api.github.com/repos/microsoftgraph/msgraph-beta-sdk-java/hooks', 'issue_events_url': 'https://api.github.com/repos/microsoftgraph/msgraph-beta-sdk-java/issues/events{/number}', 'events_url': 'https://api.github.com/repos/microsoftgraph/msgraph-beta-sdk-java/events', 'assignees_url': 'https://api.github.com/repos/microsoftgraph/msgraph-beta-sdk-java/assignees{/user}', 'branches_url': 'https://api.github.com/repos/microsoftgraph/msgraph-beta-sdk-java/branches{/branch}', 'tags_url': 'https://api.github.com/repos/microsoftgraph/msgraph-beta-sdk-java/tags', 'blobs_url': 'https://api.github.com/repos/microsoftgraph/msgraph-beta-sdk-java/git/blobs{/sha}', 'git_tags_url': 'https://api.github.com/repos/microsoftgraph/msgraph-beta-sdk-java/git/tags{/sha}', 'git_refs_url': 'https://api.github.com/repos/microsoftgraph/msgraph-beta-sdk-java/git/refs{/sha}', 'trees_url': 'https://api.github.com/repos/microsoftgraph/msgraph-beta-sdk-java/git/trees{/sha}', 'statuses_url': 'https://api.github.com/repos/microsoftgraph/msgraph-beta-sdk-java/statuses/{sha}', 'languages_url': 'https://api.github.com/repos/microsoftgraph/msgraph-beta-sdk-java/languages', 'stargazers_url': 'https://api.github.com/repos/microsoftgraph/msgraph-beta-sdk-java/stargazers', 'contributors_url': 'https://api.github.com/repos/microsoftgraph/msgraph-beta-sdk-java/contributors', 'subscribers_url': 'https://api.github.com/repos/microsoftgraph/msgraph-beta-sdk-java/subscribers', 'subscription_url': 'https://api.github.com/repos/microsoftgraph/msgraph-beta-sdk-java/subscription', 'commits_url': 'https://api.github.com/repos/microsoftgraph/msgraph-beta-sdk-java/commits{/sha}', 'git_commits_url': 'https://api.github.com/repos/microsoftgraph/msgraph-beta-sdk-java/git/commits{/sha}', 'comments_url': 'https://api.github.com/repos/microsoftgraph/msgraph-beta-sdk-java/comments{/number}', 'issue_comment_url': 'https://api.github.com/repos/microsoftgraph/msgraph-beta-sdk-java/issues/comments{/number}', 'contents_url': 'https://api.github.com/repos/microsoftgraph/msgraph-beta-sdk-java/contents/{+path}', 'compare_url': 'https://api.github.com/repos/microsoftgraph/msgraph-beta-sdk-java/compare/{base}...{head}', 'merges_url': 'https://api.github.com/repos/microsoftgraph/msgraph-beta-sdk-java/merges', 'archive_url': 'https://api.github.com/repos/microsoftgraph/msgraph-beta-sdk-java/{archive_format}{/ref}', 'downloads_url': 'https://api.github.com/repos/microsoftgraph/msgraph-beta-sdk-java/downloads', 'issues_url': 'https://api.github.com/repos/microsoftgraph/msgraph-beta-sdk-java/issues{/number}', 'pulls_url': 'https://api.github.com/repos/microsoftgraph/msgraph-beta-sdk-java/pulls{/number}', 'milestones_url': 'https://api.github.com/repos/microsoftgraph/msgraph-beta-sdk-java/milestones{/number}', 'notifications_url': 'https://api.github.com/repos/microsoftgraph/msgraph-beta-sdk-java/notifications{?since,all,participating}', 'labels_url': 'https://api.github.com/repos/microsoftgraph/msgraph-beta-sdk-java/labels{/name}', 'releases_url': 'https://api.github.com/repos/microsoftgraph/msgraph-beta-sdk-java/releases{/id}', 'deployments_url': 'https://api.github.com/repos/microsoftgraph/msgraph-beta-sdk-java/deployments', 'created_at': '2019-08-26T21:59:24Z', 'updated_at': '2022-04-15T21:56:29Z', 'pushed_at': '2022-04-22T16:19:51Z', 'git_url': 'git://github.com/microsoftgraph/msgraph-beta-sdk-java.git', 'ssh_url': 'git@github.com:microsoftgraph/msgraph-beta-sdk-java.git', 'clone_url': 'https://github.com/microsoftgraph/msgraph-beta-sdk-java.git', 'svn_url': 'https://github.com/microsoftgraph/msgraph-beta-sdk-java', 'homepage': 'https://docs.microsoft.com/en-us/graph/sdks/use-beta?tabs=Java', 'size': 46810, 'stargazers_count': 9, 'watchers_count': 9, 'language': 'Java', 'has_issues': True, 'has_projects': True, 'has_downloads': True, 'has_wiki': False, 'has_pages': False, 'forks_count': 5, 'mirror_url': None, 'archived': False, 'disabled': False, 'open_issues_count': 3, 'license': {'key': 'mit', 'name': 'MIT License', 'spdx_id': 'MIT', 'url': 'https://api.github.com/licenses/mit', 'node_id': 'MDc6TGljZW5zZTEz'}, 'allow_forking': True, 'is_template': False, 'topics': ['java', 'microsoft-graph', 'sdk'], 'visibility': 'public', 'forks': 5, 'open_issues': 3, 'watchers': 9, 'default_branch': 'dev'}}, '_links': {'self': {'href': 'https://api.github.com/repos/microsoftgraph/msgraph-beta-sdk-java/pulls/287'}, 'html': {'href': 'https://github.com/microsoftgraph/msgraph-beta-sdk-java/pull/287'}, 'issue': {'href': 'https://api.github.com/repos/microsoftgraph/msgraph-beta-sdk-java/issues/287'}, 'comments': {'href': 'https://api.github.com/repos/microsoftgraph/msgraph-beta-sdk-java/issues/287/comments'}, 'review_comments': {'href': 'https://api.github.com/repos/microsoftgraph/msgraph-beta-sdk-java/pulls/287/comments'}, 'review_comment': {'href': 'https://api.github.com/repos/microsoftgraph/msgraph-beta-sdk-java/pulls/comments{/number}'}, 'commits': {'href': 'https://api.github.com/repos/microsoftgraph/msgraph-beta-sdk-java/pulls/287/commits'}, 'statuses': {'href': 'https://api.github.com/repos/microsoftgraph/msgraph-beta-sdk-java/statuses/a6c5a03154d8ea375f980debe9e73048d7b6419c'}}, 'author_association': 'CONTRIBUTOR', 'auto_merge': None, 'active_lock_reason': None}}",created,Java
21421664499,PushEvent,microsoftgraph/msgraph-beta-sdk-java,0.0,2022-04-22T16:19:52Z,"{'push_id': 9694899567, 'size': 2, 'distinct_size': 2, 'ref': 'refs/heads/dev', 'head': '6ced4d460b9603b0b1406c9c6a347934e4227870', 'before': 'dc2218e1ac63a05b570cb146408aab73cb279ef2', 'commits': [{'sha': '7dfa7a8ef1310ea351ce8a9b52eee16dfb60f868', 'author': {'email': '49699333+dependabot[bot]@users.noreply.github.com', 'name': 'dependabot[bot]'}, 'message': 'Bump android-actions/setup-android from 2.0.7 to 2.0.8\n\nBumps [android-actions/setup-android](https://github.com/android-actions/setup-android) from 2.0.7 to 2.0.8.\n- [Release notes](https://github.com/android-actions/setup-android/releases)\n- [Commits](https://github.com/android-actions/setup-android/compare/v2.0.7...v2.0.8)\n\n---\nupdated-dependencies:\n- dependency-name: android-actions/setup-android\n  dependency-type: direct:production\n  update-type: version-update:semver-patch\n...\n\nSigned-off-by: dependabot[bot] <support@github.com>', 'distinct': True, 'url': 'https://api.github.com/repos/microsoftgraph/msgraph-beta-sdk-java/commits/7dfa7a8ef1310ea351ce8a9b52eee16dfb60f868'}, {'sha': '6ced4d460b9603b0b1406c9c6a347934e4227870', 'author': {'email': '63934382+ramsessanchez@users.noreply.github.com', 'name': 'ramsessanchez'}, 'message': 'Merge pull request #286 from microsoftgraph/dependabot/github_actions/android-actions/setup-android-2.0.8\n\nBump android-actions/setup-android from 2.0.7 to 2.0.8', 'distinct': True, 'url': 'https://api.github.com/repos/microsoftgraph/msgraph-beta-sdk-java/commits/6ced4d460b9603b0b1406c9c6a347934e4227870'}]}",,Java
21421664409,DeleteEvent,microsoftgraph/msgraph-beta-sdk-java,0.0,2022-04-22T16:19:52Z,"{'ref': 'dependabot/github_actions/android-actions/setup-android-2.0.8', 'ref_type': 'branch', 'pusher_type': 'user'}",,Java
21421664232,PullRequestEvent,microsoftgraph/msgraph-beta-sdk-java,0.0,2022-04-22T16:19:51Z,"{'action': 'closed', 'number': 286, 'pull_request': {'url': 'https://api.github.com/repos/microsoftgraph/msgraph-beta-sdk-java/pulls/286', 'id': 916090115, 'node_id': 'PR_kwDODDF5Ls42mm0D', 'html_url': 'https://github.com/microsoftgraph/msgraph-beta-sdk-java/pull/286', 'diff_url': 'https://github.com/microsoftgraph/msgraph-beta-sdk-java/pull/286.diff', 'patch_url': 'https://github.com/microsoftgraph/msgraph-beta-sdk-java/pull/286.patch', 'issue_url': 'https://api.github.com/repos/microsoftgraph/msgraph-beta-sdk-java/issues/286', 'number': 286, 'state': 'closed', 'locked': False, 'title': 'Bump android-actions/setup-android from 2.0.7 to 2.0.8', 'user': {'login': 'dependabot[bot]', 'id': 49699333, 'node_id': 'MDM6Qm90NDk2OTkzMzM=', 'avatar_url': 'https://avatars.githubusercontent.com/in/29110?v=4', 'gravatar_id': '', 'url': 'https://api.github.com/users/dependabot%5Bbot%5D', 'html_url': 'https://github.com/apps/dependabot', 'followers_url': 'https://api.github.com/users/dependabot%5Bbot%5D/followers', 'following_url': 'https://api.github.com/users/dependabot%5Bbot%5D/following{/other_user}', 'gists_url': 'https://api.github.com/users/dependabot%5Bbot%5D/gists{/gist_id}', 'starred_url': 'https://api.github.com/users/dependabot%5Bbot%5D/starred{/owner}{/repo}', 'subscriptions_url': 'https://api.github.com/users/dependabot%5Bbot%5D/subscriptions', 'organizations_url': 'https://api.github.com/users/dependabot%5Bbot%5D/orgs', 'repos_url': 'https://api.github.com/users/dependabot%5Bbot%5D/repos', 'events_url': 'https://api.github.com/users/dependabot%5Bbot%5D/events{/privacy}', 'received_events_url': 'https://api.github.com/users/dependabot%5Bbot%5D/received_events', 'type': 'Bot', 'site_admin': False}, 'body': 'Bumps [android-actions/setup-android](https://github.com/android-actions/setup-android) from 2.0.7 to 2.0.8.\n<details>\n<summary>Release notes</summary>\n<p><em>Sourced from <a href=""https://github.com/android-actions/setup-android/releases"">android-actions/setup-android\'s releases</a>.</em></p>\n<blockquote>\n<h2>v2.0.8</h2>\n<p>cmdline-tools updated to v6 (from v3). Thanks to <a href=""https://github.com/mikehardy""><code>@\u200bmikehardy</code></a></p>\n<p>Also updated npm dependencies</p>\n</blockquote>\n</details>\n<details>\n<summary>Commits</summary>\n<ul>\n<li><a href=""https://github.com/android-actions/setup-android/commit/47ea4897899df0e5b56c43707cf6585918579695""><code>47ea489</code></a> [CI] Disable run.yml</li>\n<li><a href=""https://github.com/android-actions/setup-android/commit/244317f5bb6fbdd85f10c693988213df4fdeec3c""><code>244317f</code></a> Rebuild dist/index.js after dependency update</li>\n<li><a href=""https://github.com/android-actions/setup-android/commit/5440ded976ec37d2693bc1bbd46aadd929f322ce""><code>5440ded</code></a> [ESLint] warn instead of error about English text in string literals</li>\n<li><a href=""https://github.com/android-actions/setup-android/commit/e94bbf69b53091519d1131be76785133229f7881""><code>e94bbf6</code></a> Update npm dependencies</li>\n<li><a href=""https://github.com/android-actions/setup-android/commit/98f14d164f835d633cdac1232ae813f6da92b4cd""><code>98f14d1</code></a> [CI][README.md] Update setup-java to v3</li>\n<li><a href=""https://github.com/android-actions/setup-android/commit/f56c207000dc7748ed17b593e0889d26fb792db8""><code>f56c207</code></a> [CI] Update actions/setup-node to v3 (sliding version, instead of 2.2.2)</li>\n<li><a href=""https://github.com/android-actions/setup-android/commit/a7d36b05d17886133807d578832bc8b62d983c8e""><code>a7d36b0</code></a> [CI][README.MD] Update actions/checkout to v3</li>\n<li><a href=""https://github.com/android-actions/setup-android/commit/20bad8a341810f0752053c6c7c7c2910e495e7ce""><code>20bad8a</code></a> [CI][Test] Update OS list</li>\n<li><a href=""https://github.com/android-actions/setup-android/commit/fc91ea75c17ca11a4ad9674eaed59859953a78b9""><code>fc91ea7</code></a> build(deps): bump tools version to v6 / 8092744</li>\n<li><a href=""https://github.com/android-actions/setup-android/commit/1685c3d8669829f192d94fcad89eba25ce558bb2""><code>1685c3d</code></a> workflow: code analysis</li>\n<li>Additional commits viewable in <a href=""https://github.com/android-actions/setup-android/compare/v2.0.7...v2.0.8"">compare view</a></li>\n</ul>\n</details>\n<br />\n\n\n[![Dependabot compatibility score](https://dependabot-badges.githubapp.com/badges/compatibility_score?dependency-name=android-actions/setup-android&package-manager=github_actions&previous-version=2.0.7&new-version=2.0.8)](https://docs.github.com/en/github/managing-security-vulnerabilities/about-dependabot-security-updates#about-compatibility-scores)\n\nDependabot will resolve any conflicts with this PR as long as you don\'t alter it yourself. You can also trigger a rebase manually by commenting `@dependabot rebase`.\n\n[//]: # (dependabot-automerge-start)\n[//]: # (dependabot-automerge-end)\n\n---\n\n<details>\n<summary>Dependabot commands and options</summary>\n<br />\n\nYou can trigger Dependabot actions by commenting on this PR:\n- `@dependabot rebase` will rebase this PR\n- `@dependabot recreate` will recreate this PR, overwriting any edits that have been made to it\n- `@dependabot merge` will merge this PR after your CI passes on it\n- `@dependabot squash and merge` will squash and merge this PR after your CI passes on it\n- `@dependabot cancel merge` will cancel a previously requested merge and block automerging\n- `@dependabot reopen` will reopen this PR if it is closed\n- `@dependabot close` will close this PR and stop Dependabot recreating it. You can achieve the same result by closing it manually\n- `@dependabot ignore this major version` will close this PR and stop Dependabot creating any more for this major version (unless you reopen the PR or upgrade to it yourself)\n- `@dependabot ignore this minor version` will close this PR and stop Dependabot creating any more for this minor version (unless you reopen the PR or upgrade to it yourself)\n- `@dependabot ignore this dependency` will close this PR and stop Dependabot creating any more for this dependency (unless you reopen the PR or upgrade to it yourself)\n\n\n</details>\n\n###### Microsoft Reviewers: [Open in CodeFlow](https://portal.fabricbot.ms/api/codeflow?pullrequest=https://github.com/microsoftgraph/msgraph-beta-sdk-java/pull/286)', 'created_at': '2022-04-22T07:06:40Z', 'updated_at': '2022-04-22T16:19:51Z', 'closed_at': '2022-04-22T16:19:51Z', 'merged_at': '2022-04-22T16:19:50Z', 'merge_commit_sha': '6ced4d460b9603b0b1406c9c6a347934e4227870', 'assignee': None, 'assignees': [], 'requested_reviewers': [{'login': 'zengin', 'id': 803311, 'node_id': 'MDQ6VXNlcjgwMzMxMQ==', 'avatar_url': 'https://avatars.githubusercontent.com/u/803311?v=4', 'gravatar_id': '', 'url': 'https://api.github.com/users/zengin', 'html_url': 'https://github.com/zengin', 'followers_url': 'https://api.github.com/users/zengin/followers', 'following_url': 'https://api.github.com/users/zengin/following{/other_user}', 'gists_url': 'https://api.github.com/users/zengin/gists{/gist_id}', 'starred_url': 'https://api.github.com/users/zengin/starred{/owner}{/repo}', 'subscriptions_url': 'https://api.github.com/users/zengin/subscriptions', 'organizations_url': 'https://api.github.com/users/zengin/orgs', 'repos_url': 'https://api.github.com/users/zengin/repos', 'events_url': 'https://api.github.com/users/zengin/events{/privacy}', 'received_events_url': 'https://api.github.com/users/zengin/received_events', 'type': 'User', 'site_admin': False}, {'login': 'baywet', 'id': 7905502, 'node_id': 'MDQ6VXNlcjc5MDU1MDI=', 'avatar_url': 'https://avatars.githubusercontent.com/u/7905502?v=4', 'gravatar_id': '', 'url': 'https://api.github.com/users/baywet', 'html_url': 'https://github.com/baywet', 'followers_url': 'https://api.github.com/users/baywet/followers', 'following_url': 'https://api.github.com/users/baywet/following{/other_user}', 'gists_url': 'https://api.github.com/users/baywet/gists{/gist_id}', 'starred_url': 'https://api.github.com/users/baywet/starred{/owner}{/repo}', 'subscriptions_url': 'https://api.github.com/users/baywet/subscriptions', 'organizations_url': 'https://api.github.com/users/baywet/orgs', 'repos_url': 'https://api.github.com/users/baywet/repos', 'events_url': 'https://api.github.com/users/baywet/events{/privacy}', 'received_events_url': 'https://api.github.com/users/baywet/received_events', 'type': 'User', 'site_admin': False}, {'login': 'MIchaelMainer', 'id': 8527305, 'node_id': 'MDQ6VXNlcjg1MjczMDU=', 'avatar_url': 'https://avatars.githubusercontent.com/u/8527305?v=4', 'gravatar_id': '', 'url': 'https://api.github.com/users/MIchaelMainer', 'html_url': 'https://github.com/MIchaelMainer', 'followers_url': 'https://api.github.com/users/MIchaelMainer/followers', 'following_url': 'https://api.github.com/users/MIchaelMainer/following{/other_user}', 'gists_url': 'https://api.github.com/users/MIchaelMainer/gists{/gist_id}', 'starred_url': 'https://api.github.com/users/MIchaelMainer/starred{/owner}{/repo}', 'subscriptions_url': 'https://api.github.com/users/MIchaelMainer/subscriptions', 'organizations_url': 'https://api.github.com/users/MIchaelMainer/orgs', 'repos_url': 'https://api.github.com/users/MIchaelMainer/repos', 'events_url': 'https://api.github.com/users/MIchaelMainer/events{/privacy}', 'received_events_url': 'https://api.github.com/users/MIchaelMainer/received_events', 'type': 'User', 'site_admin': False}, {'login': 'ddyett', 'id': 20829981, 'node_id': 'MDQ6VXNlcjIwODI5OTgx', 'avatar_url': 'https://avatars.githubusercontent.com/u/20829981?v=4', 'gravatar_id': '', 'url': 'https://api.github.com/users/ddyett', 'html_url': 'https://github.com/ddyett', 'followers_url': 'https://api.github.com/users/ddyett/followers', 'following_url': 'https://api.github.com/users/ddyett/following{/other_user}', 'gists_url': 'https://api.github.com/users/ddyett/gists{/gist_id}', 'starred_url': 'https://api.github.com/users/ddyett/starred{/owner}{/repo}', 'subscriptions_url': 'https://api.github.com/users/ddyett/subscriptions', 'organizations_url': 'https://api.github.com/users/ddyett/orgs', 'repos_url': 'https://api.github.com/users/ddyett/repos', 'events_url': 'https://api.github.com/users/ddyett/events{/privacy}', 'received_events_url': 'https://api.github.com/users/ddyett/received_events', 'type': 'User', 'site_admin': False}, {'login': 'nikithauc', 'id': 23219007, 'node_id': 'MDQ6VXNlcjIzMjE5MDA3', 'avatar_url': 'https://avatars.githubusercontent.com/u/23219007?v=4', 'gravatar_id': '', 'url': 'https://api.github.com/users/nikithauc', 'html_url': 'https://github.com/nikithauc', 'followers_url': 'https://api.github.com/users/nikithauc/followers', 'following_url': 'https://api.github.com/users/nikithauc/following{/other_user}', 'gists_url': 'https://api.github.com/users/nikithauc/gists{/gist_id}', 'starred_url': 'https://api.github.com/users/nikithauc/starred{/owner}{/repo}', 'subscriptions_url': 'https://api.github.com/users/nikithauc/subscriptions', 'organizations_url': 'https://api.github.com/users/nikithauc/orgs', 'repos_url': 'https://api.github.com/users/nikithauc/repos', 'events_url': 'https://api.github.com/users/nikithauc/events{/privacy}', 'received_events_url': 'https://api.github.com/users/nikithauc/received_events', 'type': 'User', 'site_admin': False}], 'requested_teams': [], 'labels': [{'id': 2308294196, 'node_id': 'MDU6TGFiZWwyMzA4Mjk0MTk2', 'url': 'https://api.github.com/repos/microsoftgraph/msgraph-beta-sdk-java/labels/dependencies', 'name': 'dependencies', 'color': '0366d6', 'default': False, 'description': 'Pull requests that update a dependency file'}, {'id': 2844547190, 'node_id': 'MDU6TGFiZWwyODQ0NTQ3MTkw', 'url': 'https://api.github.com/repos/microsoftgraph/msgraph-beta-sdk-java/labels/github_actions', 'name': 'github_actions', 'color': '000000', 'default': False, 'description': 'Pull requests that update Github_actions code'}], 'milestone': None, 'draft': False, 'commits_url': 'https://api.github.com/repos/microsoftgraph/msgraph-beta-sdk-java/pulls/286/commits', 'review_comments_url': 'https://api.github.com/repos/microsoftgraph/msgraph-beta-sdk-java/pulls/286/comments', 'review_comment_url': 'https://api.github.com/repos/microsoftgraph/msgraph-beta-sdk-java/pulls/comments{/number}', 'comments_url': 'https://api.github.com/repos/microsoftgraph/msgraph-beta-sdk-java/issues/286/comments', 'statuses_url': 'https://api.github.com/repos/microsoftgraph/msgraph-beta-sdk-java/statuses/7dfa7a8ef1310ea351ce8a9b52eee16dfb60f868', 'head': {'label': 'microsoftgraph:dependabot/github_actions/android-actions/setup-android-2.0.8', 'ref': 'dependabot/github_actions/android-actions/setup-android-2.0.8', 'sha': '7dfa7a8ef1310ea351ce8a9b52eee16dfb60f868', 'user': {'login': 'microsoftgraph', 'id': 17304259, 'node_id': 'MDEyOk9yZ2FuaXphdGlvbjE3MzA0MjU5', 'avatar_url': 'https://avatars.githubusercontent.com/u/17304259?v=4', 'gravatar_id': '', 'url': 'https://api.github.com/users/microsoftgraph', 'html_url': 'https://github.com/microsoftgraph', 'followers_url': 'https://api.github.com/users/microsoftgraph/followers', 'following_url': 'https://api.github.com/users/microsoftgraph/following{/other_user}', 'gists_url': 'https://api.github.com/users/microsoftgraph/gists{/gist_id}', 'starred_url': 'https://api.github.com/users/microsoftgraph/starred{/owner}{/repo}', 'subscriptions_url': 'https://api.github.com/users/microsoftgraph/subscriptions', 'organizations_url': 'https://api.github.com/users/microsoftgraph/orgs', 'repos_url': 'https://api.github.com/users/microsoftgraph/repos', 'events_url': 'https://api.github.com/users/microsoftgraph/events{/privacy}', 'received_events_url': 'https://api.github.com/users/microsoftgraph/received_events', 'type': 'Organization', 'site_admin': False}, 'repo': {'id': 204568878, 'node_id': 'MDEwOlJlcG9zaXRvcnkyMDQ1Njg4Nzg=', 'name': 'msgraph-beta-sdk-java', 'full_name': 'microsoftgraph/msgraph-beta-sdk-java', 'private': False, 'owner': {'login': 'microsoftgraph', 'id': 17304259, 'node_id': 'MDEyOk9yZ2FuaXphdGlvbjE3MzA0MjU5', 'avatar_url': 'https://avatars.githubusercontent.com/u/17304259?v=4', 'gravatar_id': '', 'url': 'https://api.github.com/users/microsoftgraph', 'html_url': 'https://github.com/microsoftgraph', 'followers_url': 'https://api.github.com/users/microsoftgraph/followers', 'following_url': 'https://api.github.com/users/microsoftgraph/following{/other_user}', 'gists_url': 'https://api.github.com/users/microsoftgraph/gists{/gist_id}', 'starred_url': 'https://api.github.com/users/microsoftgraph/starred{/owner}{/repo}', 'subscriptions_url': 'https://api.github.com/users/microsoftgraph/subscriptions', 'organizations_url': 'https://api.github.com/users/microsoftgraph/orgs', 'repos_url': 'https://api.github.com/users/microsoftgraph/repos', 'events_url': 'https://api.github.com/users/microsoftgraph/events{/privacy}', 'received_events_url': 'https://api.github.com/users/microsoftgraph/received_events', 'type': 'Organization', 'site_admin': False}, 'html_url': 'https://github.com/microsoftgraph/msgraph-beta-sdk-java', 'description': 'Microsoft Graph Beta Java SDK', 'fork': False, 'url': 'https://api.github.com/repos/microsoftgraph/msgraph-beta-sdk-java', 'forks_url': 'https://api.github.com/repos/microsoftgraph/msgraph-beta-sdk-java/forks', 'keys_url': 'https://api.github.com/repos/microsoftgraph/msgraph-beta-sdk-java/keys{/key_id}', 'collaborators_url': 'https://api.github.com/repos/microsoftgraph/msgraph-beta-sdk-java/collaborators{/collaborator}', 'teams_url': 'https://api.github.com/repos/microsoftgraph/msgraph-beta-sdk-java/teams', 'hooks_url': 'https://api.github.com/repos/microsoftgraph/msgraph-beta-sdk-java/hooks', 'issue_events_url': 'https://api.github.com/repos/microsoftgraph/msgraph-beta-sdk-java/issues/events{/number}', 'events_url': 'https://api.github.com/repos/microsoftgraph/msgraph-beta-sdk-java/events', 'assignees_url': 'https://api.github.com/repos/microsoftgraph/msgraph-beta-sdk-java/assignees{/user}', 'branches_url': 'https://api.github.com/repos/microsoftgraph/msgraph-beta-sdk-java/branches{/branch}', 'tags_url': 'https://api.github.com/repos/microsoftgraph/msgraph-beta-sdk-java/tags', 'blobs_url': 'https://api.github.com/repos/microsoftgraph/msgraph-beta-sdk-java/git/blobs{/sha}', 'git_tags_url': 'https://api.github.com/repos/microsoftgraph/msgraph-beta-sdk-java/git/tags{/sha}', 'git_refs_url': 'https://api.github.com/repos/microsoftgraph/msgraph-beta-sdk-java/git/refs{/sha}', 'trees_url': 'https://api.github.com/repos/microsoftgraph/msgraph-beta-sdk-java/git/trees{/sha}', 'statuses_url': 'https://api.github.com/repos/microsoftgraph/msgraph-beta-sdk-java/statuses/{sha}', 'languages_url': 'https://api.github.com/repos/microsoftgraph/msgraph-beta-sdk-java/languages', 'stargazers_url': 'https://api.github.com/repos/microsoftgraph/msgraph-beta-sdk-java/stargazers', 'contributors_url': 'https://api.github.com/repos/microsoftgraph/msgraph-beta-sdk-java/contributors', 'subscribers_url': 'https://api.github.com/repos/microsoftgraph/msgraph-beta-sdk-java/subscribers', 'subscription_url': 'https://api.github.com/repos/microsoftgraph/msgraph-beta-sdk-java/subscription', 'commits_url': 'https://api.github.com/repos/microsoftgraph/msgraph-beta-sdk-java/commits{/sha}', 'git_commits_url': 'https://api.github.com/repos/microsoftgraph/msgraph-beta-sdk-java/git/commits{/sha}', 'comments_url': 'https://api.github.com/repos/microsoftgraph/msgraph-beta-sdk-java/comments{/number}', 'issue_comment_url': 'https://api.github.com/repos/microsoftgraph/msgraph-beta-sdk-java/issues/comments{/number}', 'contents_url': 'https://api.github.com/repos/microsoftgraph/msgraph-beta-sdk-java/contents/{+path}', 'compare_url': 'https://api.github.com/repos/microsoftgraph/msgraph-beta-sdk-java/compare/{base}...{head}', 'merges_url': 'https://api.github.com/repos/microsoftgraph/msgraph-beta-sdk-java/merges', 'archive_url': 'https://api.github.com/repos/microsoftgraph/msgraph-beta-sdk-java/{archive_format}{/ref}', 'downloads_url': 'https://api.github.com/repos/microsoftgraph/msgraph-beta-sdk-java/downloads', 'issues_url': 'https://api.github.com/repos/microsoftgraph/msgraph-beta-sdk-java/issues{/number}', 'pulls_url': 'https://api.github.com/repos/microsoftgraph/msgraph-beta-sdk-java/pulls{/number}', 'milestones_url': 'https://api.github.com/repos/microsoftgraph/msgraph-beta-sdk-java/milestones{/number}', 'notifications_url': 'https://api.github.com/repos/microsoftgraph/msgraph-beta-sdk-java/notifications{?since,all,participating}', 'labels_url': 'https://api.github.com/repos/microsoftgraph/msgraph-beta-sdk-java/labels{/name}', 'releases_url': 'https://api.github.com/repos/microsoftgraph/msgraph-beta-sdk-java/releases{/id}', 'deployments_url': 'https://api.github.com/repos/microsoftgraph/msgraph-beta-sdk-java/deployments', 'created_at': '2019-08-26T21:59:24Z', 'updated_at': '2022-04-15T21:56:29Z', 'pushed_at': '2022-04-22T16:19:50Z', 'git_url': 'git://github.com/microsoftgraph/msgraph-beta-sdk-java.git', 'ssh_url': 'git@github.com:microsoftgraph/msgraph-beta-sdk-java.git', 'clone_url': 'https://github.com/microsoftgraph/msgraph-beta-sdk-java.git', 'svn_url': 'https://github.com/microsoftgraph/msgraph-beta-sdk-java', 'homepage': 'https://docs.microsoft.com/en-us/graph/sdks/use-beta?tabs=Java', 'size': 46810, 'stargazers_count': 9, 'watchers_count': 9, 'language': 'Java', 'has_issues': True, 'has_projects': True, 'has_downloads': True, 'has_wiki': False, 'has_pages': False, 'forks_count': 5, 'mirror_url': None, 'archived': False, 'disabled': False, 'open_issues_count': 3, 'license': {'key': 'mit', 'name': 'MIT License', 'spdx_id': 'MIT', 'url': 'https://api.github.com/licenses/mit', 'node_id': 'MDc6TGljZW5zZTEz'}, 'allow_forking': True, 'is_template': False, 'topics': ['java', 'microsoft-graph', 'sdk'], 'visibility': 'public', 'forks': 5, 'open_issues': 3, 'watchers': 9, 'default_branch': 'dev'}}, 'base': {'label': 'microsoftgraph:dev', 'ref': 'dev', 'sha': '9ca621a928c080c022f77f6c03303a7eb5a1df04', 'user': {'login': 'microsoftgraph', 'id': 17304259, 'node_id': 'MDEyOk9yZ2FuaXphdGlvbjE3MzA0MjU5', 'avatar_url': 'https://avatars.githubusercontent.com/u/17304259?v=4', 'gravatar_id': '', 'url': 'https://api.github.com/users/microsoftgraph', 'html_url': 'https://github.com/microsoftgraph', 'followers_url': 'https://api.github.com/users/microsoftgraph/followers', 'following_url': 'https://api.github.com/users/microsoftgraph/following{/other_user}', 'gists_url': 'https://api.github.com/users/microsoftgraph/gists{/gist_id}', 'starred_url': 'https://api.github.com/users/microsoftgraph/starred{/owner}{/repo}', 'subscriptions_url': 'https://api.github.com/users/microsoftgraph/subscriptions', 'organizations_url': 'https://api.github.com/users/microsoftgraph/orgs', 'repos_url': 'https://api.github.com/users/microsoftgraph/repos', 'events_url': 'https://api.github.com/users/microsoftgraph/events{/privacy}', 'received_events_url': 'https://api.github.com/users/microsoftgraph/received_events', 'type': 'Organization', 'site_admin': False}, 'repo': {'id': 204568878, 'node_id': 'MDEwOlJlcG9zaXRvcnkyMDQ1Njg4Nzg=', 'name': 'msgraph-beta-sdk-java', 'full_name': 'microsoftgraph/msgraph-beta-sdk-java', 'private': False, 'owner': {'login': 'microsoftgraph', 'id': 17304259, 'node_id': 'MDEyOk9yZ2FuaXphdGlvbjE3MzA0MjU5', 'avatar_url': 'https://avatars.githubusercontent.com/u/17304259?v=4', 'gravatar_id': '', 'url': 'https://api.github.com/users/microsoftgraph', 'html_url': 'https://github.com/microsoftgraph', 'followers_url': 'https://api.github.com/users/microsoftgraph/followers', 'following_url': 'https://api.github.com/users/microsoftgraph/following{/other_user}', 'gists_url': 'https://api.github.com/users/microsoftgraph/gists{/gist_id}', 'starred_url': 'https://api.github.com/users/microsoftgraph/starred{/owner}{/repo}', 'subscriptions_url': 'https://api.github.com/users/microsoftgraph/subscriptions', 'organizations_url': 'https://api.github.com/users/microsoftgraph/orgs', 'repos_url': 'https://api.github.com/users/microsoftgraph/repos', 'events_url': 'https://api.github.com/users/microsoftgraph/events{/privacy}', 'received_events_url': 'https://api.github.com/users/microsoftgraph/received_events', 'type': 'Organization', 'site_admin': False}, 'html_url': 'https://github.com/microsoftgraph/msgraph-beta-sdk-java', 'description': 'Microsoft Graph Beta Java SDK', 'fork': False, 'url': 'https://api.github.com/repos/microsoftgraph/msgraph-beta-sdk-java', 'forks_url': 'https://api.github.com/repos/microsoftgraph/msgraph-beta-sdk-java/forks', 'keys_url': 'https://api.github.com/repos/microsoftgraph/msgraph-beta-sdk-java/keys{/key_id}', 'collaborators_url': 'https://api.github.com/repos/microsoftgraph/msgraph-beta-sdk-java/collaborators{/collaborator}', 'teams_url': 'https://api.github.com/repos/microsoftgraph/msgraph-beta-sdk-java/teams', 'hooks_url': 'https://api.github.com/repos/microsoftgraph/msgraph-beta-sdk-java/hooks', 'issue_events_url': 'https://api.github.com/repos/microsoftgraph/msgraph-beta-sdk-java/issues/events{/number}', 'events_url': 'https://api.github.com/repos/microsoftgraph/msgraph-beta-sdk-java/events', 'assignees_url': 'https://api.github.com/repos/microsoftgraph/msgraph-beta-sdk-java/assignees{/user}', 'branches_url': 'https://api.github.com/repos/microsoftgraph/msgraph-beta-sdk-java/branches{/branch}', 'tags_url': 'https://api.github.com/repos/microsoftgraph/msgraph-beta-sdk-java/tags', 'blobs_url': 'https://api.github.com/repos/microsoftgraph/msgraph-beta-sdk-java/git/blobs{/sha}', 'git_tags_url': 'https://api.github.com/repos/microsoftgraph/msgraph-beta-sdk-java/git/tags{/sha}', 'git_refs_url': 'https://api.github.com/repos/microsoftgraph/msgraph-beta-sdk-java/git/refs{/sha}', 'trees_url': 'https://api.github.com/repos/microsoftgraph/msgraph-beta-sdk-java/git/trees{/sha}', 'statuses_url': 'https://api.github.com/repos/microsoftgraph/msgraph-beta-sdk-java/statuses/{sha}', 'languages_url': 'https://api.github.com/repos/microsoftgraph/msgraph-beta-sdk-java/languages', 'stargazers_url': 'https://api.github.com/repos/microsoftgraph/msgraph-beta-sdk-java/stargazers', 'contributors_url': 'https://api.github.com/repos/microsoftgraph/msgraph-beta-sdk-java/contributors', 'subscribers_url': 'https://api.github.com/repos/microsoftgraph/msgraph-beta-sdk-java/subscribers', 'subscription_url': 'https://api.github.com/repos/microsoftgraph/msgraph-beta-sdk-java/subscription', 'commits_url': 'https://api.github.com/repos/microsoftgraph/msgraph-beta-sdk-java/commits{/sha}', 'git_commits_url': 'https://api.github.com/repos/microsoftgraph/msgraph-beta-sdk-java/git/commits{/sha}', 'comments_url': 'https://api.github.com/repos/microsoftgraph/msgraph-beta-sdk-java/comments{/number}', 'issue_comment_url': 'https://api.github.com/repos/microsoftgraph/msgraph-beta-sdk-java/issues/comments{/number}', 'contents_url': 'https://api.github.com/repos/microsoftgraph/msgraph-beta-sdk-java/contents/{+path}', 'compare_url': 'https://api.github.com/repos/microsoftgraph/msgraph-beta-sdk-java/compare/{base}...{head}', 'merges_url': 'https://api.github.com/repos/microsoftgraph/msgraph-beta-sdk-java/merges', 'archive_url': 'https://api.github.com/repos/microsoftgraph/msgraph-beta-sdk-java/{archive_format}{/ref}', 'downloads_url': 'https://api.github.com/repos/microsoftgraph/msgraph-beta-sdk-java/downloads', 'issues_url': 'https://api.github.com/repos/microsoftgraph/msgraph-beta-sdk-java/issues{/number}', 'pulls_url': 'https://api.github.com/repos/microsoftgraph/msgraph-beta-sdk-java/pulls{/number}', 'milestones_url': 'https://api.github.com/repos/microsoftgraph/msgraph-beta-sdk-java/milestones{/number}', 'notifications_url': 'https://api.github.com/repos/microsoftgraph/msgraph-beta-sdk-java/notifications{?since,all,participating}', 'labels_url': 'https://api.github.com/repos/microsoftgraph/msgraph-beta-sdk-java/labels{/name}', 'releases_url': 'https://api.github.com/repos/microsoftgraph/msgraph-beta-sdk-java/releases{/id}', 'deployments_url': 'https://api.github.com/repos/microsoftgraph/msgraph-beta-sdk-java/deployments', 'created_at': '2019-08-26T21:59:24Z', 'updated_at': '2022-04-15T21:56:29Z', 'pushed_at': '2022-04-22T16:19:50Z', 'git_url': 'git://github.com/microsoftgraph/msgraph-beta-sdk-java.git', 'ssh_url': 'git@github.com:microsoftgraph/msgraph-beta-sdk-java.git', 'clone_url': 'https://github.com/microsoftgraph/msgraph-beta-sdk-java.git', 'svn_url': 'https://github.com/microsoftgraph/msgraph-beta-sdk-java', 'homepage': 'https://docs.microsoft.com/en-us/graph/sdks/use-beta?tabs=Java', 'size': 46810, 'stargazers_count': 9, 'watchers_count': 9, 'language': 'Java', 'has_issues': True, 'has_projects': True, 'has_downloads': True, 'has_wiki': False, 'has_pages': False, 'forks_count': 5, 'mirror_url': None, 'archived': False, 'disabled': False, 'open_issues_count': 3, 'license': {'key': 'mit', 'name': 'MIT License', 'spdx_id': 'MIT', 'url': 'https://api.github.com/licenses/mit', 'node_id': 'MDc6TGljZW5zZTEz'}, 'allow_forking': True, 'is_template': False, 'topics': ['java', 'microsoft-graph', 'sdk'], 'visibility': 'public', 'forks': 5, 'open_issues': 3, 'watchers': 9, 'default_branch': 'dev'}}, '_links': {'self': {'href': 'https://api.github.com/repos/microsoftgraph/msgraph-beta-sdk-java/pulls/286'}, 'html': {'href': 'https://github.com/microsoftgraph/msgraph-beta-sdk-java/pull/286'}, 'issue': {'href': 'https://api.github.com/repos/microsoftgraph/msgraph-beta-sdk-java/issues/286'}, 'comments': {'href': 'https://api.github.com/repos/microsoftgraph/msgraph-beta-sdk-java/issues/286/comments'}, 'review_comments': {'href': 'https://api.github.com/repos/microsoftgraph/msgraph-beta-sdk-java/pulls/286/comments'}, 'review_comment': {'href': 'https://api.github.com/repos/microsoftgraph/msgraph-beta-sdk-java/pulls/comments{/number}'}, 'commits': {'href': 'https://api.github.com/repos/microsoftgraph/msgraph-beta-sdk-java/pulls/286/commits'}, 'statuses': {'href': 'https://api.github.com/repos/microsoftgraph/msgraph-beta-sdk-java/statuses/7dfa7a8ef1310ea351ce8a9b52eee16dfb60f868'}}, 'author_association': 'CONTRIBUTOR', 'auto_merge': None, 'active_lock_reason': None, 'merged': True, 'mergeable': None, 'rebaseable': None, 'mergeable_state': 'unknown', 'merged_by': {'login': 'ramsessanchez', 'id': 63934382, 'node_id': 'MDQ6VXNlcjYzOTM0Mzgy', 'avatar_url': 'https://avatars.githubusercontent.com/u/63934382?v=4', 'gravatar_id': '', 'url': 'https://api.github.com/users/ramsessanchez', 'html_url': 'https://github.com/ramsessanchez', 'followers_url': 'https://api.github.com/users/ramsessanchez/followers', 'following_url': 'https://api.github.com/users/ramsessanchez/following{/other_user}', 'gists_url': 'https://api.github.com/users/ramsessanchez/gists{/gist_id}', 'starred_url': 'https://api.github.com/users/ramsessanchez/starred{/owner}{/repo}', 'subscriptions_url': 'https://api.github.com/users/ramsessanchez/subscriptions', 'organizations_url': 'https://api.github.com/users/ramsessanchez/orgs', 'repos_url': 'https://api.github.com/users/ramsessanchez/repos', 'events_url': 'https://api.github.com/users/ramsessanchez/events{/privacy}', 'received_events_url': 'https://api.github.com/users/ramsessanchez/received_events', 'type': 'User', 'site_admin': False}, 'comments': 0, 'review_comments': 0, 'maintainer_can_modify': False, 'commits': 1, 'additions': 1, 'deletions': 1, 'changed_files': 1}}",closed,Java
21421662704,PullRequestReviewEvent,microsoftgraph/msgraph-beta-sdk-java,0.0,2022-04-22T16:19:45Z,"{'action': 'created', 'review': {'id': 950316600, 'node_id': 'PRR_kwDODDF5Ls44pK44', 'user': {'login': 'ramsessanchez', 'id': 63934382, 'node_id': 'MDQ6VXNlcjYzOTM0Mzgy', 'avatar_url': 'https://avatars.githubusercontent.com/u/63934382?v=4', 'gravatar_id': '', 'url': 'https://api.github.com/users/ramsessanchez', 'html_url': 'https://github.com/ramsessanchez', 'followers_url': 'https://api.github.com/users/ramsessanchez/followers', 'following_url': 'https://api.github.com/users/ramsessanchez/following{/other_user}', 'gists_url': 'https://api.github.com/users/ramsessanchez/gists{/gist_id}', 'starred_url': 'https://api.github.com/users/ramsessanchez/starred{/owner}{/repo}', 'subscriptions_url': 'https://api.github.com/users/ramsessanchez/subscriptions', 'organizations_url': 'https://api.github.com/users/ramsessanchez/orgs', 'repos_url': 'https://api.github.com/users/ramsessanchez/repos', 'events_url': 'https://api.github.com/users/ramsessanchez/events{/privacy}', 'received_events_url': 'https://api.github.com/users/ramsessanchez/received_events', 'type': 'User', 'site_admin': False}, 'body': '', 'commit_id': '7dfa7a8ef1310ea351ce8a9b52eee16dfb60f868', 'submitted_at': '2022-04-22T16:19:45Z', 'state': 'approved', 'html_url': 'https://github.com/microsoftgraph/msgraph-beta-sdk-java/pull/286#pullrequestreview-950316600', 'pull_request_url': 'https://api.github.com/repos/microsoftgraph/msgraph-beta-sdk-java/pulls/286', 'author_association': 'CONTRIBUTOR', '_links': {'html': {'href': 'https://github.com/microsoftgraph/msgraph-beta-sdk-java/pull/286#pullrequestreview-950316600'}, 'pull_request': {'href': 'https://api.github.com/repos/microsoftgraph/msgraph-beta-sdk-java/pulls/286'}}}, 'pull_request': {'url': 'https://api.github.com/repos/microsoftgraph/msgraph-beta-sdk-java/pulls/286', 'id': 916090115, 'node_id': 'PR_kwDODDF5Ls42mm0D', 'html_url': 'https://github.com/microsoftgraph/msgraph-beta-sdk-java/pull/286', 'diff_url': 'https://github.com/microsoftgraph/msgraph-beta-sdk-java/pull/286.diff', 'patch_url': 'https://github.com/microsoftgraph/msgraph-beta-sdk-java/pull/286.patch', 'issue_url': 'https://api.github.com/repos/microsoftgraph/msgraph-beta-sdk-java/issues/286', 'number': 286, 'state': 'open', 'locked': False, 'title': 'Bump android-actions/setup-android from 2.0.7 to 2.0.8', 'user': {'login': 'dependabot[bot]', 'id': 49699333, 'node_id': 'MDM6Qm90NDk2OTkzMzM=', 'avatar_url': 'https://avatars.githubusercontent.com/in/29110?v=4', 'gravatar_id': '', 'url': 'https://api.github.com/users/dependabot%5Bbot%5D', 'html_url': 'https://github.com/apps/dependabot', 'followers_url': 'https://api.github.com/users/dependabot%5Bbot%5D/followers', 'following_url': 'https://api.github.com/users/dependabot%5Bbot%5D/following{/other_user}', 'gists_url': 'https://api.github.com/users/dependabot%5Bbot%5D/gists{/gist_id}', 'starred_url': 'https://api.github.com/users/dependabot%5Bbot%5D/starred{/owner}{/repo}', 'subscriptions_url': 'https://api.github.com/users/dependabot%5Bbot%5D/subscriptions', 'organizations_url': 'https://api.github.com/users/dependabot%5Bbot%5D/orgs', 'repos_url': 'https://api.github.com/users/dependabot%5Bbot%5D/repos', 'events_url': 'https://api.github.com/users/dependabot%5Bbot%5D/events{/privacy}', 'received_events_url': 'https://api.github.com/users/dependabot%5Bbot%5D/received_events', 'type': 'Bot', 'site_admin': False}, 'body': 'Bumps [android-actions/setup-android](https://github.com/android-actions/setup-android) from 2.0.7 to 2.0.8.\n<details>\n<summary>Release notes</summary>\n<p><em>Sourced from <a href=""https://github.com/android-actions/setup-android/releases"">android-actions/setup-android\'s releases</a>.</em></p>\n<blockquote>\n<h2>v2.0.8</h2>\n<p>cmdline-tools updated to v6 (from v3). Thanks to <a href=""https://github.com/mikehardy""><code>@\u200bmikehardy</code></a></p>\n<p>Also updated npm dependencies</p>\n</blockquote>\n</details>\n<details>\n<summary>Commits</summary>\n<ul>\n<li><a href=""https://github.com/android-actions/setup-android/commit/47ea4897899df0e5b56c43707cf6585918579695""><code>47ea489</code></a> [CI] Disable run.yml</li>\n<li><a href=""https://github.com/android-actions/setup-android/commit/244317f5bb6fbdd85f10c693988213df4fdeec3c""><code>244317f</code></a> Rebuild dist/index.js after dependency update</li>\n<li><a href=""https://github.com/android-actions/setup-android/commit/5440ded976ec37d2693bc1bbd46aadd929f322ce""><code>5440ded</code></a> [ESLint] warn instead of error about English text in string literals</li>\n<li><a href=""https://github.com/android-actions/setup-android/commit/e94bbf69b53091519d1131be76785133229f7881""><code>e94bbf6</code></a> Update npm dependencies</li>\n<li><a href=""https://github.com/android-actions/setup-android/commit/98f14d164f835d633cdac1232ae813f6da92b4cd""><code>98f14d1</code></a> [CI][README.md] Update setup-java to v3</li>\n<li><a href=""https://github.com/android-actions/setup-android/commit/f56c207000dc7748ed17b593e0889d26fb792db8""><code>f56c207</code></a> [CI] Update actions/setup-node to v3 (sliding version, instead of 2.2.2)</li>\n<li><a href=""https://github.com/android-actions/setup-android/commit/a7d36b05d17886133807d578832bc8b62d983c8e""><code>a7d36b0</code></a> [CI][README.MD] Update actions/checkout to v3</li>\n<li><a href=""https://github.com/android-actions/setup-android/commit/20bad8a341810f0752053c6c7c7c2910e495e7ce""><code>20bad8a</code></a> [CI][Test] Update OS list</li>\n<li><a href=""https://github.com/android-actions/setup-android/commit/fc91ea75c17ca11a4ad9674eaed59859953a78b9""><code>fc91ea7</code></a> build(deps): bump tools version to v6 / 8092744</li>\n<li><a href=""https://github.com/android-actions/setup-android/commit/1685c3d8669829f192d94fcad89eba25ce558bb2""><code>1685c3d</code></a> workflow: code analysis</li>\n<li>Additional commits viewable in <a href=""https://github.com/android-actions/setup-android/compare/v2.0.7...v2.0.8"">compare view</a></li>\n</ul>\n</details>\n<br />\n\n\n[![Dependabot compatibility score](https://dependabot-badges.githubapp.com/badges/compatibility_score?dependency-name=android-actions/setup-android&package-manager=github_actions&previous-version=2.0.7&new-version=2.0.8)](https://docs.github.com/en/github/managing-security-vulnerabilities/about-dependabot-security-updates#about-compatibility-scores)\n\nDependabot will resolve any conflicts with this PR as long as you don\'t alter it yourself. You can also trigger a rebase manually by commenting `@dependabot rebase`.\n\n[//]: # (dependabot-automerge-start)\n[//]: # (dependabot-automerge-end)\n\n---\n\n<details>\n<summary>Dependabot commands and options</summary>\n<br />\n\nYou can trigger Dependabot actions by commenting on this PR:\n- `@dependabot rebase` will rebase this PR\n- `@dependabot recreate` will recreate this PR, overwriting any edits that have been made to it\n- `@dependabot merge` will merge this PR after your CI passes on it\n- `@dependabot squash and merge` will squash and merge this PR after your CI passes on it\n- `@dependabot cancel merge` will cancel a previously requested merge and block automerging\n- `@dependabot reopen` will reopen this PR if it is closed\n- `@dependabot close` will close this PR and stop Dependabot recreating it. You can achieve the same result by closing it manually\n- `@dependabot ignore this major version` will close this PR and stop Dependabot creating any more for this major version (unless you reopen the PR or upgrade to it yourself)\n- `@dependabot ignore this minor version` will close this PR and stop Dependabot creating any more for this minor version (unless you reopen the PR or upgrade to it yourself)\n- `@dependabot ignore this dependency` will close this PR and stop Dependabot creating any more for this dependency (unless you reopen the PR or upgrade to it yourself)\n\n\n</details>\n\n###### Microsoft Reviewers: [Open in CodeFlow](https://portal.fabricbot.ms/api/codeflow?pullrequest=https://github.com/microsoftgraph/msgraph-beta-sdk-java/pull/286)', 'created_at': '2022-04-22T07:06:40Z', 'updated_at': '2022-04-22T16:19:45Z', 'closed_at': None, 'merged_at': None, 'merge_commit_sha': '01c50fc3bc3a0812fcd5d7e33be1e808a9a4e9c4', 'assignee': None, 'assignees': [], 'requested_reviewers': [{'login': 'zengin', 'id': 803311, 'node_id': 'MDQ6VXNlcjgwMzMxMQ==', 'avatar_url': 'https://avatars.githubusercontent.com/u/803311?v=4', 'gravatar_id': '', 'url': 'https://api.github.com/users/zengin', 'html_url': 'https://github.com/zengin', 'followers_url': 'https://api.github.com/users/zengin/followers', 'following_url': 'https://api.github.com/users/zengin/following{/other_user}', 'gists_url': 'https://api.github.com/users/zengin/gists{/gist_id}', 'starred_url': 'https://api.github.com/users/zengin/starred{/owner}{/repo}', 'subscriptions_url': 'https://api.github.com/users/zengin/subscriptions', 'organizations_url': 'https://api.github.com/users/zengin/orgs', 'repos_url': 'https://api.github.com/users/zengin/repos', 'events_url': 'https://api.github.com/users/zengin/events{/privacy}', 'received_events_url': 'https://api.github.com/users/zengin/received_events', 'type': 'User', 'site_admin': False}, {'login': 'baywet', 'id': 7905502, 'node_id': 'MDQ6VXNlcjc5MDU1MDI=', 'avatar_url': 'https://avatars.githubusercontent.com/u/7905502?v=4', 'gravatar_id': '', 'url': 'https://api.github.com/users/baywet', 'html_url': 'https://github.com/baywet', 'followers_url': 'https://api.github.com/users/baywet/followers', 'following_url': 'https://api.github.com/users/baywet/following{/other_user}', 'gists_url': 'https://api.github.com/users/baywet/gists{/gist_id}', 'starred_url': 'https://api.github.com/users/baywet/starred{/owner}{/repo}', 'subscriptions_url': 'https://api.github.com/users/baywet/subscriptions', 'organizations_url': 'https://api.github.com/users/baywet/orgs', 'repos_url': 'https://api.github.com/users/baywet/repos', 'events_url': 'https://api.github.com/users/baywet/events{/privacy}', 'received_events_url': 'https://api.github.com/users/baywet/received_events', 'type': 'User', 'site_admin': False}, {'login': 'MIchaelMainer', 'id': 8527305, 'node_id': 'MDQ6VXNlcjg1MjczMDU=', 'avatar_url': 'https://avatars.githubusercontent.com/u/8527305?v=4', 'gravatar_id': '', 'url': 'https://api.github.com/users/MIchaelMainer', 'html_url': 'https://github.com/MIchaelMainer', 'followers_url': 'https://api.github.com/users/MIchaelMainer/followers', 'following_url': 'https://api.github.com/users/MIchaelMainer/following{/other_user}', 'gists_url': 'https://api.github.com/users/MIchaelMainer/gists{/gist_id}', 'starred_url': 'https://api.github.com/users/MIchaelMainer/starred{/owner}{/repo}', 'subscriptions_url': 'https://api.github.com/users/MIchaelMainer/subscriptions', 'organizations_url': 'https://api.github.com/users/MIchaelMainer/orgs', 'repos_url': 'https://api.github.com/users/MIchaelMainer/repos', 'events_url': 'https://api.github.com/users/MIchaelMainer/events{/privacy}', 'received_events_url': 'https://api.github.com/users/MIchaelMainer/received_events', 'type': 'User', 'site_admin': False}, {'login': 'ddyett', 'id': 20829981, 'node_id': 'MDQ6VXNlcjIwODI5OTgx', 'avatar_url': 'https://avatars.githubusercontent.com/u/20829981?v=4', 'gravatar_id': '', 'url': 'https://api.github.com/users/ddyett', 'html_url': 'https://github.com/ddyett', 'followers_url': 'https://api.github.com/users/ddyett/followers', 'following_url': 'https://api.github.com/users/ddyett/following{/other_user}', 'gists_url': 'https://api.github.com/users/ddyett/gists{/gist_id}', 'starred_url': 'https://api.github.com/users/ddyett/starred{/owner}{/repo}', 'subscriptions_url': 'https://api.github.com/users/ddyett/subscriptions', 'organizations_url': 'https://api.github.com/users/ddyett/orgs', 'repos_url': 'https://api.github.com/users/ddyett/repos', 'events_url': 'https://api.github.com/users/ddyett/events{/privacy}', 'received_events_url': 'https://api.github.com/users/ddyett/received_events', 'type': 'User', 'site_admin': False}, {'login': 'nikithauc', 'id': 23219007, 'node_id': 'MDQ6VXNlcjIzMjE5MDA3', 'avatar_url': 'https://avatars.githubusercontent.com/u/23219007?v=4', 'gravatar_id': '', 'url': 'https://api.github.com/users/nikithauc', 'html_url': 'https://github.com/nikithauc', 'followers_url': 'https://api.github.com/users/nikithauc/followers', 'following_url': 'https://api.github.com/users/nikithauc/following{/other_user}', 'gists_url': 'https://api.github.com/users/nikithauc/gists{/gist_id}', 'starred_url': 'https://api.github.com/users/nikithauc/starred{/owner}{/repo}', 'subscriptions_url': 'https://api.github.com/users/nikithauc/subscriptions', 'organizations_url': 'https://api.github.com/users/nikithauc/orgs', 'repos_url': 'https://api.github.com/users/nikithauc/repos', 'events_url': 'https://api.github.com/users/nikithauc/events{/privacy}', 'received_events_url': 'https://api.github.com/users/nikithauc/received_events', 'type': 'User', 'site_admin': False}], 'requested_teams': [], 'labels': [{'id': 2308294196, 'node_id': 'MDU6TGFiZWwyMzA4Mjk0MTk2', 'url': 'https://api.github.com/repos/microsoftgraph/msgraph-beta-sdk-java/labels/dependencies', 'name': 'dependencies', 'color': '0366d6', 'default': False, 'description': 'Pull requests that update a dependency file'}, {'id': 2844547190, 'node_id': 'MDU6TGFiZWwyODQ0NTQ3MTkw', 'url': 'https://api.github.com/repos/microsoftgraph/msgraph-beta-sdk-java/labels/github_actions', 'name': 'github_actions', 'color': '000000', 'default': False, 'description': 'Pull requests that update Github_actions code'}], 'milestone': None, 'draft': False, 'commits_url': 'https://api.github.com/repos/microsoftgraph/msgraph-beta-sdk-java/pulls/286/commits', 'review_comments_url': 'https://api.github.com/repos/microsoftgraph/msgraph-beta-sdk-java/pulls/286/comments', 'review_comment_url': 'https://api.github.com/repos/microsoftgraph/msgraph-beta-sdk-java/pulls/comments{/number}', 'comments_url': 'https://api.github.com/repos/microsoftgraph/msgraph-beta-sdk-java/issues/286/comments', 'statuses_url': 'https://api.github.com/repos/microsoftgraph/msgraph-beta-sdk-java/statuses/7dfa7a8ef1310ea351ce8a9b52eee16dfb60f868', 'head': {'label': 'microsoftgraph:dependabot/github_actions/android-actions/setup-android-2.0.8', 'ref': 'dependabot/github_actions/android-actions/setup-android-2.0.8', 'sha': '7dfa7a8ef1310ea351ce8a9b52eee16dfb60f868', 'user': {'login': 'microsoftgraph', 'id': 17304259, 'node_id': 'MDEyOk9yZ2FuaXphdGlvbjE3MzA0MjU5', 'avatar_url': 'https://avatars.githubusercontent.com/u/17304259?v=4', 'gravatar_id': '', 'url': 'https://api.github.com/users/microsoftgraph', 'html_url': 'https://github.com/microsoftgraph', 'followers_url': 'https://api.github.com/users/microsoftgraph/followers', 'following_url': 'https://api.github.com/users/microsoftgraph/following{/other_user}', 'gists_url': 'https://api.github.com/users/microsoftgraph/gists{/gist_id}', 'starred_url': 'https://api.github.com/users/microsoftgraph/starred{/owner}{/repo}', 'subscriptions_url': 'https://api.github.com/users/microsoftgraph/subscriptions', 'organizations_url': 'https://api.github.com/users/microsoftgraph/orgs', 'repos_url': 'https://api.github.com/users/microsoftgraph/repos', 'events_url': 'https://api.github.com/users/microsoftgraph/events{/privacy}', 'received_events_url': 'https://api.github.com/users/microsoftgraph/received_events', 'type': 'Organization', 'site_admin': False}, 'repo': {'id': 204568878, 'node_id': 'MDEwOlJlcG9zaXRvcnkyMDQ1Njg4Nzg=', 'name': 'msgraph-beta-sdk-java', 'full_name': 'microsoftgraph/msgraph-beta-sdk-java', 'private': False, 'owner': {'login': 'microsoftgraph', 'id': 17304259, 'node_id': 'MDEyOk9yZ2FuaXphdGlvbjE3MzA0MjU5', 'avatar_url': 'https://avatars.githubusercontent.com/u/17304259?v=4', 'gravatar_id': '', 'url': 'https://api.github.com/users/microsoftgraph', 'html_url': 'https://github.com/microsoftgraph', 'followers_url': 'https://api.github.com/users/microsoftgraph/followers', 'following_url': 'https://api.github.com/users/microsoftgraph/following{/other_user}', 'gists_url': 'https://api.github.com/users/microsoftgraph/gists{/gist_id}', 'starred_url': 'https://api.github.com/users/microsoftgraph/starred{/owner}{/repo}', 'subscriptions_url': 'https://api.github.com/users/microsoftgraph/subscriptions', 'organizations_url': 'https://api.github.com/users/microsoftgraph/orgs', 'repos_url': 'https://api.github.com/users/microsoftgraph/repos', 'events_url': 'https://api.github.com/users/microsoftgraph/events{/privacy}', 'received_events_url': 'https://api.github.com/users/microsoftgraph/received_events', 'type': 'Organization', 'site_admin': False}, 'html_url': 'https://github.com/microsoftgraph/msgraph-beta-sdk-java', 'description': 'Microsoft Graph Beta Java SDK', 'fork': False, 'url': 'https://api.github.com/repos/microsoftgraph/msgraph-beta-sdk-java', 'forks_url': 'https://api.github.com/repos/microsoftgraph/msgraph-beta-sdk-java/forks', 'keys_url': 'https://api.github.com/repos/microsoftgraph/msgraph-beta-sdk-java/keys{/key_id}', 'collaborators_url': 'https://api.github.com/repos/microsoftgraph/msgraph-beta-sdk-java/collaborators{/collaborator}', 'teams_url': 'https://api.github.com/repos/microsoftgraph/msgraph-beta-sdk-java/teams', 'hooks_url': 'https://api.github.com/repos/microsoftgraph/msgraph-beta-sdk-java/hooks', 'issue_events_url': 'https://api.github.com/repos/microsoftgraph/msgraph-beta-sdk-java/issues/events{/number}', 'events_url': 'https://api.github.com/repos/microsoftgraph/msgraph-beta-sdk-java/events', 'assignees_url': 'https://api.github.com/repos/microsoftgraph/msgraph-beta-sdk-java/assignees{/user}', 'branches_url': 'https://api.github.com/repos/microsoftgraph/msgraph-beta-sdk-java/branches{/branch}', 'tags_url': 'https://api.github.com/repos/microsoftgraph/msgraph-beta-sdk-java/tags', 'blobs_url': 'https://api.github.com/repos/microsoftgraph/msgraph-beta-sdk-java/git/blobs{/sha}', 'git_tags_url': 'https://api.github.com/repos/microsoftgraph/msgraph-beta-sdk-java/git/tags{/sha}', 'git_refs_url': 'https://api.github.com/repos/microsoftgraph/msgraph-beta-sdk-java/git/refs{/sha}', 'trees_url': 'https://api.github.com/repos/microsoftgraph/msgraph-beta-sdk-java/git/trees{/sha}', 'statuses_url': 'https://api.github.com/repos/microsoftgraph/msgraph-beta-sdk-java/statuses/{sha}', 'languages_url': 'https://api.github.com/repos/microsoftgraph/msgraph-beta-sdk-java/languages', 'stargazers_url': 'https://api.github.com/repos/microsoftgraph/msgraph-beta-sdk-java/stargazers', 'contributors_url': 'https://api.github.com/repos/microsoftgraph/msgraph-beta-sdk-java/contributors', 'subscribers_url': 'https://api.github.com/repos/microsoftgraph/msgraph-beta-sdk-java/subscribers', 'subscription_url': 'https://api.github.com/repos/microsoftgraph/msgraph-beta-sdk-java/subscription', 'commits_url': 'https://api.github.com/repos/microsoftgraph/msgraph-beta-sdk-java/commits{/sha}', 'git_commits_url': 'https://api.github.com/repos/microsoftgraph/msgraph-beta-sdk-java/git/commits{/sha}', 'comments_url': 'https://api.github.com/repos/microsoftgraph/msgraph-beta-sdk-java/comments{/number}', 'issue_comment_url': 'https://api.github.com/repos/microsoftgraph/msgraph-beta-sdk-java/issues/comments{/number}', 'contents_url': 'https://api.github.com/repos/microsoftgraph/msgraph-beta-sdk-java/contents/{+path}', 'compare_url': 'https://api.github.com/repos/microsoftgraph/msgraph-beta-sdk-java/compare/{base}...{head}', 'merges_url': 'https://api.github.com/repos/microsoftgraph/msgraph-beta-sdk-java/merges', 'archive_url': 'https://api.github.com/repos/microsoftgraph/msgraph-beta-sdk-java/{archive_format}{/ref}', 'downloads_url': 'https://api.github.com/repos/microsoftgraph/msgraph-beta-sdk-java/downloads', 'issues_url': 'https://api.github.com/repos/microsoftgraph/msgraph-beta-sdk-java/issues{/number}', 'pulls_url': 'https://api.github.com/repos/microsoftgraph/msgraph-beta-sdk-java/pulls{/number}', 'milestones_url': 'https://api.github.com/repos/microsoftgraph/msgraph-beta-sdk-java/milestones{/number}', 'notifications_url': 'https://api.github.com/repos/microsoftgraph/msgraph-beta-sdk-java/notifications{?since,all,participating}', 'labels_url': 'https://api.github.com/repos/microsoftgraph/msgraph-beta-sdk-java/labels{/name}', 'releases_url': 'https://api.github.com/repos/microsoftgraph/msgraph-beta-sdk-java/releases{/id}', 'deployments_url': 'https://api.github.com/repos/microsoftgraph/msgraph-beta-sdk-java/deployments', 'created_at': '2019-08-26T21:59:24Z', 'updated_at': '2022-04-15T21:56:29Z', 'pushed_at': '2022-04-22T16:19:30Z', 'git_url': 'git://github.com/microsoftgraph/msgraph-beta-sdk-java.git', 'ssh_url': 'git@github.com:microsoftgraph/msgraph-beta-sdk-java.git', 'clone_url': 'https://github.com/microsoftgraph/msgraph-beta-sdk-java.git', 'svn_url': 'https://github.com/microsoftgraph/msgraph-beta-sdk-java', 'homepage': 'https://docs.microsoft.com/en-us/graph/sdks/use-beta?tabs=Java', 'size': 46810, 'stargazers_count': 9, 'watchers_count': 9, 'language': 'Java', 'has_issues': True, 'has_projects': True, 'has_downloads': True, 'has_wiki': False, 'has_pages': False, 'forks_count': 5, 'mirror_url': None, 'archived': False, 'disabled': False, 'open_issues_count': 4, 'license': {'key': 'mit', 'name': 'MIT License', 'spdx_id': 'MIT', 'url': 'https://api.github.com/licenses/mit', 'node_id': 'MDc6TGljZW5zZTEz'}, 'allow_forking': True, 'is_template': False, 'topics': ['java', 'microsoft-graph', 'sdk'], 'visibility': 'public', 'forks': 5, 'open_issues': 4, 'watchers': 9, 'default_branch': 'dev'}}, 'base': {'label': 'microsoftgraph:dev', 'ref': 'dev', 'sha': '9ca621a928c080c022f77f6c03303a7eb5a1df04', 'user': {'login': 'microsoftgraph', 'id': 17304259, 'node_id': 'MDEyOk9yZ2FuaXphdGlvbjE3MzA0MjU5', 'avatar_url': 'https://avatars.githubusercontent.com/u/17304259?v=4', 'gravatar_id': '', 'url': 'https://api.github.com/users/microsoftgraph', 'html_url': 'https://github.com/microsoftgraph', 'followers_url': 'https://api.github.com/users/microsoftgraph/followers', 'following_url': 'https://api.github.com/users/microsoftgraph/following{/other_user}', 'gists_url': 'https://api.github.com/users/microsoftgraph/gists{/gist_id}', 'starred_url': 'https://api.github.com/users/microsoftgraph/starred{/owner}{/repo}', 'subscriptions_url': 'https://api.github.com/users/microsoftgraph/subscriptions', 'organizations_url': 'https://api.github.com/users/microsoftgraph/orgs', 'repos_url': 'https://api.github.com/users/microsoftgraph/repos', 'events_url': 'https://api.github.com/users/microsoftgraph/events{/privacy}', 'received_events_url': 'https://api.github.com/users/microsoftgraph/received_events', 'type': 'Organization', 'site_admin': False}, 'repo': {'id': 204568878, 'node_id': 'MDEwOlJlcG9zaXRvcnkyMDQ1Njg4Nzg=', 'name': 'msgraph-beta-sdk-java', 'full_name': 'microsoftgraph/msgraph-beta-sdk-java', 'private': False, 'owner': {'login': 'microsoftgraph', 'id': 17304259, 'node_id': 'MDEyOk9yZ2FuaXphdGlvbjE3MzA0MjU5', 'avatar_url': 'https://avatars.githubusercontent.com/u/17304259?v=4', 'gravatar_id': '', 'url': 'https://api.github.com/users/microsoftgraph', 'html_url': 'https://github.com/microsoftgraph', 'followers_url': 'https://api.github.com/users/microsoftgraph/followers', 'following_url': 'https://api.github.com/users/microsoftgraph/following{/other_user}', 'gists_url': 'https://api.github.com/users/microsoftgraph/gists{/gist_id}', 'starred_url': 'https://api.github.com/users/microsoftgraph/starred{/owner}{/repo}', 'subscriptions_url': 'https://api.github.com/users/microsoftgraph/subscriptions', 'organizations_url': 'https://api.github.com/users/microsoftgraph/orgs', 'repos_url': 'https://api.github.com/users/microsoftgraph/repos', 'events_url': 'https://api.github.com/users/microsoftgraph/events{/privacy}', 'received_events_url': 'https://api.github.com/users/microsoftgraph/received_events', 'type': 'Organization', 'site_admin': False}, 'html_url': 'https://github.com/microsoftgraph/msgraph-beta-sdk-java', 'description': 'Microsoft Graph Beta Java SDK', 'fork': False, 'url': 'https://api.github.com/repos/microsoftgraph/msgraph-beta-sdk-java', 'forks_url': 'https://api.github.com/repos/microsoftgraph/msgraph-beta-sdk-java/forks', 'keys_url': 'https://api.github.com/repos/microsoftgraph/msgraph-beta-sdk-java/keys{/key_id}', 'collaborators_url': 'https://api.github.com/repos/microsoftgraph/msgraph-beta-sdk-java/collaborators{/collaborator}', 'teams_url': 'https://api.github.com/repos/microsoftgraph/msgraph-beta-sdk-java/teams', 'hooks_url': 'https://api.github.com/repos/microsoftgraph/msgraph-beta-sdk-java/hooks', 'issue_events_url': 'https://api.github.com/repos/microsoftgraph/msgraph-beta-sdk-java/issues/events{/number}', 'events_url': 'https://api.github.com/repos/microsoftgraph/msgraph-beta-sdk-java/events', 'assignees_url': 'https://api.github.com/repos/microsoftgraph/msgraph-beta-sdk-java/assignees{/user}', 'branches_url': 'https://api.github.com/repos/microsoftgraph/msgraph-beta-sdk-java/branches{/branch}', 'tags_url': 'https://api.github.com/repos/microsoftgraph/msgraph-beta-sdk-java/tags', 'blobs_url': 'https://api.github.com/repos/microsoftgraph/msgraph-beta-sdk-java/git/blobs{/sha}', 'git_tags_url': 'https://api.github.com/repos/microsoftgraph/msgraph-beta-sdk-java/git/tags{/sha}', 'git_refs_url': 'https://api.github.com/repos/microsoftgraph/msgraph-beta-sdk-java/git/refs{/sha}', 'trees_url': 'https://api.github.com/repos/microsoftgraph/msgraph-beta-sdk-java/git/trees{/sha}', 'statuses_url': 'https://api.github.com/repos/microsoftgraph/msgraph-beta-sdk-java/statuses/{sha}', 'languages_url': 'https://api.github.com/repos/microsoftgraph/msgraph-beta-sdk-java/languages', 'stargazers_url': 'https://api.github.com/repos/microsoftgraph/msgraph-beta-sdk-java/stargazers', 'contributors_url': 'https://api.github.com/repos/microsoftgraph/msgraph-beta-sdk-java/contributors', 'subscribers_url': 'https://api.github.com/repos/microsoftgraph/msgraph-beta-sdk-java/subscribers', 'subscription_url': 'https://api.github.com/repos/microsoftgraph/msgraph-beta-sdk-java/subscription', 'commits_url': 'https://api.github.com/repos/microsoftgraph/msgraph-beta-sdk-java/commits{/sha}', 'git_commits_url': 'https://api.github.com/repos/microsoftgraph/msgraph-beta-sdk-java/git/commits{/sha}', 'comments_url': 'https://api.github.com/repos/microsoftgraph/msgraph-beta-sdk-java/comments{/number}', 'issue_comment_url': 'https://api.github.com/repos/microsoftgraph/msgraph-beta-sdk-java/issues/comments{/number}', 'contents_url': 'https://api.github.com/repos/microsoftgraph/msgraph-beta-sdk-java/contents/{+path}', 'compare_url': 'https://api.github.com/repos/microsoftgraph/msgraph-beta-sdk-java/compare/{base}...{head}', 'merges_url': 'https://api.github.com/repos/microsoftgraph/msgraph-beta-sdk-java/merges', 'archive_url': 'https://api.github.com/repos/microsoftgraph/msgraph-beta-sdk-java/{archive_format}{/ref}', 'downloads_url': 'https://api.github.com/repos/microsoftgraph/msgraph-beta-sdk-java/downloads', 'issues_url': 'https://api.github.com/repos/microsoftgraph/msgraph-beta-sdk-java/issues{/number}', 'pulls_url': 'https://api.github.com/repos/microsoftgraph/msgraph-beta-sdk-java/pulls{/number}', 'milestones_url': 'https://api.github.com/repos/microsoftgraph/msgraph-beta-sdk-java/milestones{/number}', 'notifications_url': 'https://api.github.com/repos/microsoftgraph/msgraph-beta-sdk-java/notifications{?since,all,participating}', 'labels_url': 'https://api.github.com/repos/microsoftgraph/msgraph-beta-sdk-java/labels{/name}', 'releases_url': 'https://api.github.com/repos/microsoftgraph/msgraph-beta-sdk-java/releases{/id}', 'deployments_url': 'https://api.github.com/repos/microsoftgraph/msgraph-beta-sdk-java/deployments', 'created_at': '2019-08-26T21:59:24Z', 'updated_at': '2022-04-15T21:56:29Z', 'pushed_at': '2022-04-22T16:19:30Z', 'git_url': 'git://github.com/microsoftgraph/msgraph-beta-sdk-java.git', 'ssh_url': 'git@github.com:microsoftgraph/msgraph-beta-sdk-java.git', 'clone_url': 'https://github.com/microsoftgraph/msgraph-beta-sdk-java.git', 'svn_url': 'https://github.com/microsoftgraph/msgraph-beta-sdk-java', 'homepage': 'https://docs.microsoft.com/en-us/graph/sdks/use-beta?tabs=Java', 'size': 46810, 'stargazers_count': 9, 'watchers_count': 9, 'language': 'Java', 'has_issues': True, 'has_projects': True, 'has_downloads': True, 'has_wiki': False, 'has_pages': False, 'forks_count': 5, 'mirror_url': None, 'archived': False, 'disabled': False, 'open_issues_count': 4, 'license': {'key': 'mit', 'name': 'MIT License', 'spdx_id': 'MIT', 'url': 'https://api.github.com/licenses/mit', 'node_id': 'MDc6TGljZW5zZTEz'}, 'allow_forking': True, 'is_template': False, 'topics': ['java', 'microsoft-graph', 'sdk'], 'visibility': 'public', 'forks': 5, 'open_issues': 4, 'watchers': 9, 'default_branch': 'dev'}}, '_links': {'self': {'href': 'https://api.github.com/repos/microsoftgraph/msgraph-beta-sdk-java/pulls/286'}, 'html': {'href': 'https://github.com/microsoftgraph/msgraph-beta-sdk-java/pull/286'}, 'issue': {'href': 'https://api.github.com/repos/microsoftgraph/msgraph-beta-sdk-java/issues/286'}, 'comments': {'href': 'https://api.github.com/repos/microsoftgraph/msgraph-beta-sdk-java/issues/286/comments'}, 'review_comments': {'href': 'https://api.github.com/repos/microsoftgraph/msgraph-beta-sdk-java/pulls/286/comments'}, 'review_comment': {'href': 'https://api.github.com/repos/microsoftgraph/msgraph-beta-sdk-java/pulls/comments{/number}'}, 'commits': {'href': 'https://api.github.com/repos/microsoftgraph/msgraph-beta-sdk-java/pulls/286/commits'}, 'statuses': {'href': 'https://api.github.com/repos/microsoftgraph/msgraph-beta-sdk-java/statuses/7dfa7a8ef1310ea351ce8a9b52eee16dfb60f868'}}, 'author_association': 'CONTRIBUTOR', 'auto_merge': None, 'active_lock_reason': None}}",created,Java
21421658845,PushEvent,microsoftgraph/msgraph-beta-sdk-java,0.0,2022-04-22T16:19:31Z,"{'push_id': 9694896903, 'size': 2, 'distinct_size': 2, 'ref': 'refs/heads/dev', 'head': 'dc2218e1ac63a05b570cb146408aab73cb279ef2', 'before': '9ca621a928c080c022f77f6c03303a7eb5a1df04', 'commits': [{'sha': 'cb83030415ec0f593a1f8227f35ba81d17d9f77d', 'author': {'email': '49699333+dependabot[bot]@users.noreply.github.com', 'name': 'dependabot[bot]'}, 'message': 'Bump mockito-inline from 4.5.0 to 4.5.1\n\nBumps [mockito-inline](https://github.com/mockito/mockito) from 4.5.0 to 4.5.1.\n- [Release notes](https://github.com/mockito/mockito/releases)\n- [Commits](https://github.com/mockito/mockito/compare/v4.5.0...v4.5.1)\n\n---\nupdated-dependencies:\n- dependency-name: org.mockito:mockito-inline\n  dependency-type: direct:production\n  update-type: version-update:semver-patch\n...\n\nSigned-off-by: dependabot[bot] <support@github.com>', 'distinct': True, 'url': 'https://api.github.com/repos/microsoftgraph/msgraph-beta-sdk-java/commits/cb83030415ec0f593a1f8227f35ba81d17d9f77d'}, {'sha': 'dc2218e1ac63a05b570cb146408aab73cb279ef2', 'author': {'email': '63934382+ramsessanchez@users.noreply.github.com', 'name': 'ramsessanchez'}, 'message': 'Merge pull request #285 from microsoftgraph/dependabot/gradle/org.mockito-mockito-inline-4.5.1\n\nBump mockito-inline from 4.5.0 to 4.5.1', 'distinct': True, 'url': 'https://api.github.com/repos/microsoftgraph/msgraph-beta-sdk-java/commits/dc2218e1ac63a05b570cb146408aab73cb279ef2'}]}",,Java
21421658803,DeleteEvent,microsoftgraph/msgraph-beta-sdk-java,0.0,2022-04-22T16:19:30Z,"{'ref': 'dependabot/gradle/org.mockito-mockito-inline-4.5.1', 'ref_type': 'branch', 'pusher_type': 'user'}",,Java
21421658698,PullRequestEvent,microsoftgraph/msgraph-beta-sdk-java,0.0,2022-04-22T16:19:30Z,"{'action': 'closed', 'number': 285, 'pull_request': {'url': 'https://api.github.com/repos/microsoftgraph/msgraph-beta-sdk-java/pulls/285', 'id': 916087908, 'node_id': 'PR_kwDODDF5Ls42mmRk', 'html_url': 'https://github.com/microsoftgraph/msgraph-beta-sdk-java/pull/285', 'diff_url': 'https://github.com/microsoftgraph/msgraph-beta-sdk-java/pull/285.diff', 'patch_url': 'https://github.com/microsoftgraph/msgraph-beta-sdk-java/pull/285.patch', 'issue_url': 'https://api.github.com/repos/microsoftgraph/msgraph-beta-sdk-java/issues/285', 'number': 285, 'state': 'closed', 'locked': False, 'title': 'Bump mockito-inline from 4.5.0 to 4.5.1', 'user': {'login': 'dependabot[bot]', 'id': 49699333, 'node_id': 'MDM6Qm90NDk2OTkzMzM=', 'avatar_url': 'https://avatars.githubusercontent.com/in/29110?v=4', 'gravatar_id': '', 'url': 'https://api.github.com/users/dependabot%5Bbot%5D', 'html_url': 'https://github.com/apps/dependabot', 'followers_url': 'https://api.github.com/users/dependabot%5Bbot%5D/followers', 'following_url': 'https://api.github.com/users/dependabot%5Bbot%5D/following{/other_user}', 'gists_url': 'https://api.github.com/users/dependabot%5Bbot%5D/gists{/gist_id}', 'starred_url': 'https://api.github.com/users/dependabot%5Bbot%5D/starred{/owner}{/repo}', 'subscriptions_url': 'https://api.github.com/users/dependabot%5Bbot%5D/subscriptions', 'organizations_url': 'https://api.github.com/users/dependabot%5Bbot%5D/orgs', 'repos_url': 'https://api.github.com/users/dependabot%5Bbot%5D/repos', 'events_url': 'https://api.github.com/users/dependabot%5Bbot%5D/events{/privacy}', 'received_events_url': 'https://api.github.com/users/dependabot%5Bbot%5D/received_events', 'type': 'Bot', 'site_admin': False}, 'body': 'Bumps [mockito-inline](https://github.com/mockito/mockito) from 4.5.0 to 4.5.1.\n<details>\n<summary>Release notes</summary>\n<p><em>Sourced from <a href=""https://github.com/mockito/mockito/releases"">mockito-inline\'s releases</a>.</em></p>\n<blockquote>\n<h2>v4.5.1</h2>\n<p><!-- raw HTML omitted --><!-- raw HTML omitted --><em>Changelog generated by <a href=""https://github.com/shipkit/shipkit-changelog"">Shipkit Changelog Gradle Plugin</a></em><!-- raw HTML omitted --><!-- raw HTML omitted --></p>\n<h4>4.5.1</h4>\n<ul>\n<li>2022-04-21 - <a href=""https://github.com/mockito/mockito/compare/v4.5.0...v4.5.1"">2 commit(s)</a> by Jeremy Landis, dependabot[bot]</li>\n<li>Fixes <a href=""https://github-redirect.dependabot.com/mockito/mockito/issues/2623"">#2623</a>: Use zulu distribution and java 11 for release GHA job [(<a href=""https://github-redirect.dependabot.com/mockito/mockito/issues/2624"">#2624</a>)](<a href=""https://github-redirect.dependabot.com/mockito/mockito/pull/2624"">mockito/mockito#2624</a>)</li>\n<li>Missing errorprone module for 4.5.0 in central as release was done with jdk 8 [(<a href=""https://github-redirect.dependabot.com/mockito/mockito/issues/2623"">#2623</a>)](<a href=""https://github-redirect.dependabot.com/mockito/mockito/issues/2623"">mockito/mockito#2623</a>)</li>\n<li>Bump kotlinVersion from 1.6.20 to 1.6.21 [(<a href=""https://github-redirect.dependabot.com/mockito/mockito/issues/2622"">#2622</a>)](<a href=""https://github-redirect.dependabot.com/mockito/mockito/pull/2622"">mockito/mockito#2622</a>)</li>\n</ul>\n</blockquote>\n</details>\n<details>\n<summary>Commits</summary>\n<ul>\n<li><a href=""https://github.com/mockito/mockito/commit/737f0a3517256af6ade37fd0e776a2bb230de553""><code>737f0a3</code></a> Fixes <a href=""https://github-redirect.dependabot.com/mockito/mockito/issues/2623"">#2623</a>: Use zulu distribution and java 11 for release GHA job (<a href=""https://github-redirect.dependabot.com/mockito/mockito/issues/2624"">#2624</a>)</li>\n<li><a href=""https://github.com/mockito/mockito/commit/f48d794ad14982a134fd14dd2aef03477b699dc6""><code>f48d794</code></a> Bump kotlinVersion from 1.6.20 to 1.6.21 (<a href=""https://github-redirect.dependabot.com/mockito/mockito/issues/2622"">#2622</a>)</li>\n<li>See full diff in <a href=""https://github.com/mockito/mockito/compare/v4.5.0...v4.5.1"">compare view</a></li>\n</ul>\n</details>\n<br />\n\n\n[![Dependabot compatibility score](https://dependabot-badges.githubapp.com/badges/compatibility_score?dependency-name=org.mockito:mockito-inline&package-manager=gradle&previous-version=4.5.0&new-version=4.5.1)](https://docs.github.com/en/github/managing-security-vulnerabilities/about-dependabot-security-updates#about-compatibility-scores)\n\nDependabot will resolve any conflicts with this PR as long as you don\'t alter it yourself. You can also trigger a rebase manually by commenting `@dependabot rebase`.\n\n[//]: # (dependabot-automerge-start)\n[//]: # (dependabot-automerge-end)\n\n---\n\n<details>\n<summary>Dependabot commands and options</summary>\n<br />\n\nYou can trigger Dependabot actions by commenting on this PR:\n- `@dependabot rebase` will rebase this PR\n- `@dependabot recreate` will recreate this PR, overwriting any edits that have been made to it\n- `@dependabot merge` will merge this PR after your CI passes on it\n- `@dependabot squash and merge` will squash and merge this PR after your CI passes on it\n- `@dependabot cancel merge` will cancel a previously requested merge and block automerging\n- `@dependabot reopen` will reopen this PR if it is closed\n- `@dependabot close` will close this PR and stop Dependabot recreating it. You can achieve the same result by closing it manually\n- `@dependabot ignore this major version` will close this PR and stop Dependabot creating any more for this major version (unless you reopen the PR or upgrade to it yourself)\n- `@dependabot ignore this minor version` will close this PR and stop Dependabot creating any more for this minor version (unless you reopen the PR or upgrade to it yourself)\n- `@dependabot ignore this dependency` will close this PR and stop Dependabot creating any more for this dependency (unless you reopen the PR or upgrade to it yourself)\n\n\n</details>\n\n###### Microsoft Reviewers: [Open in CodeFlow](https://portal.fabricbot.ms/api/codeflow?pullrequest=https://github.com/microsoftgraph/msgraph-beta-sdk-java/pull/285)', 'created_at': '2022-04-22T07:03:39Z', 'updated_at': '2022-04-22T16:19:29Z', 'closed_at': '2022-04-22T16:19:29Z', 'merged_at': '2022-04-22T16:19:29Z', 'merge_commit_sha': 'dc2218e1ac63a05b570cb146408aab73cb279ef2', 'assignee': None, 'assignees': [], 'requested_reviewers': [{'login': 'zengin', 'id': 803311, 'node_id': 'MDQ6VXNlcjgwMzMxMQ==', 'avatar_url': 'https://avatars.githubusercontent.com/u/803311?v=4', 'gravatar_id': '', 'url': 'https://api.github.com/users/zengin', 'html_url': 'https://github.com/zengin', 'followers_url': 'https://api.github.com/users/zengin/followers', 'following_url': 'https://api.github.com/users/zengin/following{/other_user}', 'gists_url': 'https://api.github.com/users/zengin/gists{/gist_id}', 'starred_url': 'https://api.github.com/users/zengin/starred{/owner}{/repo}', 'subscriptions_url': 'https://api.github.com/users/zengin/subscriptions', 'organizations_url': 'https://api.github.com/users/zengin/orgs', 'repos_url': 'https://api.github.com/users/zengin/repos', 'events_url': 'https://api.github.com/users/zengin/events{/privacy}', 'received_events_url': 'https://api.github.com/users/zengin/received_events', 'type': 'User', 'site_admin': False}, {'login': 'baywet', 'id': 7905502, 'node_id': 'MDQ6VXNlcjc5MDU1MDI=', 'avatar_url': 'https://avatars.githubusercontent.com/u/7905502?v=4', 'gravatar_id': '', 'url': 'https://api.github.com/users/baywet', 'html_url': 'https://github.com/baywet', 'followers_url': 'https://api.github.com/users/baywet/followers', 'following_url': 'https://api.github.com/users/baywet/following{/other_user}', 'gists_url': 'https://api.github.com/users/baywet/gists{/gist_id}', 'starred_url': 'https://api.github.com/users/baywet/starred{/owner}{/repo}', 'subscriptions_url': 'https://api.github.com/users/baywet/subscriptions', 'organizations_url': 'https://api.github.com/users/baywet/orgs', 'repos_url': 'https://api.github.com/users/baywet/repos', 'events_url': 'https://api.github.com/users/baywet/events{/privacy}', 'received_events_url': 'https://api.github.com/users/baywet/received_events', 'type': 'User', 'site_admin': False}, {'login': 'MIchaelMainer', 'id': 8527305, 'node_id': 'MDQ6VXNlcjg1MjczMDU=', 'avatar_url': 'https://avatars.githubusercontent.com/u/8527305?v=4', 'gravatar_id': '', 'url': 'https://api.github.com/users/MIchaelMainer', 'html_url': 'https://github.com/MIchaelMainer', 'followers_url': 'https://api.github.com/users/MIchaelMainer/followers', 'following_url': 'https://api.github.com/users/MIchaelMainer/following{/other_user}', 'gists_url': 'https://api.github.com/users/MIchaelMainer/gists{/gist_id}', 'starred_url': 'https://api.github.com/users/MIchaelMainer/starred{/owner}{/repo}', 'subscriptions_url': 'https://api.github.com/users/MIchaelMainer/subscriptions', 'organizations_url': 'https://api.github.com/users/MIchaelMainer/orgs', 'repos_url': 'https://api.github.com/users/MIchaelMainer/repos', 'events_url': 'https://api.github.com/users/MIchaelMainer/events{/privacy}', 'received_events_url': 'https://api.github.com/users/MIchaelMainer/received_events', 'type': 'User', 'site_admin': False}, {'login': 'ddyett', 'id': 20829981, 'node_id': 'MDQ6VXNlcjIwODI5OTgx', 'avatar_url': 'https://avatars.githubusercontent.com/u/20829981?v=4', 'gravatar_id': '', 'url': 'https://api.github.com/users/ddyett', 'html_url': 'https://github.com/ddyett', 'followers_url': 'https://api.github.com/users/ddyett/followers', 'following_url': 'https://api.github.com/users/ddyett/following{/other_user}', 'gists_url': 'https://api.github.com/users/ddyett/gists{/gist_id}', 'starred_url': 'https://api.github.com/users/ddyett/starred{/owner}{/repo}', 'subscriptions_url': 'https://api.github.com/users/ddyett/subscriptions', 'organizations_url': 'https://api.github.com/users/ddyett/orgs', 'repos_url': 'https://api.github.com/users/ddyett/repos', 'events_url': 'https://api.github.com/users/ddyett/events{/privacy}', 'received_events_url': 'https://api.github.com/users/ddyett/received_events', 'type': 'User', 'site_admin': False}, {'login': 'nikithauc', 'id': 23219007, 'node_id': 'MDQ6VXNlcjIzMjE5MDA3', 'avatar_url': 'https://avatars.githubusercontent.com/u/23219007?v=4', 'gravatar_id': '', 'url': 'https://api.github.com/users/nikithauc', 'html_url': 'https://github.com/nikithauc', 'followers_url': 'https://api.github.com/users/nikithauc/followers', 'following_url': 'https://api.github.com/users/nikithauc/following{/other_user}', 'gists_url': 'https://api.github.com/users/nikithauc/gists{/gist_id}', 'starred_url': 'https://api.github.com/users/nikithauc/starred{/owner}{/repo}', 'subscriptions_url': 'https://api.github.com/users/nikithauc/subscriptions', 'organizations_url': 'https://api.github.com/users/nikithauc/orgs', 'repos_url': 'https://api.github.com/users/nikithauc/repos', 'events_url': 'https://api.github.com/users/nikithauc/events{/privacy}', 'received_events_url': 'https://api.github.com/users/nikithauc/received_events', 'type': 'User', 'site_admin': False}], 'requested_teams': [], 'labels': [{'id': 2308294196, 'node_id': 'MDU6TGFiZWwyMzA4Mjk0MTk2', 'url': 'https://api.github.com/repos/microsoftgraph/msgraph-beta-sdk-java/labels/dependencies', 'name': 'dependencies', 'color': '0366d6', 'default': False, 'description': 'Pull requests that update a dependency file'}, {'id': 2308294204, 'node_id': 'MDU6TGFiZWwyMzA4Mjk0MjA0', 'url': 'https://api.github.com/repos/microsoftgraph/msgraph-beta-sdk-java/labels/java', 'name': 'java', 'color': 'ffa221', 'default': False, 'description': 'Pull requests that update Java code'}], 'milestone': None, 'draft': False, 'commits_url': 'https://api.github.com/repos/microsoftgraph/msgraph-beta-sdk-java/pulls/285/commits', 'review_comments_url': 'https://api.github.com/repos/microsoftgraph/msgraph-beta-sdk-java/pulls/285/comments', 'review_comment_url': 'https://api.github.com/repos/microsoftgraph/msgraph-beta-sdk-java/pulls/comments{/number}', 'comments_url': 'https://api.github.com/repos/microsoftgraph/msgraph-beta-sdk-java/issues/285/comments', 'statuses_url': 'https://api.github.com/repos/microsoftgraph/msgraph-beta-sdk-java/statuses/cb83030415ec0f593a1f8227f35ba81d17d9f77d', 'head': {'label': 'microsoftgraph:dependabot/gradle/org.mockito-mockito-inline-4.5.1', 'ref': 'dependabot/gradle/org.mockito-mockito-inline-4.5.1', 'sha': 'cb83030415ec0f593a1f8227f35ba81d17d9f77d', 'user': {'login': 'microsoftgraph', 'id': 17304259, 'node_id': 'MDEyOk9yZ2FuaXphdGlvbjE3MzA0MjU5', 'avatar_url': 'https://avatars.githubusercontent.com/u/17304259?v=4', 'gravatar_id': '', 'url': 'https://api.github.com/users/microsoftgraph', 'html_url': 'https://github.com/microsoftgraph', 'followers_url': 'https://api.github.com/users/microsoftgraph/followers', 'following_url': 'https://api.github.com/users/microsoftgraph/following{/other_user}', 'gists_url': 'https://api.github.com/users/microsoftgraph/gists{/gist_id}', 'starred_url': 'https://api.github.com/users/microsoftgraph/starred{/owner}{/repo}', 'subscriptions_url': 'https://api.github.com/users/microsoftgraph/subscriptions', 'organizations_url': 'https://api.github.com/users/microsoftgraph/orgs', 'repos_url': 'https://api.github.com/users/microsoftgraph/repos', 'events_url': 'https://api.github.com/users/microsoftgraph/events{/privacy}', 'received_events_url': 'https://api.github.com/users/microsoftgraph/received_events', 'type': 'Organization', 'site_admin': False}, 'repo': {'id': 204568878, 'node_id': 'MDEwOlJlcG9zaXRvcnkyMDQ1Njg4Nzg=', 'name': 'msgraph-beta-sdk-java', 'full_name': 'microsoftgraph/msgraph-beta-sdk-java', 'private': False, 'owner': {'login': 'microsoftgraph', 'id': 17304259, 'node_id': 'MDEyOk9yZ2FuaXphdGlvbjE3MzA0MjU5', 'avatar_url': 'https://avatars.githubusercontent.com/u/17304259?v=4', 'gravatar_id': '', 'url': 'https://api.github.com/users/microsoftgraph', 'html_url': 'https://github.com/microsoftgraph', 'followers_url': 'https://api.github.com/users/microsoftgraph/followers', 'following_url': 'https://api.github.com/users/microsoftgraph/following{/other_user}', 'gists_url': 'https://api.github.com/users/microsoftgraph/gists{/gist_id}', 'starred_url': 'https://api.github.com/users/microsoftgraph/starred{/owner}{/repo}', 'subscriptions_url': 'https://api.github.com/users/microsoftgraph/subscriptions', 'organizations_url': 'https://api.github.com/users/microsoftgraph/orgs', 'repos_url': 'https://api.github.com/users/microsoftgraph/repos', 'events_url': 'https://api.github.com/users/microsoftgraph/events{/privacy}', 'received_events_url': 'https://api.github.com/users/microsoftgraph/received_events', 'type': 'Organization', 'site_admin': False}, 'html_url': 'https://github.com/microsoftgraph/msgraph-beta-sdk-java', 'description': 'Microsoft Graph Beta Java SDK', 'fork': False, 'url': 'https://api.github.com/repos/microsoftgraph/msgraph-beta-sdk-java', 'forks_url': 'https://api.github.com/repos/microsoftgraph/msgraph-beta-sdk-java/forks', 'keys_url': 'https://api.github.com/repos/microsoftgraph/msgraph-beta-sdk-java/keys{/key_id}', 'collaborators_url': 'https://api.github.com/repos/microsoftgraph/msgraph-beta-sdk-java/collaborators{/collaborator}', 'teams_url': 'https://api.github.com/repos/microsoftgraph/msgraph-beta-sdk-java/teams', 'hooks_url': 'https://api.github.com/repos/microsoftgraph/msgraph-beta-sdk-java/hooks', 'issue_events_url': 'https://api.github.com/repos/microsoftgraph/msgraph-beta-sdk-java/issues/events{/number}', 'events_url': 'https://api.github.com/repos/microsoftgraph/msgraph-beta-sdk-java/events', 'assignees_url': 'https://api.github.com/repos/microsoftgraph/msgraph-beta-sdk-java/assignees{/user}', 'branches_url': 'https://api.github.com/repos/microsoftgraph/msgraph-beta-sdk-java/branches{/branch}', 'tags_url': 'https://api.github.com/repos/microsoftgraph/msgraph-beta-sdk-java/tags', 'blobs_url': 'https://api.github.com/repos/microsoftgraph/msgraph-beta-sdk-java/git/blobs{/sha}', 'git_tags_url': 'https://api.github.com/repos/microsoftgraph/msgraph-beta-sdk-java/git/tags{/sha}', 'git_refs_url': 'https://api.github.com/repos/microsoftgraph/msgraph-beta-sdk-java/git/refs{/sha}', 'trees_url': 'https://api.github.com/repos/microsoftgraph/msgraph-beta-sdk-java/git/trees{/sha}', 'statuses_url': 'https://api.github.com/repos/microsoftgraph/msgraph-beta-sdk-java/statuses/{sha}', 'languages_url': 'https://api.github.com/repos/microsoftgraph/msgraph-beta-sdk-java/languages', 'stargazers_url': 'https://api.github.com/repos/microsoftgraph/msgraph-beta-sdk-java/stargazers', 'contributors_url': 'https://api.github.com/repos/microsoftgraph/msgraph-beta-sdk-java/contributors', 'subscribers_url': 'https://api.github.com/repos/microsoftgraph/msgraph-beta-sdk-java/subscribers', 'subscription_url': 'https://api.github.com/repos/microsoftgraph/msgraph-beta-sdk-java/subscription', 'commits_url': 'https://api.github.com/repos/microsoftgraph/msgraph-beta-sdk-java/commits{/sha}', 'git_commits_url': 'https://api.github.com/repos/microsoftgraph/msgraph-beta-sdk-java/git/commits{/sha}', 'comments_url': 'https://api.github.com/repos/microsoftgraph/msgraph-beta-sdk-java/comments{/number}', 'issue_comment_url': 'https://api.github.com/repos/microsoftgraph/msgraph-beta-sdk-java/issues/comments{/number}', 'contents_url': 'https://api.github.com/repos/microsoftgraph/msgraph-beta-sdk-java/contents/{+path}', 'compare_url': 'https://api.github.com/repos/microsoftgraph/msgraph-beta-sdk-java/compare/{base}...{head}', 'merges_url': 'https://api.github.com/repos/microsoftgraph/msgraph-beta-sdk-java/merges', 'archive_url': 'https://api.github.com/repos/microsoftgraph/msgraph-beta-sdk-java/{archive_format}{/ref}', 'downloads_url': 'https://api.github.com/repos/microsoftgraph/msgraph-beta-sdk-java/downloads', 'issues_url': 'https://api.github.com/repos/microsoftgraph/msgraph-beta-sdk-java/issues{/number}', 'pulls_url': 'https://api.github.com/repos/microsoftgraph/msgraph-beta-sdk-java/pulls{/number}', 'milestones_url': 'https://api.github.com/repos/microsoftgraph/msgraph-beta-sdk-java/milestones{/number}', 'notifications_url': 'https://api.github.com/repos/microsoftgraph/msgraph-beta-sdk-java/notifications{?since,all,participating}', 'labels_url': 'https://api.github.com/repos/microsoftgraph/msgraph-beta-sdk-java/labels{/name}', 'releases_url': 'https://api.github.com/repos/microsoftgraph/msgraph-beta-sdk-java/releases{/id}', 'deployments_url': 'https://api.github.com/repos/microsoftgraph/msgraph-beta-sdk-java/deployments', 'created_at': '2019-08-26T21:59:24Z', 'updated_at': '2022-04-15T21:56:29Z', 'pushed_at': '2022-04-22T16:19:29Z', 'git_url': 'git://github.com/microsoftgraph/msgraph-beta-sdk-java.git', 'ssh_url': 'git@github.com:microsoftgraph/msgraph-beta-sdk-java.git', 'clone_url': 'https://github.com/microsoftgraph/msgraph-beta-sdk-java.git', 'svn_url': 'https://github.com/microsoftgraph/msgraph-beta-sdk-java', 'homepage': 'https://docs.microsoft.com/en-us/graph/sdks/use-beta?tabs=Java', 'size': 46810, 'stargazers_count': 9, 'watchers_count': 9, 'language': 'Java', 'has_issues': True, 'has_projects': True, 'has_downloads': True, 'has_wiki': False, 'has_pages': False, 'forks_count': 5, 'mirror_url': None, 'archived': False, 'disabled': False, 'open_issues_count': 4, 'license': {'key': 'mit', 'name': 'MIT License', 'spdx_id': 'MIT', 'url': 'https://api.github.com/licenses/mit', 'node_id': 'MDc6TGljZW5zZTEz'}, 'allow_forking': True, 'is_template': False, 'topics': ['java', 'microsoft-graph', 'sdk'], 'visibility': 'public', 'forks': 5, 'open_issues': 4, 'watchers': 9, 'default_branch': 'dev'}}, 'base': {'label': 'microsoftgraph:dev', 'ref': 'dev', 'sha': '9ca621a928c080c022f77f6c03303a7eb5a1df04', 'user': {'login': 'microsoftgraph', 'id': 17304259, 'node_id': 'MDEyOk9yZ2FuaXphdGlvbjE3MzA0MjU5', 'avatar_url': 'https://avatars.githubusercontent.com/u/17304259?v=4', 'gravatar_id': '', 'url': 'https://api.github.com/users/microsoftgraph', 'html_url': 'https://github.com/microsoftgraph', 'followers_url': 'https://api.github.com/users/microsoftgraph/followers', 'following_url': 'https://api.github.com/users/microsoftgraph/following{/other_user}', 'gists_url': 'https://api.github.com/users/microsoftgraph/gists{/gist_id}', 'starred_url': 'https://api.github.com/users/microsoftgraph/starred{/owner}{/repo}', 'subscriptions_url': 'https://api.github.com/users/microsoftgraph/subscriptions', 'organizations_url': 'https://api.github.com/users/microsoftgraph/orgs', 'repos_url': 'https://api.github.com/users/microsoftgraph/repos', 'events_url': 'https://api.github.com/users/microsoftgraph/events{/privacy}', 'received_events_url': 'https://api.github.com/users/microsoftgraph/received_events', 'type': 'Organization', 'site_admin': False}, 'repo': {'id': 204568878, 'node_id': 'MDEwOlJlcG9zaXRvcnkyMDQ1Njg4Nzg=', 'name': 'msgraph-beta-sdk-java', 'full_name': 'microsoftgraph/msgraph-beta-sdk-java', 'private': False, 'owner': {'login': 'microsoftgraph', 'id': 17304259, 'node_id': 'MDEyOk9yZ2FuaXphdGlvbjE3MzA0MjU5', 'avatar_url': 'https://avatars.githubusercontent.com/u/17304259?v=4', 'gravatar_id': '', 'url': 'https://api.github.com/users/microsoftgraph', 'html_url': 'https://github.com/microsoftgraph', 'followers_url': 'https://api.github.com/users/microsoftgraph/followers', 'following_url': 'https://api.github.com/users/microsoftgraph/following{/other_user}', 'gists_url': 'https://api.github.com/users/microsoftgraph/gists{/gist_id}', 'starred_url': 'https://api.github.com/users/microsoftgraph/starred{/owner}{/repo}', 'subscriptions_url': 'https://api.github.com/users/microsoftgraph/subscriptions', 'organizations_url': 'https://api.github.com/users/microsoftgraph/orgs', 'repos_url': 'https://api.github.com/users/microsoftgraph/repos', 'events_url': 'https://api.github.com/users/microsoftgraph/events{/privacy}', 'received_events_url': 'https://api.github.com/users/microsoftgraph/received_events', 'type': 'Organization', 'site_admin': False}, 'html_url': 'https://github.com/microsoftgraph/msgraph-beta-sdk-java', 'description': 'Microsoft Graph Beta Java SDK', 'fork': False, 'url': 'https://api.github.com/repos/microsoftgraph/msgraph-beta-sdk-java', 'forks_url': 'https://api.github.com/repos/microsoftgraph/msgraph-beta-sdk-java/forks', 'keys_url': 'https://api.github.com/repos/microsoftgraph/msgraph-beta-sdk-java/keys{/key_id}', 'collaborators_url': 'https://api.github.com/repos/microsoftgraph/msgraph-beta-sdk-java/collaborators{/collaborator}', 'teams_url': 'https://api.github.com/repos/microsoftgraph/msgraph-beta-sdk-java/teams', 'hooks_url': 'https://api.github.com/repos/microsoftgraph/msgraph-beta-sdk-java/hooks', 'issue_events_url': 'https://api.github.com/repos/microsoftgraph/msgraph-beta-sdk-java/issues/events{/number}', 'events_url': 'https://api.github.com/repos/microsoftgraph/msgraph-beta-sdk-java/events', 'assignees_url': 'https://api.github.com/repos/microsoftgraph/msgraph-beta-sdk-java/assignees{/user}', 'branches_url': 'https://api.github.com/repos/microsoftgraph/msgraph-beta-sdk-java/branches{/branch}', 'tags_url': 'https://api.github.com/repos/microsoftgraph/msgraph-beta-sdk-java/tags', 'blobs_url': 'https://api.github.com/repos/microsoftgraph/msgraph-beta-sdk-java/git/blobs{/sha}', 'git_tags_url': 'https://api.github.com/repos/microsoftgraph/msgraph-beta-sdk-java/git/tags{/sha}', 'git_refs_url': 'https://api.github.com/repos/microsoftgraph/msgraph-beta-sdk-java/git/refs{/sha}', 'trees_url': 'https://api.github.com/repos/microsoftgraph/msgraph-beta-sdk-java/git/trees{/sha}', 'statuses_url': 'https://api.github.com/repos/microsoftgraph/msgraph-beta-sdk-java/statuses/{sha}', 'languages_url': 'https://api.github.com/repos/microsoftgraph/msgraph-beta-sdk-java/languages', 'stargazers_url': 'https://api.github.com/repos/microsoftgraph/msgraph-beta-sdk-java/stargazers', 'contributors_url': 'https://api.github.com/repos/microsoftgraph/msgraph-beta-sdk-java/contributors', 'subscribers_url': 'https://api.github.com/repos/microsoftgraph/msgraph-beta-sdk-java/subscribers', 'subscription_url': 'https://api.github.com/repos/microsoftgraph/msgraph-beta-sdk-java/subscription', 'commits_url': 'https://api.github.com/repos/microsoftgraph/msgraph-beta-sdk-java/commits{/sha}', 'git_commits_url': 'https://api.github.com/repos/microsoftgraph/msgraph-beta-sdk-java/git/commits{/sha}', 'comments_url': 'https://api.github.com/repos/microsoftgraph/msgraph-beta-sdk-java/comments{/number}', 'issue_comment_url': 'https://api.github.com/repos/microsoftgraph/msgraph-beta-sdk-java/issues/comments{/number}', 'contents_url': 'https://api.github.com/repos/microsoftgraph/msgraph-beta-sdk-java/contents/{+path}', 'compare_url': 'https://api.github.com/repos/microsoftgraph/msgraph-beta-sdk-java/compare/{base}...{head}', 'merges_url': 'https://api.github.com/repos/microsoftgraph/msgraph-beta-sdk-java/merges', 'archive_url': 'https://api.github.com/repos/microsoftgraph/msgraph-beta-sdk-java/{archive_format}{/ref}', 'downloads_url': 'https://api.github.com/repos/microsoftgraph/msgraph-beta-sdk-java/downloads', 'issues_url': 'https://api.github.com/repos/microsoftgraph/msgraph-beta-sdk-java/issues{/number}', 'pulls_url': 'https://api.github.com/repos/microsoftgraph/msgraph-beta-sdk-java/pulls{/number}', 'milestones_url': 'https://api.github.com/repos/microsoftgraph/msgraph-beta-sdk-java/milestones{/number}', 'notifications_url': 'https://api.github.com/repos/microsoftgraph/msgraph-beta-sdk-java/notifications{?since,all,participating}', 'labels_url': 'https://api.github.com/repos/microsoftgraph/msgraph-beta-sdk-java/labels{/name}', 'releases_url': 'https://api.github.com/repos/microsoftgraph/msgraph-beta-sdk-java/releases{/id}', 'deployments_url': 'https://api.github.com/repos/microsoftgraph/msgraph-beta-sdk-java/deployments', 'created_at': '2019-08-26T21:59:24Z', 'updated_at': '2022-04-15T21:56:29Z', 'pushed_at': '2022-04-22T16:19:29Z', 'git_url': 'git://github.com/microsoftgraph/msgraph-beta-sdk-java.git', 'ssh_url': 'git@github.com:microsoftgraph/msgraph-beta-sdk-java.git', 'clone_url': 'https://github.com/microsoftgraph/msgraph-beta-sdk-java.git', 'svn_url': 'https://github.com/microsoftgraph/msgraph-beta-sdk-java', 'homepage': 'https://docs.microsoft.com/en-us/graph/sdks/use-beta?tabs=Java', 'size': 46810, 'stargazers_count': 9, 'watchers_count': 9, 'language': 'Java', 'has_issues': True, 'has_projects': True, 'has_downloads': True, 'has_wiki': False, 'has_pages': False, 'forks_count': 5, 'mirror_url': None, 'archived': False, 'disabled': False, 'open_issues_count': 4, 'license': {'key': 'mit', 'name': 'MIT License', 'spdx_id': 'MIT', 'url': 'https://api.github.com/licenses/mit', 'node_id': 'MDc6TGljZW5zZTEz'}, 'allow_forking': True, 'is_template': False, 'topics': ['java', 'microsoft-graph', 'sdk'], 'visibility': 'public', 'forks': 5, 'open_issues': 4, 'watchers': 9, 'default_branch': 'dev'}}, '_links': {'self': {'href': 'https://api.github.com/repos/microsoftgraph/msgraph-beta-sdk-java/pulls/285'}, 'html': {'href': 'https://github.com/microsoftgraph/msgraph-beta-sdk-java/pull/285'}, 'issue': {'href': 'https://api.github.com/repos/microsoftgraph/msgraph-beta-sdk-java/issues/285'}, 'comments': {'href': 'https://api.github.com/repos/microsoftgraph/msgraph-beta-sdk-java/issues/285/comments'}, 'review_comments': {'href': 'https://api.github.com/repos/microsoftgraph/msgraph-beta-sdk-java/pulls/285/comments'}, 'review_comment': {'href': 'https://api.github.com/repos/microsoftgraph/msgraph-beta-sdk-java/pulls/comments{/number}'}, 'commits': {'href': 'https://api.github.com/repos/microsoftgraph/msgraph-beta-sdk-java/pulls/285/commits'}, 'statuses': {'href': 'https://api.github.com/repos/microsoftgraph/msgraph-beta-sdk-java/statuses/cb83030415ec0f593a1f8227f35ba81d17d9f77d'}}, 'author_association': 'CONTRIBUTOR', 'auto_merge': None, 'active_lock_reason': None, 'merged': True, 'mergeable': None, 'rebaseable': None, 'mergeable_state': 'unknown', 'merged_by': {'login': 'ramsessanchez', 'id': 63934382, 'node_id': 'MDQ6VXNlcjYzOTM0Mzgy', 'avatar_url': 'https://avatars.githubusercontent.com/u/63934382?v=4', 'gravatar_id': '', 'url': 'https://api.github.com/users/ramsessanchez', 'html_url': 'https://github.com/ramsessanchez', 'followers_url': 'https://api.github.com/users/ramsessanchez/followers', 'following_url': 'https://api.github.com/users/ramsessanchez/following{/other_user}', 'gists_url': 'https://api.github.com/users/ramsessanchez/gists{/gist_id}', 'starred_url': 'https://api.github.com/users/ramsessanchez/starred{/owner}{/repo}', 'subscriptions_url': 'https://api.github.com/users/ramsessanchez/subscriptions', 'organizations_url': 'https://api.github.com/users/ramsessanchez/orgs', 'repos_url': 'https://api.github.com/users/ramsessanchez/repos', 'events_url': 'https://api.github.com/users/ramsessanchez/events{/privacy}', 'received_events_url': 'https://api.github.com/users/ramsessanchez/received_events', 'type': 'User', 'site_admin': False}, 'comments': 0, 'review_comments': 0, 'maintainer_can_modify': False, 'commits': 1, 'additions': 1, 'deletions': 1, 'changed_files': 1}}",closed,Java
21421657255,PullRequestReviewEvent,microsoftgraph/msgraph-beta-sdk-java,0.0,2022-04-22T16:19:24Z,"{'action': 'created', 'review': {'id': 950316223, 'node_id': 'PRR_kwDODDF5Ls44pKy_', 'user': {'login': 'ramsessanchez', 'id': 63934382, 'node_id': 'MDQ6VXNlcjYzOTM0Mzgy', 'avatar_url': 'https://avatars.githubusercontent.com/u/63934382?v=4', 'gravatar_id': '', 'url': 'https://api.github.com/users/ramsessanchez', 'html_url': 'https://github.com/ramsessanchez', 'followers_url': 'https://api.github.com/users/ramsessanchez/followers', 'following_url': 'https://api.github.com/users/ramsessanchez/following{/other_user}', 'gists_url': 'https://api.github.com/users/ramsessanchez/gists{/gist_id}', 'starred_url': 'https://api.github.com/users/ramsessanchez/starred{/owner}{/repo}', 'subscriptions_url': 'https://api.github.com/users/ramsessanchez/subscriptions', 'organizations_url': 'https://api.github.com/users/ramsessanchez/orgs', 'repos_url': 'https://api.github.com/users/ramsessanchez/repos', 'events_url': 'https://api.github.com/users/ramsessanchez/events{/privacy}', 'received_events_url': 'https://api.github.com/users/ramsessanchez/received_events', 'type': 'User', 'site_admin': False}, 'body': '', 'commit_id': 'cb83030415ec0f593a1f8227f35ba81d17d9f77d', 'submitted_at': '2022-04-22T16:19:24Z', 'state': 'approved', 'html_url': 'https://github.com/microsoftgraph/msgraph-beta-sdk-java/pull/285#pullrequestreview-950316223', 'pull_request_url': 'https://api.github.com/repos/microsoftgraph/msgraph-beta-sdk-java/pulls/285', 'author_association': 'CONTRIBUTOR', '_links': {'html': {'href': 'https://github.com/microsoftgraph/msgraph-beta-sdk-java/pull/285#pullrequestreview-950316223'}, 'pull_request': {'href': 'https://api.github.com/repos/microsoftgraph/msgraph-beta-sdk-java/pulls/285'}}}, 'pull_request': {'url': 'https://api.github.com/repos/microsoftgraph/msgraph-beta-sdk-java/pulls/285', 'id': 916087908, 'node_id': 'PR_kwDODDF5Ls42mmRk', 'html_url': 'https://github.com/microsoftgraph/msgraph-beta-sdk-java/pull/285', 'diff_url': 'https://github.com/microsoftgraph/msgraph-beta-sdk-java/pull/285.diff', 'patch_url': 'https://github.com/microsoftgraph/msgraph-beta-sdk-java/pull/285.patch', 'issue_url': 'https://api.github.com/repos/microsoftgraph/msgraph-beta-sdk-java/issues/285', 'number': 285, 'state': 'open', 'locked': False, 'title': 'Bump mockito-inline from 4.5.0 to 4.5.1', 'user': {'login': 'dependabot[bot]', 'id': 49699333, 'node_id': 'MDM6Qm90NDk2OTkzMzM=', 'avatar_url': 'https://avatars.githubusercontent.com/in/29110?v=4', 'gravatar_id': '', 'url': 'https://api.github.com/users/dependabot%5Bbot%5D', 'html_url': 'https://github.com/apps/dependabot', 'followers_url': 'https://api.github.com/users/dependabot%5Bbot%5D/followers', 'following_url': 'https://api.github.com/users/dependabot%5Bbot%5D/following{/other_user}', 'gists_url': 'https://api.github.com/users/dependabot%5Bbot%5D/gists{/gist_id}', 'starred_url': 'https://api.github.com/users/dependabot%5Bbot%5D/starred{/owner}{/repo}', 'subscriptions_url': 'https://api.github.com/users/dependabot%5Bbot%5D/subscriptions', 'organizations_url': 'https://api.github.com/users/dependabot%5Bbot%5D/orgs', 'repos_url': 'https://api.github.com/users/dependabot%5Bbot%5D/repos', 'events_url': 'https://api.github.com/users/dependabot%5Bbot%5D/events{/privacy}', 'received_events_url': 'https://api.github.com/users/dependabot%5Bbot%5D/received_events', 'type': 'Bot', 'site_admin': False}, 'body': 'Bumps [mockito-inline](https://github.com/mockito/mockito) from 4.5.0 to 4.5.1.\n<details>\n<summary>Release notes</summary>\n<p><em>Sourced from <a href=""https://github.com/mockito/mockito/releases"">mockito-inline\'s releases</a>.</em></p>\n<blockquote>\n<h2>v4.5.1</h2>\n<p><!-- raw HTML omitted --><!-- raw HTML omitted --><em>Changelog generated by <a href=""https://github.com/shipkit/shipkit-changelog"">Shipkit Changelog Gradle Plugin</a></em><!-- raw HTML omitted --><!-- raw HTML omitted --></p>\n<h4>4.5.1</h4>\n<ul>\n<li>2022-04-21 - <a href=""https://github.com/mockito/mockito/compare/v4.5.0...v4.5.1"">2 commit(s)</a> by Jeremy Landis, dependabot[bot]</li>\n<li>Fixes <a href=""https://github-redirect.dependabot.com/mockito/mockito/issues/2623"">#2623</a>: Use zulu distribution and java 11 for release GHA job [(<a href=""https://github-redirect.dependabot.com/mockito/mockito/issues/2624"">#2624</a>)](<a href=""https://github-redirect.dependabot.com/mockito/mockito/pull/2624"">mockito/mockito#2624</a>)</li>\n<li>Missing errorprone module for 4.5.0 in central as release was done with jdk 8 [(<a href=""https://github-redirect.dependabot.com/mockito/mockito/issues/2623"">#2623</a>)](<a href=""https://github-redirect.dependabot.com/mockito/mockito/issues/2623"">mockito/mockito#2623</a>)</li>\n<li>Bump kotlinVersion from 1.6.20 to 1.6.21 [(<a href=""https://github-redirect.dependabot.com/mockito/mockito/issues/2622"">#2622</a>)](<a href=""https://github-redirect.dependabot.com/mockito/mockito/pull/2622"">mockito/mockito#2622</a>)</li>\n</ul>\n</blockquote>\n</details>\n<details>\n<summary>Commits</summary>\n<ul>\n<li><a href=""https://github.com/mockito/mockito/commit/737f0a3517256af6ade37fd0e776a2bb230de553""><code>737f0a3</code></a> Fixes <a href=""https://github-redirect.dependabot.com/mockito/mockito/issues/2623"">#2623</a>: Use zulu distribution and java 11 for release GHA job (<a href=""https://github-redirect.dependabot.com/mockito/mockito/issues/2624"">#2624</a>)</li>\n<li><a href=""https://github.com/mockito/mockito/commit/f48d794ad14982a134fd14dd2aef03477b699dc6""><code>f48d794</code></a> Bump kotlinVersion from 1.6.20 to 1.6.21 (<a href=""https://github-redirect.dependabot.com/mockito/mockito/issues/2622"">#2622</a>)</li>\n<li>See full diff in <a href=""https://github.com/mockito/mockito/compare/v4.5.0...v4.5.1"">compare view</a></li>\n</ul>\n</details>\n<br />\n\n\n[![Dependabot compatibility score](https://dependabot-badges.githubapp.com/badges/compatibility_score?dependency-name=org.mockito:mockito-inline&package-manager=gradle&previous-version=4.5.0&new-version=4.5.1)](https://docs.github.com/en/github/managing-security-vulnerabilities/about-dependabot-security-updates#about-compatibility-scores)\n\nDependabot will resolve any conflicts with this PR as long as you don\'t alter it yourself. You can also trigger a rebase manually by commenting `@dependabot rebase`.\n\n[//]: # (dependabot-automerge-start)\n[//]: # (dependabot-automerge-end)\n\n---\n\n<details>\n<summary>Dependabot commands and options</summary>\n<br />\n\nYou can trigger Dependabot actions by commenting on this PR:\n- `@dependabot rebase` will rebase this PR\n- `@dependabot recreate` will recreate this PR, overwriting any edits that have been made to it\n- `@dependabot merge` will merge this PR after your CI passes on it\n- `@dependabot squash and merge` will squash and merge this PR after your CI passes on it\n- `@dependabot cancel merge` will cancel a previously requested merge and block automerging\n- `@dependabot reopen` will reopen this PR if it is closed\n- `@dependabot close` will close this PR and stop Dependabot recreating it. You can achieve the same result by closing it manually\n- `@dependabot ignore this major version` will close this PR and stop Dependabot creating any more for this major version (unless you reopen the PR or upgrade to it yourself)\n- `@dependabot ignore this minor version` will close this PR and stop Dependabot creating any more for this minor version (unless you reopen the PR or upgrade to it yourself)\n- `@dependabot ignore this dependency` will close this PR and stop Dependabot creating any more for this dependency (unless you reopen the PR or upgrade to it yourself)\n\n\n</details>\n\n###### Microsoft Reviewers: [Open in CodeFlow](https://portal.fabricbot.ms/api/codeflow?pullrequest=https://github.com/microsoftgraph/msgraph-beta-sdk-java/pull/285)', 'created_at': '2022-04-22T07:03:39Z', 'updated_at': '2022-04-22T16:19:24Z', 'closed_at': None, 'merged_at': None, 'merge_commit_sha': '30a7dd062dec5ab8c1abda7eaedff58aa66017c9', 'assignee': None, 'assignees': [], 'requested_reviewers': [{'login': 'zengin', 'id': 803311, 'node_id': 'MDQ6VXNlcjgwMzMxMQ==', 'avatar_url': 'https://avatars.githubusercontent.com/u/803311?v=4', 'gravatar_id': '', 'url': 'https://api.github.com/users/zengin', 'html_url': 'https://github.com/zengin', 'followers_url': 'https://api.github.com/users/zengin/followers', 'following_url': 'https://api.github.com/users/zengin/following{/other_user}', 'gists_url': 'https://api.github.com/users/zengin/gists{/gist_id}', 'starred_url': 'https://api.github.com/users/zengin/starred{/owner}{/repo}', 'subscriptions_url': 'https://api.github.com/users/zengin/subscriptions', 'organizations_url': 'https://api.github.com/users/zengin/orgs', 'repos_url': 'https://api.github.com/users/zengin/repos', 'events_url': 'https://api.github.com/users/zengin/events{/privacy}', 'received_events_url': 'https://api.github.com/users/zengin/received_events', 'type': 'User', 'site_admin': False}, {'login': 'baywet', 'id': 7905502, 'node_id': 'MDQ6VXNlcjc5MDU1MDI=', 'avatar_url': 'https://avatars.githubusercontent.com/u/7905502?v=4', 'gravatar_id': '', 'url': 'https://api.github.com/users/baywet', 'html_url': 'https://github.com/baywet', 'followers_url': 'https://api.github.com/users/baywet/followers', 'following_url': 'https://api.github.com/users/baywet/following{/other_user}', 'gists_url': 'https://api.github.com/users/baywet/gists{/gist_id}', 'starred_url': 'https://api.github.com/users/baywet/starred{/owner}{/repo}', 'subscriptions_url': 'https://api.github.com/users/baywet/subscriptions', 'organizations_url': 'https://api.github.com/users/baywet/orgs', 'repos_url': 'https://api.github.com/users/baywet/repos', 'events_url': 'https://api.github.com/users/baywet/events{/privacy}', 'received_events_url': 'https://api.github.com/users/baywet/received_events', 'type': 'User', 'site_admin': False}, {'login': 'MIchaelMainer', 'id': 8527305, 'node_id': 'MDQ6VXNlcjg1MjczMDU=', 'avatar_url': 'https://avatars.githubusercontent.com/u/8527305?v=4', 'gravatar_id': '', 'url': 'https://api.github.com/users/MIchaelMainer', 'html_url': 'https://github.com/MIchaelMainer', 'followers_url': 'https://api.github.com/users/MIchaelMainer/followers', 'following_url': 'https://api.github.com/users/MIchaelMainer/following{/other_user}', 'gists_url': 'https://api.github.com/users/MIchaelMainer/gists{/gist_id}', 'starred_url': 'https://api.github.com/users/MIchaelMainer/starred{/owner}{/repo}', 'subscriptions_url': 'https://api.github.com/users/MIchaelMainer/subscriptions', 'organizations_url': 'https://api.github.com/users/MIchaelMainer/orgs', 'repos_url': 'https://api.github.com/users/MIchaelMainer/repos', 'events_url': 'https://api.github.com/users/MIchaelMainer/events{/privacy}', 'received_events_url': 'https://api.github.com/users/MIchaelMainer/received_events', 'type': 'User', 'site_admin': False}, {'login': 'ddyett', 'id': 20829981, 'node_id': 'MDQ6VXNlcjIwODI5OTgx', 'avatar_url': 'https://avatars.githubusercontent.com/u/20829981?v=4', 'gravatar_id': '', 'url': 'https://api.github.com/users/ddyett', 'html_url': 'https://github.com/ddyett', 'followers_url': 'https://api.github.com/users/ddyett/followers', 'following_url': 'https://api.github.com/users/ddyett/following{/other_user}', 'gists_url': 'https://api.github.com/users/ddyett/gists{/gist_id}', 'starred_url': 'https://api.github.com/users/ddyett/starred{/owner}{/repo}', 'subscriptions_url': 'https://api.github.com/users/ddyett/subscriptions', 'organizations_url': 'https://api.github.com/users/ddyett/orgs', 'repos_url': 'https://api.github.com/users/ddyett/repos', 'events_url': 'https://api.github.com/users/ddyett/events{/privacy}', 'received_events_url': 'https://api.github.com/users/ddyett/received_events', 'type': 'User', 'site_admin': False}, {'login': 'nikithauc', 'id': 23219007, 'node_id': 'MDQ6VXNlcjIzMjE5MDA3', 'avatar_url': 'https://avatars.githubusercontent.com/u/23219007?v=4', 'gravatar_id': '', 'url': 'https://api.github.com/users/nikithauc', 'html_url': 'https://github.com/nikithauc', 'followers_url': 'https://api.github.com/users/nikithauc/followers', 'following_url': 'https://api.github.com/users/nikithauc/following{/other_user}', 'gists_url': 'https://api.github.com/users/nikithauc/gists{/gist_id}', 'starred_url': 'https://api.github.com/users/nikithauc/starred{/owner}{/repo}', 'subscriptions_url': 'https://api.github.com/users/nikithauc/subscriptions', 'organizations_url': 'https://api.github.com/users/nikithauc/orgs', 'repos_url': 'https://api.github.com/users/nikithauc/repos', 'events_url': 'https://api.github.com/users/nikithauc/events{/privacy}', 'received_events_url': 'https://api.github.com/users/nikithauc/received_events', 'type': 'User', 'site_admin': False}], 'requested_teams': [], 'labels': [{'id': 2308294196, 'node_id': 'MDU6TGFiZWwyMzA4Mjk0MTk2', 'url': 'https://api.github.com/repos/microsoftgraph/msgraph-beta-sdk-java/labels/dependencies', 'name': 'dependencies', 'color': '0366d6', 'default': False, 'description': 'Pull requests that update a dependency file'}, {'id': 2308294204, 'node_id': 'MDU6TGFiZWwyMzA4Mjk0MjA0', 'url': 'https://api.github.com/repos/microsoftgraph/msgraph-beta-sdk-java/labels/java', 'name': 'java', 'color': 'ffa221', 'default': False, 'description': 'Pull requests that update Java code'}], 'milestone': None, 'draft': False, 'commits_url': 'https://api.github.com/repos/microsoftgraph/msgraph-beta-sdk-java/pulls/285/commits', 'review_comments_url': 'https://api.github.com/repos/microsoftgraph/msgraph-beta-sdk-java/pulls/285/comments', 'review_comment_url': 'https://api.github.com/repos/microsoftgraph/msgraph-beta-sdk-java/pulls/comments{/number}', 'comments_url': 'https://api.github.com/repos/microsoftgraph/msgraph-beta-sdk-java/issues/285/comments', 'statuses_url': 'https://api.github.com/repos/microsoftgraph/msgraph-beta-sdk-java/statuses/cb83030415ec0f593a1f8227f35ba81d17d9f77d', 'head': {'label': 'microsoftgraph:dependabot/gradle/org.mockito-mockito-inline-4.5.1', 'ref': 'dependabot/gradle/org.mockito-mockito-inline-4.5.1', 'sha': 'cb83030415ec0f593a1f8227f35ba81d17d9f77d', 'user': {'login': 'microsoftgraph', 'id': 17304259, 'node_id': 'MDEyOk9yZ2FuaXphdGlvbjE3MzA0MjU5', 'avatar_url': 'https://avatars.githubusercontent.com/u/17304259?v=4', 'gravatar_id': '', 'url': 'https://api.github.com/users/microsoftgraph', 'html_url': 'https://github.com/microsoftgraph', 'followers_url': 'https://api.github.com/users/microsoftgraph/followers', 'following_url': 'https://api.github.com/users/microsoftgraph/following{/other_user}', 'gists_url': 'https://api.github.com/users/microsoftgraph/gists{/gist_id}', 'starred_url': 'https://api.github.com/users/microsoftgraph/starred{/owner}{/repo}', 'subscriptions_url': 'https://api.github.com/users/microsoftgraph/subscriptions', 'organizations_url': 'https://api.github.com/users/microsoftgraph/orgs', 'repos_url': 'https://api.github.com/users/microsoftgraph/repos', 'events_url': 'https://api.github.com/users/microsoftgraph/events{/privacy}', 'received_events_url': 'https://api.github.com/users/microsoftgraph/received_events', 'type': 'Organization', 'site_admin': False}, 'repo': {'id': 204568878, 'node_id': 'MDEwOlJlcG9zaXRvcnkyMDQ1Njg4Nzg=', 'name': 'msgraph-beta-sdk-java', 'full_name': 'microsoftgraph/msgraph-beta-sdk-java', 'private': False, 'owner': {'login': 'microsoftgraph', 'id': 17304259, 'node_id': 'MDEyOk9yZ2FuaXphdGlvbjE3MzA0MjU5', 'avatar_url': 'https://avatars.githubusercontent.com/u/17304259?v=4', 'gravatar_id': '', 'url': 'https://api.github.com/users/microsoftgraph', 'html_url': 'https://github.com/microsoftgraph', 'followers_url': 'https://api.github.com/users/microsoftgraph/followers', 'following_url': 'https://api.github.com/users/microsoftgraph/following{/other_user}', 'gists_url': 'https://api.github.com/users/microsoftgraph/gists{/gist_id}', 'starred_url': 'https://api.github.com/users/microsoftgraph/starred{/owner}{/repo}', 'subscriptions_url': 'https://api.github.com/users/microsoftgraph/subscriptions', 'organizations_url': 'https://api.github.com/users/microsoftgraph/orgs', 'repos_url': 'https://api.github.com/users/microsoftgraph/repos', 'events_url': 'https://api.github.com/users/microsoftgraph/events{/privacy}', 'received_events_url': 'https://api.github.com/users/microsoftgraph/received_events', 'type': 'Organization', 'site_admin': False}, 'html_url': 'https://github.com/microsoftgraph/msgraph-beta-sdk-java', 'description': 'Microsoft Graph Beta Java SDK', 'fork': False, 'url': 'https://api.github.com/repos/microsoftgraph/msgraph-beta-sdk-java', 'forks_url': 'https://api.github.com/repos/microsoftgraph/msgraph-beta-sdk-java/forks', 'keys_url': 'https://api.github.com/repos/microsoftgraph/msgraph-beta-sdk-java/keys{/key_id}', 'collaborators_url': 'https://api.github.com/repos/microsoftgraph/msgraph-beta-sdk-java/collaborators{/collaborator}', 'teams_url': 'https://api.github.com/repos/microsoftgraph/msgraph-beta-sdk-java/teams', 'hooks_url': 'https://api.github.com/repos/microsoftgraph/msgraph-beta-sdk-java/hooks', 'issue_events_url': 'https://api.github.com/repos/microsoftgraph/msgraph-beta-sdk-java/issues/events{/number}', 'events_url': 'https://api.github.com/repos/microsoftgraph/msgraph-beta-sdk-java/events', 'assignees_url': 'https://api.github.com/repos/microsoftgraph/msgraph-beta-sdk-java/assignees{/user}', 'branches_url': 'https://api.github.com/repos/microsoftgraph/msgraph-beta-sdk-java/branches{/branch}', 'tags_url': 'https://api.github.com/repos/microsoftgraph/msgraph-beta-sdk-java/tags', 'blobs_url': 'https://api.github.com/repos/microsoftgraph/msgraph-beta-sdk-java/git/blobs{/sha}', 'git_tags_url': 'https://api.github.com/repos/microsoftgraph/msgraph-beta-sdk-java/git/tags{/sha}', 'git_refs_url': 'https://api.github.com/repos/microsoftgraph/msgraph-beta-sdk-java/git/refs{/sha}', 'trees_url': 'https://api.github.com/repos/microsoftgraph/msgraph-beta-sdk-java/git/trees{/sha}', 'statuses_url': 'https://api.github.com/repos/microsoftgraph/msgraph-beta-sdk-java/statuses/{sha}', 'languages_url': 'https://api.github.com/repos/microsoftgraph/msgraph-beta-sdk-java/languages', 'stargazers_url': 'https://api.github.com/repos/microsoftgraph/msgraph-beta-sdk-java/stargazers', 'contributors_url': 'https://api.github.com/repos/microsoftgraph/msgraph-beta-sdk-java/contributors', 'subscribers_url': 'https://api.github.com/repos/microsoftgraph/msgraph-beta-sdk-java/subscribers', 'subscription_url': 'https://api.github.com/repos/microsoftgraph/msgraph-beta-sdk-java/subscription', 'commits_url': 'https://api.github.com/repos/microsoftgraph/msgraph-beta-sdk-java/commits{/sha}', 'git_commits_url': 'https://api.github.com/repos/microsoftgraph/msgraph-beta-sdk-java/git/commits{/sha}', 'comments_url': 'https://api.github.com/repos/microsoftgraph/msgraph-beta-sdk-java/comments{/number}', 'issue_comment_url': 'https://api.github.com/repos/microsoftgraph/msgraph-beta-sdk-java/issues/comments{/number}', 'contents_url': 'https://api.github.com/repos/microsoftgraph/msgraph-beta-sdk-java/contents/{+path}', 'compare_url': 'https://api.github.com/repos/microsoftgraph/msgraph-beta-sdk-java/compare/{base}...{head}', 'merges_url': 'https://api.github.com/repos/microsoftgraph/msgraph-beta-sdk-java/merges', 'archive_url': 'https://api.github.com/repos/microsoftgraph/msgraph-beta-sdk-java/{archive_format}{/ref}', 'downloads_url': 'https://api.github.com/repos/microsoftgraph/msgraph-beta-sdk-java/downloads', 'issues_url': 'https://api.github.com/repos/microsoftgraph/msgraph-beta-sdk-java/issues{/number}', 'pulls_url': 'https://api.github.com/repos/microsoftgraph/msgraph-beta-sdk-java/pulls{/number}', 'milestones_url': 'https://api.github.com/repos/microsoftgraph/msgraph-beta-sdk-java/milestones{/number}', 'notifications_url': 'https://api.github.com/repos/microsoftgraph/msgraph-beta-sdk-java/notifications{?since,all,participating}', 'labels_url': 'https://api.github.com/repos/microsoftgraph/msgraph-beta-sdk-java/labels{/name}', 'releases_url': 'https://api.github.com/repos/microsoftgraph/msgraph-beta-sdk-java/releases{/id}', 'deployments_url': 'https://api.github.com/repos/microsoftgraph/msgraph-beta-sdk-java/deployments', 'created_at': '2019-08-26T21:59:24Z', 'updated_at': '2022-04-15T21:56:29Z', 'pushed_at': '2022-04-22T07:29:15Z', 'git_url': 'git://github.com/microsoftgraph/msgraph-beta-sdk-java.git', 'ssh_url': 'git@github.com:microsoftgraph/msgraph-beta-sdk-java.git', 'clone_url': 'https://github.com/microsoftgraph/msgraph-beta-sdk-java.git', 'svn_url': 'https://github.com/microsoftgraph/msgraph-beta-sdk-java', 'homepage': 'https://docs.microsoft.com/en-us/graph/sdks/use-beta?tabs=Java', 'size': 46810, 'stargazers_count': 9, 'watchers_count': 9, 'language': 'Java', 'has_issues': True, 'has_projects': True, 'has_downloads': True, 'has_wiki': False, 'has_pages': False, 'forks_count': 5, 'mirror_url': None, 'archived': False, 'disabled': False, 'open_issues_count': 5, 'license': {'key': 'mit', 'name': 'MIT License', 'spdx_id': 'MIT', 'url': 'https://api.github.com/licenses/mit', 'node_id': 'MDc6TGljZW5zZTEz'}, 'allow_forking': True, 'is_template': False, 'topics': ['java', 'microsoft-graph', 'sdk'], 'visibility': 'public', 'forks': 5, 'open_issues': 5, 'watchers': 9, 'default_branch': 'dev'}}, 'base': {'label': 'microsoftgraph:dev', 'ref': 'dev', 'sha': '9ca621a928c080c022f77f6c03303a7eb5a1df04', 'user': {'login': 'microsoftgraph', 'id': 17304259, 'node_id': 'MDEyOk9yZ2FuaXphdGlvbjE3MzA0MjU5', 'avatar_url': 'https://avatars.githubusercontent.com/u/17304259?v=4', 'gravatar_id': '', 'url': 'https://api.github.com/users/microsoftgraph', 'html_url': 'https://github.com/microsoftgraph', 'followers_url': 'https://api.github.com/users/microsoftgraph/followers', 'following_url': 'https://api.github.com/users/microsoftgraph/following{/other_user}', 'gists_url': 'https://api.github.com/users/microsoftgraph/gists{/gist_id}', 'starred_url': 'https://api.github.com/users/microsoftgraph/starred{/owner}{/repo}', 'subscriptions_url': 'https://api.github.com/users/microsoftgraph/subscriptions', 'organizations_url': 'https://api.github.com/users/microsoftgraph/orgs', 'repos_url': 'https://api.github.com/users/microsoftgraph/repos', 'events_url': 'https://api.github.com/users/microsoftgraph/events{/privacy}', 'received_events_url': 'https://api.github.com/users/microsoftgraph/received_events', 'type': 'Organization', 'site_admin': False}, 'repo': {'id': 204568878, 'node_id': 'MDEwOlJlcG9zaXRvcnkyMDQ1Njg4Nzg=', 'name': 'msgraph-beta-sdk-java', 'full_name': 'microsoftgraph/msgraph-beta-sdk-java', 'private': False, 'owner': {'login': 'microsoftgraph', 'id': 17304259, 'node_id': 'MDEyOk9yZ2FuaXphdGlvbjE3MzA0MjU5', 'avatar_url': 'https://avatars.githubusercontent.com/u/17304259?v=4', 'gravatar_id': '', 'url': 'https://api.github.com/users/microsoftgraph', 'html_url': 'https://github.com/microsoftgraph', 'followers_url': 'https://api.github.com/users/microsoftgraph/followers', 'following_url': 'https://api.github.com/users/microsoftgraph/following{/other_user}', 'gists_url': 'https://api.github.com/users/microsoftgraph/gists{/gist_id}', 'starred_url': 'https://api.github.com/users/microsoftgraph/starred{/owner}{/repo}', 'subscriptions_url': 'https://api.github.com/users/microsoftgraph/subscriptions', 'organizations_url': 'https://api.github.com/users/microsoftgraph/orgs', 'repos_url': 'https://api.github.com/users/microsoftgraph/repos', 'events_url': 'https://api.github.com/users/microsoftgraph/events{/privacy}', 'received_events_url': 'https://api.github.com/users/microsoftgraph/received_events', 'type': 'Organization', 'site_admin': False}, 'html_url': 'https://github.com/microsoftgraph/msgraph-beta-sdk-java', 'description': 'Microsoft Graph Beta Java SDK', 'fork': False, 'url': 'https://api.github.com/repos/microsoftgraph/msgraph-beta-sdk-java', 'forks_url': 'https://api.github.com/repos/microsoftgraph/msgraph-beta-sdk-java/forks', 'keys_url': 'https://api.github.com/repos/microsoftgraph/msgraph-beta-sdk-java/keys{/key_id}', 'collaborators_url': 'https://api.github.com/repos/microsoftgraph/msgraph-beta-sdk-java/collaborators{/collaborator}', 'teams_url': 'https://api.github.com/repos/microsoftgraph/msgraph-beta-sdk-java/teams', 'hooks_url': 'https://api.github.com/repos/microsoftgraph/msgraph-beta-sdk-java/hooks', 'issue_events_url': 'https://api.github.com/repos/microsoftgraph/msgraph-beta-sdk-java/issues/events{/number}', 'events_url': 'https://api.github.com/repos/microsoftgraph/msgraph-beta-sdk-java/events', 'assignees_url': 'https://api.github.com/repos/microsoftgraph/msgraph-beta-sdk-java/assignees{/user}', 'branches_url': 'https://api.github.com/repos/microsoftgraph/msgraph-beta-sdk-java/branches{/branch}', 'tags_url': 'https://api.github.com/repos/microsoftgraph/msgraph-beta-sdk-java/tags', 'blobs_url': 'https://api.github.com/repos/microsoftgraph/msgraph-beta-sdk-java/git/blobs{/sha}', 'git_tags_url': 'https://api.github.com/repos/microsoftgraph/msgraph-beta-sdk-java/git/tags{/sha}', 'git_refs_url': 'https://api.github.com/repos/microsoftgraph/msgraph-beta-sdk-java/git/refs{/sha}', 'trees_url': 'https://api.github.com/repos/microsoftgraph/msgraph-beta-sdk-java/git/trees{/sha}', 'statuses_url': 'https://api.github.com/repos/microsoftgraph/msgraph-beta-sdk-java/statuses/{sha}', 'languages_url': 'https://api.github.com/repos/microsoftgraph/msgraph-beta-sdk-java/languages', 'stargazers_url': 'https://api.github.com/repos/microsoftgraph/msgraph-beta-sdk-java/stargazers', 'contributors_url': 'https://api.github.com/repos/microsoftgraph/msgraph-beta-sdk-java/contributors', 'subscribers_url': 'https://api.github.com/repos/microsoftgraph/msgraph-beta-sdk-java/subscribers', 'subscription_url': 'https://api.github.com/repos/microsoftgraph/msgraph-beta-sdk-java/subscription', 'commits_url': 'https://api.github.com/repos/microsoftgraph/msgraph-beta-sdk-java/commits{/sha}', 'git_commits_url': 'https://api.github.com/repos/microsoftgraph/msgraph-beta-sdk-java/git/commits{/sha}', 'comments_url': 'https://api.github.com/repos/microsoftgraph/msgraph-beta-sdk-java/comments{/number}', 'issue_comment_url': 'https://api.github.com/repos/microsoftgraph/msgraph-beta-sdk-java/issues/comments{/number}', 'contents_url': 'https://api.github.com/repos/microsoftgraph/msgraph-beta-sdk-java/contents/{+path}', 'compare_url': 'https://api.github.com/repos/microsoftgraph/msgraph-beta-sdk-java/compare/{base}...{head}', 'merges_url': 'https://api.github.com/repos/microsoftgraph/msgraph-beta-sdk-java/merges', 'archive_url': 'https://api.github.com/repos/microsoftgraph/msgraph-beta-sdk-java/{archive_format}{/ref}', 'downloads_url': 'https://api.github.com/repos/microsoftgraph/msgraph-beta-sdk-java/downloads', 'issues_url': 'https://api.github.com/repos/microsoftgraph/msgraph-beta-sdk-java/issues{/number}', 'pulls_url': 'https://api.github.com/repos/microsoftgraph/msgraph-beta-sdk-java/pulls{/number}', 'milestones_url': 'https://api.github.com/repos/microsoftgraph/msgraph-beta-sdk-java/milestones{/number}', 'notifications_url': 'https://api.github.com/repos/microsoftgraph/msgraph-beta-sdk-java/notifications{?since,all,participating}', 'labels_url': 'https://api.github.com/repos/microsoftgraph/msgraph-beta-sdk-java/labels{/name}', 'releases_url': 'https://api.github.com/repos/microsoftgraph/msgraph-beta-sdk-java/releases{/id}', 'deployments_url': 'https://api.github.com/repos/microsoftgraph/msgraph-beta-sdk-java/deployments', 'created_at': '2019-08-26T21:59:24Z', 'updated_at': '2022-04-15T21:56:29Z', 'pushed_at': '2022-04-22T07:29:15Z', 'git_url': 'git://github.com/microsoftgraph/msgraph-beta-sdk-java.git', 'ssh_url': 'git@github.com:microsoftgraph/msgraph-beta-sdk-java.git', 'clone_url': 'https://github.com/microsoftgraph/msgraph-beta-sdk-java.git', 'svn_url': 'https://github.com/microsoftgraph/msgraph-beta-sdk-java', 'homepage': 'https://docs.microsoft.com/en-us/graph/sdks/use-beta?tabs=Java', 'size': 46810, 'stargazers_count': 9, 'watchers_count': 9, 'language': 'Java', 'has_issues': True, 'has_projects': True, 'has_downloads': True, 'has_wiki': False, 'has_pages': False, 'forks_count': 5, 'mirror_url': None, 'archived': False, 'disabled': False, 'open_issues_count': 5, 'license': {'key': 'mit', 'name': 'MIT License', 'spdx_id': 'MIT', 'url': 'https://api.github.com/licenses/mit', 'node_id': 'MDc6TGljZW5zZTEz'}, 'allow_forking': True, 'is_template': False, 'topics': ['java', 'microsoft-graph', 'sdk'], 'visibility': 'public', 'forks': 5, 'open_issues': 5, 'watchers': 9, 'default_branch': 'dev'}}, '_links': {'self': {'href': 'https://api.github.com/repos/microsoftgraph/msgraph-beta-sdk-java/pulls/285'}, 'html': {'href': 'https://github.com/microsoftgraph/msgraph-beta-sdk-java/pull/285'}, 'issue': {'href': 'https://api.github.com/repos/microsoftgraph/msgraph-beta-sdk-java/issues/285'}, 'comments': {'href': 'https://api.github.com/repos/microsoftgraph/msgraph-beta-sdk-java/issues/285/comments'}, 'review_comments': {'href': 'https://api.github.com/repos/microsoftgraph/msgraph-beta-sdk-java/pulls/285/comments'}, 'review_comment': {'href': 'https://api.github.com/repos/microsoftgraph/msgraph-beta-sdk-java/pulls/comments{/number}'}, 'commits': {'href': 'https://api.github.com/repos/microsoftgraph/msgraph-beta-sdk-java/pulls/285/commits'}, 'statuses': {'href': 'https://api.github.com/repos/microsoftgraph/msgraph-beta-sdk-java/statuses/cb83030415ec0f593a1f8227f35ba81d17d9f77d'}}, 'author_association': 'CONTRIBUTOR', 'auto_merge': None, 'active_lock_reason': None}}",created,Java
21421650505,PushEvent,microsoftgraph/msgraph-sdk-java,0.0,2022-04-22T16:18:59Z,"{'push_id': 9694892716, 'size': 2, 'distinct_size': 2, 'ref': 'refs/heads/dev', 'head': '7e1ab03f9699ae0e0043e02e673d050fdc637019', 'before': '5e9c9f5653941ccb90cac61713f81cc5dcefe34f', 'commits': [{'sha': '0bab726df2796037f5a6ab7a85a280c3c345bb27', 'author': {'email': '49699333+dependabot[bot]@users.noreply.github.com', 'name': 'dependabot[bot]'}, 'message': 'Bump android-actions/setup-android from 2.0.7 to 2.0.8\n\nBumps [android-actions/setup-android](https://github.com/android-actions/setup-android) from 2.0.7 to 2.0.8.\n- [Release notes](https://github.com/android-actions/setup-android/releases)\n- [Commits](https://github.com/android-actions/setup-android/compare/v2.0.7...v2.0.8)\n\n---\nupdated-dependencies:\n- dependency-name: android-actions/setup-android\n  dependency-type: direct:production\n  update-type: version-update:semver-patch\n...\n\nSigned-off-by: dependabot[bot] <support@github.com>', 'distinct': True, 'url': 'https://api.github.com/repos/microsoftgraph/msgraph-sdk-java/commits/0bab726df2796037f5a6ab7a85a280c3c345bb27'}, {'sha': '7e1ab03f9699ae0e0043e02e673d050fdc637019', 'author': {'email': '63934382+ramsessanchez@users.noreply.github.com', 'name': 'ramsessanchez'}, 'message': 'Merge pull request #1055 from microsoftgraph/dependabot/github_actions/android-actions/setup-android-2.0.8\n\nBump android-actions/setup-android from 2.0.7 to 2.0.8', 'distinct': True, 'url': 'https://api.github.com/repos/microsoftgraph/msgraph-sdk-java/commits/7e1ab03f9699ae0e0043e02e673d050fdc637019'}]}",,Java
21421650355,DeleteEvent,microsoftgraph/msgraph-sdk-java,0.0,2022-04-22T16:18:58Z,"{'ref': 'dependabot/github_actions/android-actions/setup-android-2.0.8', 'ref_type': 'branch', 'pusher_type': 'user'}",,Java
21421650287,PullRequestEvent,microsoftgraph/msgraph-sdk-java,0.0,2022-04-22T16:18:58Z,"{'action': 'closed', 'number': 1055, 'pull_request': {'url': 'https://api.github.com/repos/microsoftgraph/msgraph-sdk-java/pulls/1055', 'id': 916015939, 'node_id': 'PR_kwDOBig9Oc42mUtD', 'html_url': 'https://github.com/microsoftgraph/msgraph-sdk-java/pull/1055', 'diff_url': 'https://github.com/microsoftgraph/msgraph-sdk-java/pull/1055.diff', 'patch_url': 'https://github.com/microsoftgraph/msgraph-sdk-java/pull/1055.patch', 'issue_url': 'https://api.github.com/repos/microsoftgraph/msgraph-sdk-java/issues/1055', 'number': 1055, 'state': 'closed', 'locked': False, 'title': 'Bump android-actions/setup-android from 2.0.7 to 2.0.8', 'user': {'login': 'dependabot[bot]', 'id': 49699333, 'node_id': 'MDM6Qm90NDk2OTkzMzM=', 'avatar_url': 'https://avatars.githubusercontent.com/in/29110?v=4', 'gravatar_id': '', 'url': 'https://api.github.com/users/dependabot%5Bbot%5D', 'html_url': 'https://github.com/apps/dependabot', 'followers_url': 'https://api.github.com/users/dependabot%5Bbot%5D/followers', 'following_url': 'https://api.github.com/users/dependabot%5Bbot%5D/following{/other_user}', 'gists_url': 'https://api.github.com/users/dependabot%5Bbot%5D/gists{/gist_id}', 'starred_url': 'https://api.github.com/users/dependabot%5Bbot%5D/starred{/owner}{/repo}', 'subscriptions_url': 'https://api.github.com/users/dependabot%5Bbot%5D/subscriptions', 'organizations_url': 'https://api.github.com/users/dependabot%5Bbot%5D/orgs', 'repos_url': 'https://api.github.com/users/dependabot%5Bbot%5D/repos', 'events_url': 'https://api.github.com/users/dependabot%5Bbot%5D/events{/privacy}', 'received_events_url': 'https://api.github.com/users/dependabot%5Bbot%5D/received_events', 'type': 'Bot', 'site_admin': False}, 'body': 'Bumps [android-actions/setup-android](https://github.com/android-actions/setup-android) from 2.0.7 to 2.0.8.\n<details>\n<summary>Release notes</summary>\n<p><em>Sourced from <a href=""https://github.com/android-actions/setup-android/releases"">android-actions/setup-android\'s releases</a>.</em></p>\n<blockquote>\n<h2>v2.0.8</h2>\n<p>cmdline-tools updated to v6 (from v3). Thanks to <a href=""https://github.com/mikehardy""><code>@\u200bmikehardy</code></a></p>\n<p>Also updated npm dependencies</p>\n</blockquote>\n</details>\n<details>\n<summary>Commits</summary>\n<ul>\n<li><a href=""https://github.com/android-actions/setup-android/commit/47ea4897899df0e5b56c43707cf6585918579695""><code>47ea489</code></a> [CI] Disable run.yml</li>\n<li><a href=""https://github.com/android-actions/setup-android/commit/244317f5bb6fbdd85f10c693988213df4fdeec3c""><code>244317f</code></a> Rebuild dist/index.js after dependency update</li>\n<li><a href=""https://github.com/android-actions/setup-android/commit/5440ded976ec37d2693bc1bbd46aadd929f322ce""><code>5440ded</code></a> [ESLint] warn instead of error about English text in string literals</li>\n<li><a href=""https://github.com/android-actions/setup-android/commit/e94bbf69b53091519d1131be76785133229f7881""><code>e94bbf6</code></a> Update npm dependencies</li>\n<li><a href=""https://github.com/android-actions/setup-android/commit/98f14d164f835d633cdac1232ae813f6da92b4cd""><code>98f14d1</code></a> [CI][README.md] Update setup-java to v3</li>\n<li><a href=""https://github.com/android-actions/setup-android/commit/f56c207000dc7748ed17b593e0889d26fb792db8""><code>f56c207</code></a> [CI] Update actions/setup-node to v3 (sliding version, instead of 2.2.2)</li>\n<li><a href=""https://github.com/android-actions/setup-android/commit/a7d36b05d17886133807d578832bc8b62d983c8e""><code>a7d36b0</code></a> [CI][README.MD] Update actions/checkout to v3</li>\n<li><a href=""https://github.com/android-actions/setup-android/commit/20bad8a341810f0752053c6c7c7c2910e495e7ce""><code>20bad8a</code></a> [CI][Test] Update OS list</li>\n<li><a href=""https://github.com/android-actions/setup-android/commit/fc91ea75c17ca11a4ad9674eaed59859953a78b9""><code>fc91ea7</code></a> build(deps): bump tools version to v6 / 8092744</li>\n<li><a href=""https://github.com/android-actions/setup-android/commit/1685c3d8669829f192d94fcad89eba25ce558bb2""><code>1685c3d</code></a> workflow: code analysis</li>\n<li>Additional commits viewable in <a href=""https://github.com/android-actions/setup-android/compare/v2.0.7...v2.0.8"">compare view</a></li>\n</ul>\n</details>\n<br />\n\n\n[![Dependabot compatibility score](https://dependabot-badges.githubapp.com/badges/compatibility_score?dependency-name=android-actions/setup-android&package-manager=github_actions&previous-version=2.0.7&new-version=2.0.8)](https://docs.github.com/en/github/managing-security-vulnerabilities/about-dependabot-security-updates#about-compatibility-scores)\n\nDependabot will resolve any conflicts with this PR as long as you don\'t alter it yourself. You can also trigger a rebase manually by commenting `@dependabot rebase`.\n\n[//]: # (dependabot-automerge-start)\n[//]: # (dependabot-automerge-end)\n\n---\n\n<details>\n<summary>Dependabot commands and options</summary>\n<br />\n\nYou can trigger Dependabot actions by commenting on this PR:\n- `@dependabot rebase` will rebase this PR\n- `@dependabot recreate` will recreate this PR, overwriting any edits that have been made to it\n- `@dependabot merge` will merge this PR after your CI passes on it\n- `@dependabot squash and merge` will squash and merge this PR after your CI passes on it\n- `@dependabot cancel merge` will cancel a previously requested merge and block automerging\n- `@dependabot reopen` will reopen this PR if it is closed\n- `@dependabot close` will close this PR and stop Dependabot recreating it. You can achieve the same result by closing it manually\n- `@dependabot ignore this major version` will close this PR and stop Dependabot creating any more for this major version (unless you reopen the PR or upgrade to it yourself)\n- `@dependabot ignore this minor version` will close this PR and stop Dependabot creating any more for this minor version (unless you reopen the PR or upgrade to it yourself)\n- `@dependabot ignore this dependency` will close this PR and stop Dependabot creating any more for this dependency (unless you reopen the PR or upgrade to it yourself)\n\n\n</details>', 'created_at': '2022-04-22T05:02:40Z', 'updated_at': '2022-04-22T16:18:57Z', 'closed_at': '2022-04-22T16:18:57Z', 'merged_at': '2022-04-22T16:18:57Z', 'merge_commit_sha': '7e1ab03f9699ae0e0043e02e673d050fdc637019', 'assignee': None, 'assignees': [], 'requested_reviewers': [{'login': 'zengin', 'id': 803311, 'node_id': 'MDQ6VXNlcjgwMzMxMQ==', 'avatar_url': 'https://avatars.githubusercontent.com/u/803311?v=4', 'gravatar_id': '', 'url': 'https://api.github.com/users/zengin', 'html_url': 'https://github.com/zengin', 'followers_url': 'https://api.github.com/users/zengin/followers', 'following_url': 'https://api.github.com/users/zengin/following{/other_user}', 'gists_url': 'https://api.github.com/users/zengin/gists{/gist_id}', 'starred_url': 'https://api.github.com/users/zengin/starred{/owner}{/repo}', 'subscriptions_url': 'https://api.github.com/users/zengin/subscriptions', 'organizations_url': 'https://api.github.com/users/zengin/orgs', 'repos_url': 'https://api.github.com/users/zengin/repos', 'events_url': 'https://api.github.com/users/zengin/events{/privacy}', 'received_events_url': 'https://api.github.com/users/zengin/received_events', 'type': 'User', 'site_admin': False}, {'login': 'baywet', 'id': 7905502, 'node_id': 'MDQ6VXNlcjc5MDU1MDI=', 'avatar_url': 'https://avatars.githubusercontent.com/u/7905502?v=4', 'gravatar_id': '', 'url': 'https://api.github.com/users/baywet', 'html_url': 'https://github.com/baywet', 'followers_url': 'https://api.github.com/users/baywet/followers', 'following_url': 'https://api.github.com/users/baywet/following{/other_user}', 'gists_url': 'https://api.github.com/users/baywet/gists{/gist_id}', 'starred_url': 'https://api.github.com/users/baywet/starred{/owner}{/repo}', 'subscriptions_url': 'https://api.github.com/users/baywet/subscriptions', 'organizations_url': 'https://api.github.com/users/baywet/orgs', 'repos_url': 'https://api.github.com/users/baywet/repos', 'events_url': 'https://api.github.com/users/baywet/events{/privacy}', 'received_events_url': 'https://api.github.com/users/baywet/received_events', 'type': 'User', 'site_admin': False}, {'login': 'MIchaelMainer', 'id': 8527305, 'node_id': 'MDQ6VXNlcjg1MjczMDU=', 'avatar_url': 'https://avatars.githubusercontent.com/u/8527305?v=4', 'gravatar_id': '', 'url': 'https://api.github.com/users/MIchaelMainer', 'html_url': 'https://github.com/MIchaelMainer', 'followers_url': 'https://api.github.com/users/MIchaelMainer/followers', 'following_url': 'https://api.github.com/users/MIchaelMainer/following{/other_user}', 'gists_url': 'https://api.github.com/users/MIchaelMainer/gists{/gist_id}', 'starred_url': 'https://api.github.com/users/MIchaelMainer/starred{/owner}{/repo}', 'subscriptions_url': 'https://api.github.com/users/MIchaelMainer/subscriptions', 'organizations_url': 'https://api.github.com/users/MIchaelMainer/orgs', 'repos_url': 'https://api.github.com/users/MIchaelMainer/repos', 'events_url': 'https://api.github.com/users/MIchaelMainer/events{/privacy}', 'received_events_url': 'https://api.github.com/users/MIchaelMainer/received_events', 'type': 'User', 'site_admin': False}, {'login': 'ddyett', 'id': 20829981, 'node_id': 'MDQ6VXNlcjIwODI5OTgx', 'avatar_url': 'https://avatars.githubusercontent.com/u/20829981?v=4', 'gravatar_id': '', 'url': 'https://api.github.com/users/ddyett', 'html_url': 'https://github.com/ddyett', 'followers_url': 'https://api.github.com/users/ddyett/followers', 'following_url': 'https://api.github.com/users/ddyett/following{/other_user}', 'gists_url': 'https://api.github.com/users/ddyett/gists{/gist_id}', 'starred_url': 'https://api.github.com/users/ddyett/starred{/owner}{/repo}', 'subscriptions_url': 'https://api.github.com/users/ddyett/subscriptions', 'organizations_url': 'https://api.github.com/users/ddyett/orgs', 'repos_url': 'https://api.github.com/users/ddyett/repos', 'events_url': 'https://api.github.com/users/ddyett/events{/privacy}', 'received_events_url': 'https://api.github.com/users/ddyett/received_events', 'type': 'User', 'site_admin': False}, {'login': 'nikithauc', 'id': 23219007, 'node_id': 'MDQ6VXNlcjIzMjE5MDA3', 'avatar_url': 'https://avatars.githubusercontent.com/u/23219007?v=4', 'gravatar_id': '', 'url': 'https://api.github.com/users/nikithauc', 'html_url': 'https://github.com/nikithauc', 'followers_url': 'https://api.github.com/users/nikithauc/followers', 'following_url': 'https://api.github.com/users/nikithauc/following{/other_user}', 'gists_url': 'https://api.github.com/users/nikithauc/gists{/gist_id}', 'starred_url': 'https://api.github.com/users/nikithauc/starred{/owner}{/repo}', 'subscriptions_url': 'https://api.github.com/users/nikithauc/subscriptions', 'organizations_url': 'https://api.github.com/users/nikithauc/orgs', 'repos_url': 'https://api.github.com/users/nikithauc/repos', 'events_url': 'https://api.github.com/users/nikithauc/events{/privacy}', 'received_events_url': 'https://api.github.com/users/nikithauc/received_events', 'type': 'User', 'site_admin': False}], 'requested_teams': [], 'labels': [{'id': 2284805061, 'node_id': 'MDU6TGFiZWwyMjg0ODA1MDYx', 'url': 'https://api.github.com/repos/microsoftgraph/msgraph-sdk-java/labels/dependencies', 'name': 'dependencies', 'color': '0366d6', 'default': False, 'description': 'Pull requests that update a dependency file'}, {'id': 2844450799, 'node_id': 'MDU6TGFiZWwyODQ0NDUwNzk5', 'url': 'https://api.github.com/repos/microsoftgraph/msgraph-sdk-java/labels/github_actions', 'name': 'github_actions', 'color': '000000', 'default': False, 'description': 'Pull requests that update Github_actions code'}], 'milestone': None, 'draft': False, 'commits_url': 'https://api.github.com/repos/microsoftgraph/msgraph-sdk-java/pulls/1055/commits', 'review_comments_url': 'https://api.github.com/repos/microsoftgraph/msgraph-sdk-java/pulls/1055/comments', 'review_comment_url': 'https://api.github.com/repos/microsoftgraph/msgraph-sdk-java/pulls/comments{/number}', 'comments_url': 'https://api.github.com/repos/microsoftgraph/msgraph-sdk-java/issues/1055/comments', 'statuses_url': 'https://api.github.com/repos/microsoftgraph/msgraph-sdk-java/statuses/0bab726df2796037f5a6ab7a85a280c3c345bb27', 'head': {'label': 'microsoftgraph:dependabot/github_actions/android-actions/setup-android-2.0.8', 'ref': 'dependabot/github_actions/android-actions/setup-android-2.0.8', 'sha': '0bab726df2796037f5a6ab7a85a280c3c345bb27', 'user': {'login': 'microsoftgraph', 'id': 17304259, 'node_id': 'MDEyOk9yZ2FuaXphdGlvbjE3MzA0MjU5', 'avatar_url': 'https://avatars.githubusercontent.com/u/17304259?v=4', 'gravatar_id': '', 'url': 'https://api.github.com/users/microsoftgraph', 'html_url': 'https://github.com/microsoftgraph', 'followers_url': 'https://api.github.com/users/microsoftgraph/followers', 'following_url': 'https://api.github.com/users/microsoftgraph/following{/other_user}', 'gists_url': 'https://api.github.com/users/microsoftgraph/gists{/gist_id}', 'starred_url': 'https://api.github.com/users/microsoftgraph/starred{/owner}{/repo}', 'subscriptions_url': 'https://api.github.com/users/microsoftgraph/subscriptions', 'organizations_url': 'https://api.github.com/users/microsoftgraph/orgs', 'repos_url': 'https://api.github.com/users/microsoftgraph/repos', 'events_url': 'https://api.github.com/users/microsoftgraph/events{/privacy}', 'received_events_url': 'https://api.github.com/users/microsoftgraph/received_events', 'type': 'Organization', 'site_admin': False}, 'repo': {'id': 103300409, 'node_id': 'MDEwOlJlcG9zaXRvcnkxMDMzMDA0MDk=', 'name': 'msgraph-sdk-java', 'full_name': 'microsoftgraph/msgraph-sdk-java', 'private': False, 'owner': {'login': 'microsoftgraph', 'id': 17304259, 'node_id': 'MDEyOk9yZ2FuaXphdGlvbjE3MzA0MjU5', 'avatar_url': 'https://avatars.githubusercontent.com/u/17304259?v=4', 'gravatar_id': '', 'url': 'https://api.github.com/users/microsoftgraph', 'html_url': 'https://github.com/microsoftgraph', 'followers_url': 'https://api.github.com/users/microsoftgraph/followers', 'following_url': 'https://api.github.com/users/microsoftgraph/following{/other_user}', 'gists_url': 'https://api.github.com/users/microsoftgraph/gists{/gist_id}', 'starred_url': 'https://api.github.com/users/microsoftgraph/starred{/owner}{/repo}', 'subscriptions_url': 'https://api.github.com/users/microsoftgraph/subscriptions', 'organizations_url': 'https://api.github.com/users/microsoftgraph/orgs', 'repos_url': 'https://api.github.com/users/microsoftgraph/repos', 'events_url': 'https://api.github.com/users/microsoftgraph/events{/privacy}', 'received_events_url': 'https://api.github.com/users/microsoftgraph/received_events', 'type': 'Organization', 'site_admin': False}, 'html_url': 'https://github.com/microsoftgraph/msgraph-sdk-java', 'description': 'Microsoft Graph SDK for Java', 'fork': False, 'url': 'https://api.github.com/repos/microsoftgraph/msgraph-sdk-java', 'forks_url': 'https://api.github.com/repos/microsoftgraph/msgraph-sdk-java/forks', 'keys_url': 'https://api.github.com/repos/microsoftgraph/msgraph-sdk-java/keys{/key_id}', 'collaborators_url': 'https://api.github.com/repos/microsoftgraph/msgraph-sdk-java/collaborators{/collaborator}', 'teams_url': 'https://api.github.com/repos/microsoftgraph/msgraph-sdk-java/teams', 'hooks_url': 'https://api.github.com/repos/microsoftgraph/msgraph-sdk-java/hooks', 'issue_events_url': 'https://api.github.com/repos/microsoftgraph/msgraph-sdk-java/issues/events{/number}', 'events_url': 'https://api.github.com/repos/microsoftgraph/msgraph-sdk-java/events', 'assignees_url': 'https://api.github.com/repos/microsoftgraph/msgraph-sdk-java/assignees{/user}', 'branches_url': 'https://api.github.com/repos/microsoftgraph/msgraph-sdk-java/branches{/branch}', 'tags_url': 'https://api.github.com/repos/microsoftgraph/msgraph-sdk-java/tags', 'blobs_url': 'https://api.github.com/repos/microsoftgraph/msgraph-sdk-java/git/blobs{/sha}', 'git_tags_url': 'https://api.github.com/repos/microsoftgraph/msgraph-sdk-java/git/tags{/sha}', 'git_refs_url': 'https://api.github.com/repos/microsoftgraph/msgraph-sdk-java/git/refs{/sha}', 'trees_url': 'https://api.github.com/repos/microsoftgraph/msgraph-sdk-java/git/trees{/sha}', 'statuses_url': 'https://api.github.com/repos/microsoftgraph/msgraph-sdk-java/statuses/{sha}', 'languages_url': 'https://api.github.com/repos/microsoftgraph/msgraph-sdk-java/languages', 'stargazers_url': 'https://api.github.com/repos/microsoftgraph/msgraph-sdk-java/stargazers', 'contributors_url': 'https://api.github.com/repos/microsoftgraph/msgraph-sdk-java/contributors', 'subscribers_url': 'https://api.github.com/repos/microsoftgraph/msgraph-sdk-java/subscribers', 'subscription_url': 'https://api.github.com/repos/microsoftgraph/msgraph-sdk-java/subscription', 'commits_url': 'https://api.github.com/repos/microsoftgraph/msgraph-sdk-java/commits{/sha}', 'git_commits_url': 'https://api.github.com/repos/microsoftgraph/msgraph-sdk-java/git/commits{/sha}', 'comments_url': 'https://api.github.com/repos/microsoftgraph/msgraph-sdk-java/comments{/number}', 'issue_comment_url': 'https://api.github.com/repos/microsoftgraph/msgraph-sdk-java/issues/comments{/number}', 'contents_url': 'https://api.github.com/repos/microsoftgraph/msgraph-sdk-java/contents/{+path}', 'compare_url': 'https://api.github.com/repos/microsoftgraph/msgraph-sdk-java/compare/{base}...{head}', 'merges_url': 'https://api.github.com/repos/microsoftgraph/msgraph-sdk-java/merges', 'archive_url': 'https://api.github.com/repos/microsoftgraph/msgraph-sdk-java/{archive_format}{/ref}', 'downloads_url': 'https://api.github.com/repos/microsoftgraph/msgraph-sdk-java/downloads', 'issues_url': 'https://api.github.com/repos/microsoftgraph/msgraph-sdk-java/issues{/number}', 'pulls_url': 'https://api.github.com/repos/microsoftgraph/msgraph-sdk-java/pulls{/number}', 'milestones_url': 'https://api.github.com/repos/microsoftgraph/msgraph-sdk-java/milestones{/number}', 'notifications_url': 'https://api.github.com/repos/microsoftgraph/msgraph-sdk-java/notifications{?since,all,participating}', 'labels_url': 'https://api.github.com/repos/microsoftgraph/msgraph-sdk-java/labels{/name}', 'releases_url': 'https://api.github.com/repos/microsoftgraph/msgraph-sdk-java/releases{/id}', 'deployments_url': 'https://api.github.com/repos/microsoftgraph/msgraph-sdk-java/deployments', 'created_at': '2017-09-12T17:20:15Z', 'updated_at': '2022-04-10T14:24:06Z', 'pushed_at': '2022-04-22T16:18:57Z', 'git_url': 'git://github.com/microsoftgraph/msgraph-sdk-java.git', 'ssh_url': 'git@github.com:microsoftgraph/msgraph-sdk-java.git', 'clone_url': 'https://github.com/microsoftgraph/msgraph-sdk-java.git', 'svn_url': 'https://github.com/microsoftgraph/msgraph-sdk-java', 'homepage': 'https://docs.microsoft.com/en-us/graph/sdks/sdks-overview', 'size': 58753, 'stargazers_count': 245, 'watchers_count': 245, 'language': 'Java', 'has_issues': True, 'has_projects': True, 'has_downloads': True, 'has_wiki': False, 'has_pages': False, 'forks_count': 102, 'mirror_url': None, 'archived': False, 'disabled': False, 'open_issues_count': 4, 'license': {'key': 'mit', 'name': 'MIT License', 'spdx_id': 'MIT', 'url': 'https://api.github.com/licenses/mit', 'node_id': 'MDc6TGljZW5zZTEz'}, 'allow_forking': True, 'is_template': False, 'topics': ['java', 'microsoft-graph', 'microsoft-graph-sdk', 'sdk'], 'visibility': 'public', 'forks': 102, 'open_issues': 4, 'watchers': 245, 'default_branch': 'dev'}}, 'base': {'label': 'microsoftgraph:dev', 'ref': 'dev', 'sha': 'b7600e8ee421f4d1ce2ca7f8a6894bcfee03d760', 'user': {'login': 'microsoftgraph', 'id': 17304259, 'node_id': 'MDEyOk9yZ2FuaXphdGlvbjE3MzA0MjU5', 'avatar_url': 'https://avatars.githubusercontent.com/u/17304259?v=4', 'gravatar_id': '', 'url': 'https://api.github.com/users/microsoftgraph', 'html_url': 'https://github.com/microsoftgraph', 'followers_url': 'https://api.github.com/users/microsoftgraph/followers', 'following_url': 'https://api.github.com/users/microsoftgraph/following{/other_user}', 'gists_url': 'https://api.github.com/users/microsoftgraph/gists{/gist_id}', 'starred_url': 'https://api.github.com/users/microsoftgraph/starred{/owner}{/repo}', 'subscriptions_url': 'https://api.github.com/users/microsoftgraph/subscriptions', 'organizations_url': 'https://api.github.com/users/microsoftgraph/orgs', 'repos_url': 'https://api.github.com/users/microsoftgraph/repos', 'events_url': 'https://api.github.com/users/microsoftgraph/events{/privacy}', 'received_events_url': 'https://api.github.com/users/microsoftgraph/received_events', 'type': 'Organization', 'site_admin': False}, 'repo': {'id': 103300409, 'node_id': 'MDEwOlJlcG9zaXRvcnkxMDMzMDA0MDk=', 'name': 'msgraph-sdk-java', 'full_name': 'microsoftgraph/msgraph-sdk-java', 'private': False, 'owner': {'login': 'microsoftgraph', 'id': 17304259, 'node_id': 'MDEyOk9yZ2FuaXphdGlvbjE3MzA0MjU5', 'avatar_url': 'https://avatars.githubusercontent.com/u/17304259?v=4', 'gravatar_id': '', 'url': 'https://api.github.com/users/microsoftgraph', 'html_url': 'https://github.com/microsoftgraph', 'followers_url': 'https://api.github.com/users/microsoftgraph/followers', 'following_url': 'https://api.github.com/users/microsoftgraph/following{/other_user}', 'gists_url': 'https://api.github.com/users/microsoftgraph/gists{/gist_id}', 'starred_url': 'https://api.github.com/users/microsoftgraph/starred{/owner}{/repo}', 'subscriptions_url': 'https://api.github.com/users/microsoftgraph/subscriptions', 'organizations_url': 'https://api.github.com/users/microsoftgraph/orgs', 'repos_url': 'https://api.github.com/users/microsoftgraph/repos', 'events_url': 'https://api.github.com/users/microsoftgraph/events{/privacy}', 'received_events_url': 'https://api.github.com/users/microsoftgraph/received_events', 'type': 'Organization', 'site_admin': False}, 'html_url': 'https://github.com/microsoftgraph/msgraph-sdk-java', 'description': 'Microsoft Graph SDK for Java', 'fork': False, 'url': 'https://api.github.com/repos/microsoftgraph/msgraph-sdk-java', 'forks_url': 'https://api.github.com/repos/microsoftgraph/msgraph-sdk-java/forks', 'keys_url': 'https://api.github.com/repos/microsoftgraph/msgraph-sdk-java/keys{/key_id}', 'collaborators_url': 'https://api.github.com/repos/microsoftgraph/msgraph-sdk-java/collaborators{/collaborator}', 'teams_url': 'https://api.github.com/repos/microsoftgraph/msgraph-sdk-java/teams', 'hooks_url': 'https://api.github.com/repos/microsoftgraph/msgraph-sdk-java/hooks', 'issue_events_url': 'https://api.github.com/repos/microsoftgraph/msgraph-sdk-java/issues/events{/number}', 'events_url': 'https://api.github.com/repos/microsoftgraph/msgraph-sdk-java/events', 'assignees_url': 'https://api.github.com/repos/microsoftgraph/msgraph-sdk-java/assignees{/user}', 'branches_url': 'https://api.github.com/repos/microsoftgraph/msgraph-sdk-java/branches{/branch}', 'tags_url': 'https://api.github.com/repos/microsoftgraph/msgraph-sdk-java/tags', 'blobs_url': 'https://api.github.com/repos/microsoftgraph/msgraph-sdk-java/git/blobs{/sha}', 'git_tags_url': 'https://api.github.com/repos/microsoftgraph/msgraph-sdk-java/git/tags{/sha}', 'git_refs_url': 'https://api.github.com/repos/microsoftgraph/msgraph-sdk-java/git/refs{/sha}', 'trees_url': 'https://api.github.com/repos/microsoftgraph/msgraph-sdk-java/git/trees{/sha}', 'statuses_url': 'https://api.github.com/repos/microsoftgraph/msgraph-sdk-java/statuses/{sha}', 'languages_url': 'https://api.github.com/repos/microsoftgraph/msgraph-sdk-java/languages', 'stargazers_url': 'https://api.github.com/repos/microsoftgraph/msgraph-sdk-java/stargazers', 'contributors_url': 'https://api.github.com/repos/microsoftgraph/msgraph-sdk-java/contributors', 'subscribers_url': 'https://api.github.com/repos/microsoftgraph/msgraph-sdk-java/subscribers', 'subscription_url': 'https://api.github.com/repos/microsoftgraph/msgraph-sdk-java/subscription', 'commits_url': 'https://api.github.com/repos/microsoftgraph/msgraph-sdk-java/commits{/sha}', 'git_commits_url': 'https://api.github.com/repos/microsoftgraph/msgraph-sdk-java/git/commits{/sha}', 'comments_url': 'https://api.github.com/repos/microsoftgraph/msgraph-sdk-java/comments{/number}', 'issue_comment_url': 'https://api.github.com/repos/microsoftgraph/msgraph-sdk-java/issues/comments{/number}', 'contents_url': 'https://api.github.com/repos/microsoftgraph/msgraph-sdk-java/contents/{+path}', 'compare_url': 'https://api.github.com/repos/microsoftgraph/msgraph-sdk-java/compare/{base}...{head}', 'merges_url': 'https://api.github.com/repos/microsoftgraph/msgraph-sdk-java/merges', 'archive_url': 'https://api.github.com/repos/microsoftgraph/msgraph-sdk-java/{archive_format}{/ref}', 'downloads_url': 'https://api.github.com/repos/microsoftgraph/msgraph-sdk-java/downloads', 'issues_url': 'https://api.github.com/repos/microsoftgraph/msgraph-sdk-java/issues{/number}', 'pulls_url': 'https://api.github.com/repos/microsoftgraph/msgraph-sdk-java/pulls{/number}', 'milestones_url': 'https://api.github.com/repos/microsoftgraph/msgraph-sdk-java/milestones{/number}', 'notifications_url': 'https://api.github.com/repos/microsoftgraph/msgraph-sdk-java/notifications{?since,all,participating}', 'labels_url': 'https://api.github.com/repos/microsoftgraph/msgraph-sdk-java/labels{/name}', 'releases_url': 'https://api.github.com/repos/microsoftgraph/msgraph-sdk-java/releases{/id}', 'deployments_url': 'https://api.github.com/repos/microsoftgraph/msgraph-sdk-java/deployments', 'created_at': '2017-09-12T17:20:15Z', 'updated_at': '2022-04-10T14:24:06Z', 'pushed_at': '2022-04-22T16:18:57Z', 'git_url': 'git://github.com/microsoftgraph/msgraph-sdk-java.git', 'ssh_url': 'git@github.com:microsoftgraph/msgraph-sdk-java.git', 'clone_url': 'https://github.com/microsoftgraph/msgraph-sdk-java.git', 'svn_url': 'https://github.com/microsoftgraph/msgraph-sdk-java', 'homepage': 'https://docs.microsoft.com/en-us/graph/sdks/sdks-overview', 'size': 58753, 'stargazers_count': 245, 'watchers_count': 245, 'language': 'Java', 'has_issues': True, 'has_projects': True, 'has_downloads': True, 'has_wiki': False, 'has_pages': False, 'forks_count': 102, 'mirror_url': None, 'archived': False, 'disabled': False, 'open_issues_count': 4, 'license': {'key': 'mit', 'name': 'MIT License', 'spdx_id': 'MIT', 'url': 'https://api.github.com/licenses/mit', 'node_id': 'MDc6TGljZW5zZTEz'}, 'allow_forking': True, 'is_template': False, 'topics': ['java', 'microsoft-graph', 'microsoft-graph-sdk', 'sdk'], 'visibility': 'public', 'forks': 102, 'open_issues': 4, 'watchers': 245, 'default_branch': 'dev'}}, '_links': {'self': {'href': 'https://api.github.com/repos/microsoftgraph/msgraph-sdk-java/pulls/1055'}, 'html': {'href': 'https://github.com/microsoftgraph/msgraph-sdk-java/pull/1055'}, 'issue': {'href': 'https://api.github.com/repos/microsoftgraph/msgraph-sdk-java/issues/1055'}, 'comments': {'href': 'https://api.github.com/repos/microsoftgraph/msgraph-sdk-java/issues/1055/comments'}, 'review_comments': {'href': 'https://api.github.com/repos/microsoftgraph/msgraph-sdk-java/pulls/1055/comments'}, 'review_comment': {'href': 'https://api.github.com/repos/microsoftgraph/msgraph-sdk-java/pulls/comments{/number}'}, 'commits': {'href': 'https://api.github.com/repos/microsoftgraph/msgraph-sdk-java/pulls/1055/commits'}, 'statuses': {'href': 'https://api.github.com/repos/microsoftgraph/msgraph-sdk-java/statuses/0bab726df2796037f5a6ab7a85a280c3c345bb27'}}, 'author_association': 'CONTRIBUTOR', 'auto_merge': None, 'active_lock_reason': None, 'merged': True, 'mergeable': None, 'rebaseable': None, 'mergeable_state': 'unknown', 'merged_by': {'login': 'ramsessanchez', 'id': 63934382, 'node_id': 'MDQ6VXNlcjYzOTM0Mzgy', 'avatar_url': 'https://avatars.githubusercontent.com/u/63934382?v=4', 'gravatar_id': '', 'url': 'https://api.github.com/users/ramsessanchez', 'html_url': 'https://github.com/ramsessanchez', 'followers_url': 'https://api.github.com/users/ramsessanchez/followers', 'following_url': 'https://api.github.com/users/ramsessanchez/following{/other_user}', 'gists_url': 'https://api.github.com/users/ramsessanchez/gists{/gist_id}', 'starred_url': 'https://api.github.com/users/ramsessanchez/starred{/owner}{/repo}', 'subscriptions_url': 'https://api.github.com/users/ramsessanchez/subscriptions', 'organizations_url': 'https://api.github.com/users/ramsessanchez/orgs', 'repos_url': 'https://api.github.com/users/ramsessanchez/repos', 'events_url': 'https://api.github.com/users/ramsessanchez/events{/privacy}', 'received_events_url': 'https://api.github.com/users/ramsessanchez/received_events', 'type': 'User', 'site_admin': False}, 'comments': 0, 'review_comments': 0, 'maintainer_can_modify': False, 'commits': 1, 'additions': 1, 'deletions': 1, 'changed_files': 1}}",closed,Java
21421648882,PullRequestReviewEvent,microsoftgraph/msgraph-sdk-java,0.0,2022-04-22T16:18:52Z,"{'action': 'created', 'review': {'id': 950315704, 'node_id': 'PRR_kwDOBig9Oc44pKq4', 'user': {'login': 'ramsessanchez', 'id': 63934382, 'node_id': 'MDQ6VXNlcjYzOTM0Mzgy', 'avatar_url': 'https://avatars.githubusercontent.com/u/63934382?v=4', 'gravatar_id': '', 'url': 'https://api.github.com/users/ramsessanchez', 'html_url': 'https://github.com/ramsessanchez', 'followers_url': 'https://api.github.com/users/ramsessanchez/followers', 'following_url': 'https://api.github.com/users/ramsessanchez/following{/other_user}', 'gists_url': 'https://api.github.com/users/ramsessanchez/gists{/gist_id}', 'starred_url': 'https://api.github.com/users/ramsessanchez/starred{/owner}{/repo}', 'subscriptions_url': 'https://api.github.com/users/ramsessanchez/subscriptions', 'organizations_url': 'https://api.github.com/users/ramsessanchez/orgs', 'repos_url': 'https://api.github.com/users/ramsessanchez/repos', 'events_url': 'https://api.github.com/users/ramsessanchez/events{/privacy}', 'received_events_url': 'https://api.github.com/users/ramsessanchez/received_events', 'type': 'User', 'site_admin': False}, 'body': '', 'commit_id': '0bab726df2796037f5a6ab7a85a280c3c345bb27', 'submitted_at': '2022-04-22T16:18:52Z', 'state': 'approved', 'html_url': 'https://github.com/microsoftgraph/msgraph-sdk-java/pull/1055#pullrequestreview-950315704', 'pull_request_url': 'https://api.github.com/repos/microsoftgraph/msgraph-sdk-java/pulls/1055', 'author_association': 'CONTRIBUTOR', '_links': {'html': {'href': 'https://github.com/microsoftgraph/msgraph-sdk-java/pull/1055#pullrequestreview-950315704'}, 'pull_request': {'href': 'https://api.github.com/repos/microsoftgraph/msgraph-sdk-java/pulls/1055'}}}, 'pull_request': {'url': 'https://api.github.com/repos/microsoftgraph/msgraph-sdk-java/pulls/1055', 'id': 916015939, 'node_id': 'PR_kwDOBig9Oc42mUtD', 'html_url': 'https://github.com/microsoftgraph/msgraph-sdk-java/pull/1055', 'diff_url': 'https://github.com/microsoftgraph/msgraph-sdk-java/pull/1055.diff', 'patch_url': 'https://github.com/microsoftgraph/msgraph-sdk-java/pull/1055.patch', 'issue_url': 'https://api.github.com/repos/microsoftgraph/msgraph-sdk-java/issues/1055', 'number': 1055, 'state': 'open', 'locked': False, 'title': 'Bump android-actions/setup-android from 2.0.7 to 2.0.8', 'user': {'login': 'dependabot[bot]', 'id': 49699333, 'node_id': 'MDM6Qm90NDk2OTkzMzM=', 'avatar_url': 'https://avatars.githubusercontent.com/in/29110?v=4', 'gravatar_id': '', 'url': 'https://api.github.com/users/dependabot%5Bbot%5D', 'html_url': 'https://github.com/apps/dependabot', 'followers_url': 'https://api.github.com/users/dependabot%5Bbot%5D/followers', 'following_url': 'https://api.github.com/users/dependabot%5Bbot%5D/following{/other_user}', 'gists_url': 'https://api.github.com/users/dependabot%5Bbot%5D/gists{/gist_id}', 'starred_url': 'https://api.github.com/users/dependabot%5Bbot%5D/starred{/owner}{/repo}', 'subscriptions_url': 'https://api.github.com/users/dependabot%5Bbot%5D/subscriptions', 'organizations_url': 'https://api.github.com/users/dependabot%5Bbot%5D/orgs', 'repos_url': 'https://api.github.com/users/dependabot%5Bbot%5D/repos', 'events_url': 'https://api.github.com/users/dependabot%5Bbot%5D/events{/privacy}', 'received_events_url': 'https://api.github.com/users/dependabot%5Bbot%5D/received_events', 'type': 'Bot', 'site_admin': False}, 'body': 'Bumps [android-actions/setup-android](https://github.com/android-actions/setup-android) from 2.0.7 to 2.0.8.\n<details>\n<summary>Release notes</summary>\n<p><em>Sourced from <a href=""https://github.com/android-actions/setup-android/releases"">android-actions/setup-android\'s releases</a>.</em></p>\n<blockquote>\n<h2>v2.0.8</h2>\n<p>cmdline-tools updated to v6 (from v3). Thanks to <a href=""https://github.com/mikehardy""><code>@\u200bmikehardy</code></a></p>\n<p>Also updated npm dependencies</p>\n</blockquote>\n</details>\n<details>\n<summary>Commits</summary>\n<ul>\n<li><a href=""https://github.com/android-actions/setup-android/commit/47ea4897899df0e5b56c43707cf6585918579695""><code>47ea489</code></a> [CI] Disable run.yml</li>\n<li><a href=""https://github.com/android-actions/setup-android/commit/244317f5bb6fbdd85f10c693988213df4fdeec3c""><code>244317f</code></a> Rebuild dist/index.js after dependency update</li>\n<li><a href=""https://github.com/android-actions/setup-android/commit/5440ded976ec37d2693bc1bbd46aadd929f322ce""><code>5440ded</code></a> [ESLint] warn instead of error about English text in string literals</li>\n<li><a href=""https://github.com/android-actions/setup-android/commit/e94bbf69b53091519d1131be76785133229f7881""><code>e94bbf6</code></a> Update npm dependencies</li>\n<li><a href=""https://github.com/android-actions/setup-android/commit/98f14d164f835d633cdac1232ae813f6da92b4cd""><code>98f14d1</code></a> [CI][README.md] Update setup-java to v3</li>\n<li><a href=""https://github.com/android-actions/setup-android/commit/f56c207000dc7748ed17b593e0889d26fb792db8""><code>f56c207</code></a> [CI] Update actions/setup-node to v3 (sliding version, instead of 2.2.2)</li>\n<li><a href=""https://github.com/android-actions/setup-android/commit/a7d36b05d17886133807d578832bc8b62d983c8e""><code>a7d36b0</code></a> [CI][README.MD] Update actions/checkout to v3</li>\n<li><a href=""https://github.com/android-actions/setup-android/commit/20bad8a341810f0752053c6c7c7c2910e495e7ce""><code>20bad8a</code></a> [CI][Test] Update OS list</li>\n<li><a href=""https://github.com/android-actions/setup-android/commit/fc91ea75c17ca11a4ad9674eaed59859953a78b9""><code>fc91ea7</code></a> build(deps): bump tools version to v6 / 8092744</li>\n<li><a href=""https://github.com/android-actions/setup-android/commit/1685c3d8669829f192d94fcad89eba25ce558bb2""><code>1685c3d</code></a> workflow: code analysis</li>\n<li>Additional commits viewable in <a href=""https://github.com/android-actions/setup-android/compare/v2.0.7...v2.0.8"">compare view</a></li>\n</ul>\n</details>\n<br />\n\n\n[![Dependabot compatibility score](https://dependabot-badges.githubapp.com/badges/compatibility_score?dependency-name=android-actions/setup-android&package-manager=github_actions&previous-version=2.0.7&new-version=2.0.8)](https://docs.github.com/en/github/managing-security-vulnerabilities/about-dependabot-security-updates#about-compatibility-scores)\n\nDependabot will resolve any conflicts with this PR as long as you don\'t alter it yourself. You can also trigger a rebase manually by commenting `@dependabot rebase`.\n\n[//]: # (dependabot-automerge-start)\n[//]: # (dependabot-automerge-end)\n\n---\n\n<details>\n<summary>Dependabot commands and options</summary>\n<br />\n\nYou can trigger Dependabot actions by commenting on this PR:\n- `@dependabot rebase` will rebase this PR\n- `@dependabot recreate` will recreate this PR, overwriting any edits that have been made to it\n- `@dependabot merge` will merge this PR after your CI passes on it\n- `@dependabot squash and merge` will squash and merge this PR after your CI passes on it\n- `@dependabot cancel merge` will cancel a previously requested merge and block automerging\n- `@dependabot reopen` will reopen this PR if it is closed\n- `@dependabot close` will close this PR and stop Dependabot recreating it. You can achieve the same result by closing it manually\n- `@dependabot ignore this major version` will close this PR and stop Dependabot creating any more for this major version (unless you reopen the PR or upgrade to it yourself)\n- `@dependabot ignore this minor version` will close this PR and stop Dependabot creating any more for this minor version (unless you reopen the PR or upgrade to it yourself)\n- `@dependabot ignore this dependency` will close this PR and stop Dependabot creating any more for this dependency (unless you reopen the PR or upgrade to it yourself)\n\n\n</details>', 'created_at': '2022-04-22T05:02:40Z', 'updated_at': '2022-04-22T16:18:52Z', 'closed_at': None, 'merged_at': None, 'merge_commit_sha': '86ba22d7fab59b7bc60d5b273d8984265097b6a7', 'assignee': None, 'assignees': [], 'requested_reviewers': [{'login': 'zengin', 'id': 803311, 'node_id': 'MDQ6VXNlcjgwMzMxMQ==', 'avatar_url': 'https://avatars.githubusercontent.com/u/803311?v=4', 'gravatar_id': '', 'url': 'https://api.github.com/users/zengin', 'html_url': 'https://github.com/zengin', 'followers_url': 'https://api.github.com/users/zengin/followers', 'following_url': 'https://api.github.com/users/zengin/following{/other_user}', 'gists_url': 'https://api.github.com/users/zengin/gists{/gist_id}', 'starred_url': 'https://api.github.com/users/zengin/starred{/owner}{/repo}', 'subscriptions_url': 'https://api.github.com/users/zengin/subscriptions', 'organizations_url': 'https://api.github.com/users/zengin/orgs', 'repos_url': 'https://api.github.com/users/zengin/repos', 'events_url': 'https://api.github.com/users/zengin/events{/privacy}', 'received_events_url': 'https://api.github.com/users/zengin/received_events', 'type': 'User', 'site_admin': False}, {'login': 'baywet', 'id': 7905502, 'node_id': 'MDQ6VXNlcjc5MDU1MDI=', 'avatar_url': 'https://avatars.githubusercontent.com/u/7905502?v=4', 'gravatar_id': '', 'url': 'https://api.github.com/users/baywet', 'html_url': 'https://github.com/baywet', 'followers_url': 'https://api.github.com/users/baywet/followers', 'following_url': 'https://api.github.com/users/baywet/following{/other_user}', 'gists_url': 'https://api.github.com/users/baywet/gists{/gist_id}', 'starred_url': 'https://api.github.com/users/baywet/starred{/owner}{/repo}', 'subscriptions_url': 'https://api.github.com/users/baywet/subscriptions', 'organizations_url': 'https://api.github.com/users/baywet/orgs', 'repos_url': 'https://api.github.com/users/baywet/repos', 'events_url': 'https://api.github.com/users/baywet/events{/privacy}', 'received_events_url': 'https://api.github.com/users/baywet/received_events', 'type': 'User', 'site_admin': False}, {'login': 'MIchaelMainer', 'id': 8527305, 'node_id': 'MDQ6VXNlcjg1MjczMDU=', 'avatar_url': 'https://avatars.githubusercontent.com/u/8527305?v=4', 'gravatar_id': '', 'url': 'https://api.github.com/users/MIchaelMainer', 'html_url': 'https://github.com/MIchaelMainer', 'followers_url': 'https://api.github.com/users/MIchaelMainer/followers', 'following_url': 'https://api.github.com/users/MIchaelMainer/following{/other_user}', 'gists_url': 'https://api.github.com/users/MIchaelMainer/gists{/gist_id}', 'starred_url': 'https://api.github.com/users/MIchaelMainer/starred{/owner}{/repo}', 'subscriptions_url': 'https://api.github.com/users/MIchaelMainer/subscriptions', 'organizations_url': 'https://api.github.com/users/MIchaelMainer/orgs', 'repos_url': 'https://api.github.com/users/MIchaelMainer/repos', 'events_url': 'https://api.github.com/users/MIchaelMainer/events{/privacy}', 'received_events_url': 'https://api.github.com/users/MIchaelMainer/received_events', 'type': 'User', 'site_admin': False}, {'login': 'ddyett', 'id': 20829981, 'node_id': 'MDQ6VXNlcjIwODI5OTgx', 'avatar_url': 'https://avatars.githubusercontent.com/u/20829981?v=4', 'gravatar_id': '', 'url': 'https://api.github.com/users/ddyett', 'html_url': 'https://github.com/ddyett', 'followers_url': 'https://api.github.com/users/ddyett/followers', 'following_url': 'https://api.github.com/users/ddyett/following{/other_user}', 'gists_url': 'https://api.github.com/users/ddyett/gists{/gist_id}', 'starred_url': 'https://api.github.com/users/ddyett/starred{/owner}{/repo}', 'subscriptions_url': 'https://api.github.com/users/ddyett/subscriptions', 'organizations_url': 'https://api.github.com/users/ddyett/orgs', 'repos_url': 'https://api.github.com/users/ddyett/repos', 'events_url': 'https://api.github.com/users/ddyett/events{/privacy}', 'received_events_url': 'https://api.github.com/users/ddyett/received_events', 'type': 'User', 'site_admin': False}, {'login': 'nikithauc', 'id': 23219007, 'node_id': 'MDQ6VXNlcjIzMjE5MDA3', 'avatar_url': 'https://avatars.githubusercontent.com/u/23219007?v=4', 'gravatar_id': '', 'url': 'https://api.github.com/users/nikithauc', 'html_url': 'https://github.com/nikithauc', 'followers_url': 'https://api.github.com/users/nikithauc/followers', 'following_url': 'https://api.github.com/users/nikithauc/following{/other_user}', 'gists_url': 'https://api.github.com/users/nikithauc/gists{/gist_id}', 'starred_url': 'https://api.github.com/users/nikithauc/starred{/owner}{/repo}', 'subscriptions_url': 'https://api.github.com/users/nikithauc/subscriptions', 'organizations_url': 'https://api.github.com/users/nikithauc/orgs', 'repos_url': 'https://api.github.com/users/nikithauc/repos', 'events_url': 'https://api.github.com/users/nikithauc/events{/privacy}', 'received_events_url': 'https://api.github.com/users/nikithauc/received_events', 'type': 'User', 'site_admin': False}], 'requested_teams': [], 'labels': [{'id': 2284805061, 'node_id': 'MDU6TGFiZWwyMjg0ODA1MDYx', 'url': 'https://api.github.com/repos/microsoftgraph/msgraph-sdk-java/labels/dependencies', 'name': 'dependencies', 'color': '0366d6', 'default': False, 'description': 'Pull requests that update a dependency file'}, {'id': 2844450799, 'node_id': 'MDU6TGFiZWwyODQ0NDUwNzk5', 'url': 'https://api.github.com/repos/microsoftgraph/msgraph-sdk-java/labels/github_actions', 'name': 'github_actions', 'color': '000000', 'default': False, 'description': 'Pull requests that update Github_actions code'}], 'milestone': None, 'draft': False, 'commits_url': 'https://api.github.com/repos/microsoftgraph/msgraph-sdk-java/pulls/1055/commits', 'review_comments_url': 'https://api.github.com/repos/microsoftgraph/msgraph-sdk-java/pulls/1055/comments', 'review_comment_url': 'https://api.github.com/repos/microsoftgraph/msgraph-sdk-java/pulls/comments{/number}', 'comments_url': 'https://api.github.com/repos/microsoftgraph/msgraph-sdk-java/issues/1055/comments', 'statuses_url': 'https://api.github.com/repos/microsoftgraph/msgraph-sdk-java/statuses/0bab726df2796037f5a6ab7a85a280c3c345bb27', 'head': {'label': 'microsoftgraph:dependabot/github_actions/android-actions/setup-android-2.0.8', 'ref': 'dependabot/github_actions/android-actions/setup-android-2.0.8', 'sha': '0bab726df2796037f5a6ab7a85a280c3c345bb27', 'user': {'login': 'microsoftgraph', 'id': 17304259, 'node_id': 'MDEyOk9yZ2FuaXphdGlvbjE3MzA0MjU5', 'avatar_url': 'https://avatars.githubusercontent.com/u/17304259?v=4', 'gravatar_id': '', 'url': 'https://api.github.com/users/microsoftgraph', 'html_url': 'https://github.com/microsoftgraph', 'followers_url': 'https://api.github.com/users/microsoftgraph/followers', 'following_url': 'https://api.github.com/users/microsoftgraph/following{/other_user}', 'gists_url': 'https://api.github.com/users/microsoftgraph/gists{/gist_id}', 'starred_url': 'https://api.github.com/users/microsoftgraph/starred{/owner}{/repo}', 'subscriptions_url': 'https://api.github.com/users/microsoftgraph/subscriptions', 'organizations_url': 'https://api.github.com/users/microsoftgraph/orgs', 'repos_url': 'https://api.github.com/users/microsoftgraph/repos', 'events_url': 'https://api.github.com/users/microsoftgraph/events{/privacy}', 'received_events_url': 'https://api.github.com/users/microsoftgraph/received_events', 'type': 'Organization', 'site_admin': False}, 'repo': {'id': 103300409, 'node_id': 'MDEwOlJlcG9zaXRvcnkxMDMzMDA0MDk=', 'name': 'msgraph-sdk-java', 'full_name': 'microsoftgraph/msgraph-sdk-java', 'private': False, 'owner': {'login': 'microsoftgraph', 'id': 17304259, 'node_id': 'MDEyOk9yZ2FuaXphdGlvbjE3MzA0MjU5', 'avatar_url': 'https://avatars.githubusercontent.com/u/17304259?v=4', 'gravatar_id': '', 'url': 'https://api.github.com/users/microsoftgraph', 'html_url': 'https://github.com/microsoftgraph', 'followers_url': 'https://api.github.com/users/microsoftgraph/followers', 'following_url': 'https://api.github.com/users/microsoftgraph/following{/other_user}', 'gists_url': 'https://api.github.com/users/microsoftgraph/gists{/gist_id}', 'starred_url': 'https://api.github.com/users/microsoftgraph/starred{/owner}{/repo}', 'subscriptions_url': 'https://api.github.com/users/microsoftgraph/subscriptions', 'organizations_url': 'https://api.github.com/users/microsoftgraph/orgs', 'repos_url': 'https://api.github.com/users/microsoftgraph/repos', 'events_url': 'https://api.github.com/users/microsoftgraph/events{/privacy}', 'received_events_url': 'https://api.github.com/users/microsoftgraph/received_events', 'type': 'Organization', 'site_admin': False}, 'html_url': 'https://github.com/microsoftgraph/msgraph-sdk-java', 'description': 'Microsoft Graph SDK for Java', 'fork': False, 'url': 'https://api.github.com/repos/microsoftgraph/msgraph-sdk-java', 'forks_url': 'https://api.github.com/repos/microsoftgraph/msgraph-sdk-java/forks', 'keys_url': 'https://api.github.com/repos/microsoftgraph/msgraph-sdk-java/keys{/key_id}', 'collaborators_url': 'https://api.github.com/repos/microsoftgraph/msgraph-sdk-java/collaborators{/collaborator}', 'teams_url': 'https://api.github.com/repos/microsoftgraph/msgraph-sdk-java/teams', 'hooks_url': 'https://api.github.com/repos/microsoftgraph/msgraph-sdk-java/hooks', 'issue_events_url': 'https://api.github.com/repos/microsoftgraph/msgraph-sdk-java/issues/events{/number}', 'events_url': 'https://api.github.com/repos/microsoftgraph/msgraph-sdk-java/events', 'assignees_url': 'https://api.github.com/repos/microsoftgraph/msgraph-sdk-java/assignees{/user}', 'branches_url': 'https://api.github.com/repos/microsoftgraph/msgraph-sdk-java/branches{/branch}', 'tags_url': 'https://api.github.com/repos/microsoftgraph/msgraph-sdk-java/tags', 'blobs_url': 'https://api.github.com/repos/microsoftgraph/msgraph-sdk-java/git/blobs{/sha}', 'git_tags_url': 'https://api.github.com/repos/microsoftgraph/msgraph-sdk-java/git/tags{/sha}', 'git_refs_url': 'https://api.github.com/repos/microsoftgraph/msgraph-sdk-java/git/refs{/sha}', 'trees_url': 'https://api.github.com/repos/microsoftgraph/msgraph-sdk-java/git/trees{/sha}', 'statuses_url': 'https://api.github.com/repos/microsoftgraph/msgraph-sdk-java/statuses/{sha}', 'languages_url': 'https://api.github.com/repos/microsoftgraph/msgraph-sdk-java/languages', 'stargazers_url': 'https://api.github.com/repos/microsoftgraph/msgraph-sdk-java/stargazers', 'contributors_url': 'https://api.github.com/repos/microsoftgraph/msgraph-sdk-java/contributors', 'subscribers_url': 'https://api.github.com/repos/microsoftgraph/msgraph-sdk-java/subscribers', 'subscription_url': 'https://api.github.com/repos/microsoftgraph/msgraph-sdk-java/subscription', 'commits_url': 'https://api.github.com/repos/microsoftgraph/msgraph-sdk-java/commits{/sha}', 'git_commits_url': 'https://api.github.com/repos/microsoftgraph/msgraph-sdk-java/git/commits{/sha}', 'comments_url': 'https://api.github.com/repos/microsoftgraph/msgraph-sdk-java/comments{/number}', 'issue_comment_url': 'https://api.github.com/repos/microsoftgraph/msgraph-sdk-java/issues/comments{/number}', 'contents_url': 'https://api.github.com/repos/microsoftgraph/msgraph-sdk-java/contents/{+path}', 'compare_url': 'https://api.github.com/repos/microsoftgraph/msgraph-sdk-java/compare/{base}...{head}', 'merges_url': 'https://api.github.com/repos/microsoftgraph/msgraph-sdk-java/merges', 'archive_url': 'https://api.github.com/repos/microsoftgraph/msgraph-sdk-java/{archive_format}{/ref}', 'downloads_url': 'https://api.github.com/repos/microsoftgraph/msgraph-sdk-java/downloads', 'issues_url': 'https://api.github.com/repos/microsoftgraph/msgraph-sdk-java/issues{/number}', 'pulls_url': 'https://api.github.com/repos/microsoftgraph/msgraph-sdk-java/pulls{/number}', 'milestones_url': 'https://api.github.com/repos/microsoftgraph/msgraph-sdk-java/milestones{/number}', 'notifications_url': 'https://api.github.com/repos/microsoftgraph/msgraph-sdk-java/notifications{?since,all,participating}', 'labels_url': 'https://api.github.com/repos/microsoftgraph/msgraph-sdk-java/labels{/name}', 'releases_url': 'https://api.github.com/repos/microsoftgraph/msgraph-sdk-java/releases{/id}', 'deployments_url': 'https://api.github.com/repos/microsoftgraph/msgraph-sdk-java/deployments', 'created_at': '2017-09-12T17:20:15Z', 'updated_at': '2022-04-10T14:24:06Z', 'pushed_at': '2022-04-22T16:18:14Z', 'git_url': 'git://github.com/microsoftgraph/msgraph-sdk-java.git', 'ssh_url': 'git@github.com:microsoftgraph/msgraph-sdk-java.git', 'clone_url': 'https://github.com/microsoftgraph/msgraph-sdk-java.git', 'svn_url': 'https://github.com/microsoftgraph/msgraph-sdk-java', 'homepage': 'https://docs.microsoft.com/en-us/graph/sdks/sdks-overview', 'size': 58753, 'stargazers_count': 245, 'watchers_count': 245, 'language': 'Java', 'has_issues': True, 'has_projects': True, 'has_downloads': True, 'has_wiki': False, 'has_pages': False, 'forks_count': 102, 'mirror_url': None, 'archived': False, 'disabled': False, 'open_issues_count': 5, 'license': {'key': 'mit', 'name': 'MIT License', 'spdx_id': 'MIT', 'url': 'https://api.github.com/licenses/mit', 'node_id': 'MDc6TGljZW5zZTEz'}, 'allow_forking': True, 'is_template': False, 'topics': ['java', 'microsoft-graph', 'microsoft-graph-sdk', 'sdk'], 'visibility': 'public', 'forks': 102, 'open_issues': 5, 'watchers': 245, 'default_branch': 'dev'}}, 'base': {'label': 'microsoftgraph:dev', 'ref': 'dev', 'sha': 'b7600e8ee421f4d1ce2ca7f8a6894bcfee03d760', 'user': {'login': 'microsoftgraph', 'id': 17304259, 'node_id': 'MDEyOk9yZ2FuaXphdGlvbjE3MzA0MjU5', 'avatar_url': 'https://avatars.githubusercontent.com/u/17304259?v=4', 'gravatar_id': '', 'url': 'https://api.github.com/users/microsoftgraph', 'html_url': 'https://github.com/microsoftgraph', 'followers_url': 'https://api.github.com/users/microsoftgraph/followers', 'following_url': 'https://api.github.com/users/microsoftgraph/following{/other_user}', 'gists_url': 'https://api.github.com/users/microsoftgraph/gists{/gist_id}', 'starred_url': 'https://api.github.com/users/microsoftgraph/starred{/owner}{/repo}', 'subscriptions_url': 'https://api.github.com/users/microsoftgraph/subscriptions', 'organizations_url': 'https://api.github.com/users/microsoftgraph/orgs', 'repos_url': 'https://api.github.com/users/microsoftgraph/repos', 'events_url': 'https://api.github.com/users/microsoftgraph/events{/privacy}', 'received_events_url': 'https://api.github.com/users/microsoftgraph/received_events', 'type': 'Organization', 'site_admin': False}, 'repo': {'id': 103300409, 'node_id': 'MDEwOlJlcG9zaXRvcnkxMDMzMDA0MDk=', 'name': 'msgraph-sdk-java', 'full_name': 'microsoftgraph/msgraph-sdk-java', 'private': False, 'owner': {'login': 'microsoftgraph', 'id': 17304259, 'node_id': 'MDEyOk9yZ2FuaXphdGlvbjE3MzA0MjU5', 'avatar_url': 'https://avatars.githubusercontent.com/u/17304259?v=4', 'gravatar_id': '', 'url': 'https://api.github.com/users/microsoftgraph', 'html_url': 'https://github.com/microsoftgraph', 'followers_url': 'https://api.github.com/users/microsoftgraph/followers', 'following_url': 'https://api.github.com/users/microsoftgraph/following{/other_user}', 'gists_url': 'https://api.github.com/users/microsoftgraph/gists{/gist_id}', 'starred_url': 'https://api.github.com/users/microsoftgraph/starred{/owner}{/repo}', 'subscriptions_url': 'https://api.github.com/users/microsoftgraph/subscriptions', 'organizations_url': 'https://api.github.com/users/microsoftgraph/orgs', 'repos_url': 'https://api.github.com/users/microsoftgraph/repos', 'events_url': 'https://api.github.com/users/microsoftgraph/events{/privacy}', 'received_events_url': 'https://api.github.com/users/microsoftgraph/received_events', 'type': 'Organization', 'site_admin': False}, 'html_url': 'https://github.com/microsoftgraph/msgraph-sdk-java', 'description': 'Microsoft Graph SDK for Java', 'fork': False, 'url': 'https://api.github.com/repos/microsoftgraph/msgraph-sdk-java', 'forks_url': 'https://api.github.com/repos/microsoftgraph/msgraph-sdk-java/forks', 'keys_url': 'https://api.github.com/repos/microsoftgraph/msgraph-sdk-java/keys{/key_id}', 'collaborators_url': 'https://api.github.com/repos/microsoftgraph/msgraph-sdk-java/collaborators{/collaborator}', 'teams_url': 'https://api.github.com/repos/microsoftgraph/msgraph-sdk-java/teams', 'hooks_url': 'https://api.github.com/repos/microsoftgraph/msgraph-sdk-java/hooks', 'issue_events_url': 'https://api.github.com/repos/microsoftgraph/msgraph-sdk-java/issues/events{/number}', 'events_url': 'https://api.github.com/repos/microsoftgraph/msgraph-sdk-java/events', 'assignees_url': 'https://api.github.com/repos/microsoftgraph/msgraph-sdk-java/assignees{/user}', 'branches_url': 'https://api.github.com/repos/microsoftgraph/msgraph-sdk-java/branches{/branch}', 'tags_url': 'https://api.github.com/repos/microsoftgraph/msgraph-sdk-java/tags', 'blobs_url': 'https://api.github.com/repos/microsoftgraph/msgraph-sdk-java/git/blobs{/sha}', 'git_tags_url': 'https://api.github.com/repos/microsoftgraph/msgraph-sdk-java/git/tags{/sha}', 'git_refs_url': 'https://api.github.com/repos/microsoftgraph/msgraph-sdk-java/git/refs{/sha}', 'trees_url': 'https://api.github.com/repos/microsoftgraph/msgraph-sdk-java/git/trees{/sha}', 'statuses_url': 'https://api.github.com/repos/microsoftgraph/msgraph-sdk-java/statuses/{sha}', 'languages_url': 'https://api.github.com/repos/microsoftgraph/msgraph-sdk-java/languages', 'stargazers_url': 'https://api.github.com/repos/microsoftgraph/msgraph-sdk-java/stargazers', 'contributors_url': 'https://api.github.com/repos/microsoftgraph/msgraph-sdk-java/contributors', 'subscribers_url': 'https://api.github.com/repos/microsoftgraph/msgraph-sdk-java/subscribers', 'subscription_url': 'https://api.github.com/repos/microsoftgraph/msgraph-sdk-java/subscription', 'commits_url': 'https://api.github.com/repos/microsoftgraph/msgraph-sdk-java/commits{/sha}', 'git_commits_url': 'https://api.github.com/repos/microsoftgraph/msgraph-sdk-java/git/commits{/sha}', 'comments_url': 'https://api.github.com/repos/microsoftgraph/msgraph-sdk-java/comments{/number}', 'issue_comment_url': 'https://api.github.com/repos/microsoftgraph/msgraph-sdk-java/issues/comments{/number}', 'contents_url': 'https://api.github.com/repos/microsoftgraph/msgraph-sdk-java/contents/{+path}', 'compare_url': 'https://api.github.com/repos/microsoftgraph/msgraph-sdk-java/compare/{base}...{head}', 'merges_url': 'https://api.github.com/repos/microsoftgraph/msgraph-sdk-java/merges', 'archive_url': 'https://api.github.com/repos/microsoftgraph/msgraph-sdk-java/{archive_format}{/ref}', 'downloads_url': 'https://api.github.com/repos/microsoftgraph/msgraph-sdk-java/downloads', 'issues_url': 'https://api.github.com/repos/microsoftgraph/msgraph-sdk-java/issues{/number}', 'pulls_url': 'https://api.github.com/repos/microsoftgraph/msgraph-sdk-java/pulls{/number}', 'milestones_url': 'https://api.github.com/repos/microsoftgraph/msgraph-sdk-java/milestones{/number}', 'notifications_url': 'https://api.github.com/repos/microsoftgraph/msgraph-sdk-java/notifications{?since,all,participating}', 'labels_url': 'https://api.github.com/repos/microsoftgraph/msgraph-sdk-java/labels{/name}', 'releases_url': 'https://api.github.com/repos/microsoftgraph/msgraph-sdk-java/releases{/id}', 'deployments_url': 'https://api.github.com/repos/microsoftgraph/msgraph-sdk-java/deployments', 'created_at': '2017-09-12T17:20:15Z', 'updated_at': '2022-04-10T14:24:06Z', 'pushed_at': '2022-04-22T16:18:14Z', 'git_url': 'git://github.com/microsoftgraph/msgraph-sdk-java.git', 'ssh_url': 'git@github.com:microsoftgraph/msgraph-sdk-java.git', 'clone_url': 'https://github.com/microsoftgraph/msgraph-sdk-java.git', 'svn_url': 'https://github.com/microsoftgraph/msgraph-sdk-java', 'homepage': 'https://docs.microsoft.com/en-us/graph/sdks/sdks-overview', 'size': 58753, 'stargazers_count': 245, 'watchers_count': 245, 'language': 'Java', 'has_issues': True, 'has_projects': True, 'has_downloads': True, 'has_wiki': False, 'has_pages': False, 'forks_count': 102, 'mirror_url': None, 'archived': False, 'disabled': False, 'open_issues_count': 5, 'license': {'key': 'mit', 'name': 'MIT License', 'spdx_id': 'MIT', 'url': 'https://api.github.com/licenses/mit', 'node_id': 'MDc6TGljZW5zZTEz'}, 'allow_forking': True, 'is_template': False, 'topics': ['java', 'microsoft-graph', 'microsoft-graph-sdk', 'sdk'], 'visibility': 'public', 'forks': 102, 'open_issues': 5, 'watchers': 245, 'default_branch': 'dev'}}, '_links': {'self': {'href': 'https://api.github.com/repos/microsoftgraph/msgraph-sdk-java/pulls/1055'}, 'html': {'href': 'https://github.com/microsoftgraph/msgraph-sdk-java/pull/1055'}, 'issue': {'href': 'https://api.github.com/repos/microsoftgraph/msgraph-sdk-java/issues/1055'}, 'comments': {'href': 'https://api.github.com/repos/microsoftgraph/msgraph-sdk-java/issues/1055/comments'}, 'review_comments': {'href': 'https://api.github.com/repos/microsoftgraph/msgraph-sdk-java/pulls/1055/comments'}, 'review_comment': {'href': 'https://api.github.com/repos/microsoftgraph/msgraph-sdk-java/pulls/comments{/number}'}, 'commits': {'href': 'https://api.github.com/repos/microsoftgraph/msgraph-sdk-java/pulls/1055/commits'}, 'statuses': {'href': 'https://api.github.com/repos/microsoftgraph/msgraph-sdk-java/statuses/0bab726df2796037f5a6ab7a85a280c3c345bb27'}}, 'author_association': 'CONTRIBUTOR', 'auto_merge': None, 'active_lock_reason': None}}",created,Java
21421639453,PushEvent,microsoftgraph/msgraph-sdk-java,0.0,2022-04-22T16:18:15Z,"{'push_id': 9694887390, 'size': 2, 'distinct_size': 2, 'ref': 'refs/heads/dev', 'head': '5e9c9f5653941ccb90cac61713f81cc5dcefe34f', 'before': '691accda5775d4514d1b42c88bf2ec2de42531a8', 'commits': [{'sha': '4767d340795147740131530599c124e4fcc99c5d', 'author': {'email': '49699333+dependabot[bot]@users.noreply.github.com', 'name': 'dependabot[bot]'}, 'message': 'Bump mockito-inline from 4.5.0 to 4.5.1\n\nBumps [mockito-inline](https://github.com/mockito/mockito) from 4.5.0 to 4.5.1.\n- [Release notes](https://github.com/mockito/mockito/releases)\n- [Commits](https://github.com/mockito/mockito/compare/v4.5.0...v4.5.1)\n\n---\nupdated-dependencies:\n- dependency-name: org.mockito:mockito-inline\n  dependency-type: direct:development\n  update-type: version-update:semver-patch\n...\n\nSigned-off-by: dependabot[bot] <support@github.com>', 'distinct': True, 'url': 'https://api.github.com/repos/microsoftgraph/msgraph-sdk-java/commits/4767d340795147740131530599c124e4fcc99c5d'}, {'sha': '5e9c9f5653941ccb90cac61713f81cc5dcefe34f', 'author': {'email': '63934382+ramsessanchez@users.noreply.github.com', 'name': 'ramsessanchez'}, 'message': 'Merge pull request #1056 from microsoftgraph/dependabot/maven/org.mockito-mockito-inline-4.5.1\n\nBump mockito-inline from 4.5.0 to 4.5.1', 'distinct': True, 'url': 'https://api.github.com/repos/microsoftgraph/msgraph-sdk-java/commits/5e9c9f5653941ccb90cac61713f81cc5dcefe34f'}]}",,Java
21421639285,DeleteEvent,microsoftgraph/msgraph-sdk-java,0.0,2022-04-22T16:18:15Z,"{'ref': 'dependabot/maven/org.mockito-mockito-inline-4.5.1', 'ref_type': 'branch', 'pusher_type': 'user'}",,Java
21421639195,PullRequestEvent,microsoftgraph/msgraph-sdk-java,0.0,2022-04-22T16:18:14Z,"{'action': 'closed', 'number': 1056, 'pull_request': {'url': 'https://api.github.com/repos/microsoftgraph/msgraph-sdk-java/pulls/1056', 'id': 916017416, 'node_id': 'PR_kwDOBig9Oc42mVEI', 'html_url': 'https://github.com/microsoftgraph/msgraph-sdk-java/pull/1056', 'diff_url': 'https://github.com/microsoftgraph/msgraph-sdk-java/pull/1056.diff', 'patch_url': 'https://github.com/microsoftgraph/msgraph-sdk-java/pull/1056.patch', 'issue_url': 'https://api.github.com/repos/microsoftgraph/msgraph-sdk-java/issues/1056', 'number': 1056, 'state': 'closed', 'locked': False, 'title': 'Bump mockito-inline from 4.5.0 to 4.5.1', 'user': {'login': 'dependabot[bot]', 'id': 49699333, 'node_id': 'MDM6Qm90NDk2OTkzMzM=', 'avatar_url': 'https://avatars.githubusercontent.com/in/29110?v=4', 'gravatar_id': '', 'url': 'https://api.github.com/users/dependabot%5Bbot%5D', 'html_url': 'https://github.com/apps/dependabot', 'followers_url': 'https://api.github.com/users/dependabot%5Bbot%5D/followers', 'following_url': 'https://api.github.com/users/dependabot%5Bbot%5D/following{/other_user}', 'gists_url': 'https://api.github.com/users/dependabot%5Bbot%5D/gists{/gist_id}', 'starred_url': 'https://api.github.com/users/dependabot%5Bbot%5D/starred{/owner}{/repo}', 'subscriptions_url': 'https://api.github.com/users/dependabot%5Bbot%5D/subscriptions', 'organizations_url': 'https://api.github.com/users/dependabot%5Bbot%5D/orgs', 'repos_url': 'https://api.github.com/users/dependabot%5Bbot%5D/repos', 'events_url': 'https://api.github.com/users/dependabot%5Bbot%5D/events{/privacy}', 'received_events_url': 'https://api.github.com/users/dependabot%5Bbot%5D/received_events', 'type': 'Bot', 'site_admin': False}, 'body': 'Bumps [mockito-inline](https://github.com/mockito/mockito) from 4.5.0 to 4.5.1.\n<details>\n<summary>Release notes</summary>\n<p><em>Sourced from <a href=""https://github.com/mockito/mockito/releases"">mockito-inline\'s releases</a>.</em></p>\n<blockquote>\n<h2>v4.5.1</h2>\n<p><!-- raw HTML omitted --><!-- raw HTML omitted --><em>Changelog generated by <a href=""https://github.com/shipkit/shipkit-changelog"">Shipkit Changelog Gradle Plugin</a></em><!-- raw HTML omitted --><!-- raw HTML omitted --></p>\n<h4>4.5.1</h4>\n<ul>\n<li>2022-04-21 - <a href=""https://github.com/mockito/mockito/compare/v4.5.0...v4.5.1"">2 commit(s)</a> by Jeremy Landis, dependabot[bot]</li>\n<li>Fixes <a href=""https://github-redirect.dependabot.com/mockito/mockito/issues/2623"">#2623</a>: Use zulu distribution and java 11 for release GHA job [(<a href=""https://github-redirect.dependabot.com/mockito/mockito/issues/2624"">#2624</a>)](<a href=""https://github-redirect.dependabot.com/mockito/mockito/pull/2624"">mockito/mockito#2624</a>)</li>\n<li>Missing errorprone module for 4.5.0 in central as release was done with jdk 8 [(<a href=""https://github-redirect.dependabot.com/mockito/mockito/issues/2623"">#2623</a>)](<a href=""https://github-redirect.dependabot.com/mockito/mockito/issues/2623"">mockito/mockito#2623</a>)</li>\n<li>Bump kotlinVersion from 1.6.20 to 1.6.21 [(<a href=""https://github-redirect.dependabot.com/mockito/mockito/issues/2622"">#2622</a>)](<a href=""https://github-redirect.dependabot.com/mockito/mockito/pull/2622"">mockito/mockito#2622</a>)</li>\n</ul>\n</blockquote>\n</details>\n<details>\n<summary>Commits</summary>\n<ul>\n<li><a href=""https://github.com/mockito/mockito/commit/737f0a3517256af6ade37fd0e776a2bb230de553""><code>737f0a3</code></a> Fixes <a href=""https://github-redirect.dependabot.com/mockito/mockito/issues/2623"">#2623</a>: Use zulu distribution and java 11 for release GHA job (<a href=""https://github-redirect.dependabot.com/mockito/mockito/issues/2624"">#2624</a>)</li>\n<li><a href=""https://github.com/mockito/mockito/commit/f48d794ad14982a134fd14dd2aef03477b699dc6""><code>f48d794</code></a> Bump kotlinVersion from 1.6.20 to 1.6.21 (<a href=""https://github-redirect.dependabot.com/mockito/mockito/issues/2622"">#2622</a>)</li>\n<li>See full diff in <a href=""https://github.com/mockito/mockito/compare/v4.5.0...v4.5.1"">compare view</a></li>\n</ul>\n</details>\n<br />\n\n\n[![Dependabot compatibility score](https://dependabot-badges.githubapp.com/badges/compatibility_score?dependency-name=org.mockito:mockito-inline&package-manager=maven&previous-version=4.5.0&new-version=4.5.1)](https://docs.github.com/en/github/managing-security-vulnerabilities/about-dependabot-security-updates#about-compatibility-scores)\n\nDependabot will resolve any conflicts with this PR as long as you don\'t alter it yourself. You can also trigger a rebase manually by commenting `@dependabot rebase`.\n\n[//]: # (dependabot-automerge-start)\n[//]: # (dependabot-automerge-end)\n\n---\n\n<details>\n<summary>Dependabot commands and options</summary>\n<br />\n\nYou can trigger Dependabot actions by commenting on this PR:\n- `@dependabot rebase` will rebase this PR\n- `@dependabot recreate` will recreate this PR, overwriting any edits that have been made to it\n- `@dependabot merge` will merge this PR after your CI passes on it\n- `@dependabot squash and merge` will squash and merge this PR after your CI passes on it\n- `@dependabot cancel merge` will cancel a previously requested merge and block automerging\n- `@dependabot reopen` will reopen this PR if it is closed\n- `@dependabot close` will close this PR and stop Dependabot recreating it. You can achieve the same result by closing it manually\n- `@dependabot ignore this major version` will close this PR and stop Dependabot creating any more for this major version (unless you reopen the PR or upgrade to it yourself)\n- `@dependabot ignore this minor version` will close this PR and stop Dependabot creating any more for this minor version (unless you reopen the PR or upgrade to it yourself)\n- `@dependabot ignore this dependency` will close this PR and stop Dependabot creating any more for this dependency (unless you reopen the PR or upgrade to it yourself)\n\n\n</details>', 'created_at': '2022-04-22T05:05:20Z', 'updated_at': '2022-04-22T16:18:14Z', 'closed_at': '2022-04-22T16:18:13Z', 'merged_at': '2022-04-22T16:18:13Z', 'merge_commit_sha': '5e9c9f5653941ccb90cac61713f81cc5dcefe34f', 'assignee': None, 'assignees': [], 'requested_reviewers': [{'login': 'zengin', 'id': 803311, 'node_id': 'MDQ6VXNlcjgwMzMxMQ==', 'avatar_url': 'https://avatars.githubusercontent.com/u/803311?v=4', 'gravatar_id': '', 'url': 'https://api.github.com/users/zengin', 'html_url': 'https://github.com/zengin', 'followers_url': 'https://api.github.com/users/zengin/followers', 'following_url': 'https://api.github.com/users/zengin/following{/other_user}', 'gists_url': 'https://api.github.com/users/zengin/gists{/gist_id}', 'starred_url': 'https://api.github.com/users/zengin/starred{/owner}{/repo}', 'subscriptions_url': 'https://api.github.com/users/zengin/subscriptions', 'organizations_url': 'https://api.github.com/users/zengin/orgs', 'repos_url': 'https://api.github.com/users/zengin/repos', 'events_url': 'https://api.github.com/users/zengin/events{/privacy}', 'received_events_url': 'https://api.github.com/users/zengin/received_events', 'type': 'User', 'site_admin': False}, {'login': 'baywet', 'id': 7905502, 'node_id': 'MDQ6VXNlcjc5MDU1MDI=', 'avatar_url': 'https://avatars.githubusercontent.com/u/7905502?v=4', 'gravatar_id': '', 'url': 'https://api.github.com/users/baywet', 'html_url': 'https://github.com/baywet', 'followers_url': 'https://api.github.com/users/baywet/followers', 'following_url': 'https://api.github.com/users/baywet/following{/other_user}', 'gists_url': 'https://api.github.com/users/baywet/gists{/gist_id}', 'starred_url': 'https://api.github.com/users/baywet/starred{/owner}{/repo}', 'subscriptions_url': 'https://api.github.com/users/baywet/subscriptions', 'organizations_url': 'https://api.github.com/users/baywet/orgs', 'repos_url': 'https://api.github.com/users/baywet/repos', 'events_url': 'https://api.github.com/users/baywet/events{/privacy}', 'received_events_url': 'https://api.github.com/users/baywet/received_events', 'type': 'User', 'site_admin': False}, {'login': 'MIchaelMainer', 'id': 8527305, 'node_id': 'MDQ6VXNlcjg1MjczMDU=', 'avatar_url': 'https://avatars.githubusercontent.com/u/8527305?v=4', 'gravatar_id': '', 'url': 'https://api.github.com/users/MIchaelMainer', 'html_url': 'https://github.com/MIchaelMainer', 'followers_url': 'https://api.github.com/users/MIchaelMainer/followers', 'following_url': 'https://api.github.com/users/MIchaelMainer/following{/other_user}', 'gists_url': 'https://api.github.com/users/MIchaelMainer/gists{/gist_id}', 'starred_url': 'https://api.github.com/users/MIchaelMainer/starred{/owner}{/repo}', 'subscriptions_url': 'https://api.github.com/users/MIchaelMainer/subscriptions', 'organizations_url': 'https://api.github.com/users/MIchaelMainer/orgs', 'repos_url': 'https://api.github.com/users/MIchaelMainer/repos', 'events_url': 'https://api.github.com/users/MIchaelMainer/events{/privacy}', 'received_events_url': 'https://api.github.com/users/MIchaelMainer/received_events', 'type': 'User', 'site_admin': False}, {'login': 'ddyett', 'id': 20829981, 'node_id': 'MDQ6VXNlcjIwODI5OTgx', 'avatar_url': 'https://avatars.githubusercontent.com/u/20829981?v=4', 'gravatar_id': '', 'url': 'https://api.github.com/users/ddyett', 'html_url': 'https://github.com/ddyett', 'followers_url': 'https://api.github.com/users/ddyett/followers', 'following_url': 'https://api.github.com/users/ddyett/following{/other_user}', 'gists_url': 'https://api.github.com/users/ddyett/gists{/gist_id}', 'starred_url': 'https://api.github.com/users/ddyett/starred{/owner}{/repo}', 'subscriptions_url': 'https://api.github.com/users/ddyett/subscriptions', 'organizations_url': 'https://api.github.com/users/ddyett/orgs', 'repos_url': 'https://api.github.com/users/ddyett/repos', 'events_url': 'https://api.github.com/users/ddyett/events{/privacy}', 'received_events_url': 'https://api.github.com/users/ddyett/received_events', 'type': 'User', 'site_admin': False}, {'login': 'nikithauc', 'id': 23219007, 'node_id': 'MDQ6VXNlcjIzMjE5MDA3', 'avatar_url': 'https://avatars.githubusercontent.com/u/23219007?v=4', 'gravatar_id': '', 'url': 'https://api.github.com/users/nikithauc', 'html_url': 'https://github.com/nikithauc', 'followers_url': 'https://api.github.com/users/nikithauc/followers', 'following_url': 'https://api.github.com/users/nikithauc/following{/other_user}', 'gists_url': 'https://api.github.com/users/nikithauc/gists{/gist_id}', 'starred_url': 'https://api.github.com/users/nikithauc/starred{/owner}{/repo}', 'subscriptions_url': 'https://api.github.com/users/nikithauc/subscriptions', 'organizations_url': 'https://api.github.com/users/nikithauc/orgs', 'repos_url': 'https://api.github.com/users/nikithauc/repos', 'events_url': 'https://api.github.com/users/nikithauc/events{/privacy}', 'received_events_url': 'https://api.github.com/users/nikithauc/received_events', 'type': 'User', 'site_admin': False}], 'requested_teams': [], 'labels': [{'id': 2284805061, 'node_id': 'MDU6TGFiZWwyMjg0ODA1MDYx', 'url': 'https://api.github.com/repos/microsoftgraph/msgraph-sdk-java/labels/dependencies', 'name': 'dependencies', 'color': '0366d6', 'default': False, 'description': 'Pull requests that update a dependency file'}, {'id': 2284805070, 'node_id': 'MDU6TGFiZWwyMjg0ODA1MDcw', 'url': 'https://api.github.com/repos/microsoftgraph/msgraph-sdk-java/labels/java', 'name': 'java', 'color': 'ffa221', 'default': False, 'description': 'Pull requests that update Java code'}], 'milestone': None, 'draft': False, 'commits_url': 'https://api.github.com/repos/microsoftgraph/msgraph-sdk-java/pulls/1056/commits', 'review_comments_url': 'https://api.github.com/repos/microsoftgraph/msgraph-sdk-java/pulls/1056/comments', 'review_comment_url': 'https://api.github.com/repos/microsoftgraph/msgraph-sdk-java/pulls/comments{/number}', 'comments_url': 'https://api.github.com/repos/microsoftgraph/msgraph-sdk-java/issues/1056/comments', 'statuses_url': 'https://api.github.com/repos/microsoftgraph/msgraph-sdk-java/statuses/4767d340795147740131530599c124e4fcc99c5d', 'head': {'label': 'microsoftgraph:dependabot/maven/org.mockito-mockito-inline-4.5.1', 'ref': 'dependabot/maven/org.mockito-mockito-inline-4.5.1', 'sha': '4767d340795147740131530599c124e4fcc99c5d', 'user': {'login': 'microsoftgraph', 'id': 17304259, 'node_id': 'MDEyOk9yZ2FuaXphdGlvbjE3MzA0MjU5', 'avatar_url': 'https://avatars.githubusercontent.com/u/17304259?v=4', 'gravatar_id': '', 'url': 'https://api.github.com/users/microsoftgraph', 'html_url': 'https://github.com/microsoftgraph', 'followers_url': 'https://api.github.com/users/microsoftgraph/followers', 'following_url': 'https://api.github.com/users/microsoftgraph/following{/other_user}', 'gists_url': 'https://api.github.com/users/microsoftgraph/gists{/gist_id}', 'starred_url': 'https://api.github.com/users/microsoftgraph/starred{/owner}{/repo}', 'subscriptions_url': 'https://api.github.com/users/microsoftgraph/subscriptions', 'organizations_url': 'https://api.github.com/users/microsoftgraph/orgs', 'repos_url': 'https://api.github.com/users/microsoftgraph/repos', 'events_url': 'https://api.github.com/users/microsoftgraph/events{/privacy}', 'received_events_url': 'https://api.github.com/users/microsoftgraph/received_events', 'type': 'Organization', 'site_admin': False}, 'repo': {'id': 103300409, 'node_id': 'MDEwOlJlcG9zaXRvcnkxMDMzMDA0MDk=', 'name': 'msgraph-sdk-java', 'full_name': 'microsoftgraph/msgraph-sdk-java', 'private': False, 'owner': {'login': 'microsoftgraph', 'id': 17304259, 'node_id': 'MDEyOk9yZ2FuaXphdGlvbjE3MzA0MjU5', 'avatar_url': 'https://avatars.githubusercontent.com/u/17304259?v=4', 'gravatar_id': '', 'url': 'https://api.github.com/users/microsoftgraph', 'html_url': 'https://github.com/microsoftgraph', 'followers_url': 'https://api.github.com/users/microsoftgraph/followers', 'following_url': 'https://api.github.com/users/microsoftgraph/following{/other_user}', 'gists_url': 'https://api.github.com/users/microsoftgraph/gists{/gist_id}', 'starred_url': 'https://api.github.com/users/microsoftgraph/starred{/owner}{/repo}', 'subscriptions_url': 'https://api.github.com/users/microsoftgraph/subscriptions', 'organizations_url': 'https://api.github.com/users/microsoftgraph/orgs', 'repos_url': 'https://api.github.com/users/microsoftgraph/repos', 'events_url': 'https://api.github.com/users/microsoftgraph/events{/privacy}', 'received_events_url': 'https://api.github.com/users/microsoftgraph/received_events', 'type': 'Organization', 'site_admin': False}, 'html_url': 'https://github.com/microsoftgraph/msgraph-sdk-java', 'description': 'Microsoft Graph SDK for Java', 'fork': False, 'url': 'https://api.github.com/repos/microsoftgraph/msgraph-sdk-java', 'forks_url': 'https://api.github.com/repos/microsoftgraph/msgraph-sdk-java/forks', 'keys_url': 'https://api.github.com/repos/microsoftgraph/msgraph-sdk-java/keys{/key_id}', 'collaborators_url': 'https://api.github.com/repos/microsoftgraph/msgraph-sdk-java/collaborators{/collaborator}', 'teams_url': 'https://api.github.com/repos/microsoftgraph/msgraph-sdk-java/teams', 'hooks_url': 'https://api.github.com/repos/microsoftgraph/msgraph-sdk-java/hooks', 'issue_events_url': 'https://api.github.com/repos/microsoftgraph/msgraph-sdk-java/issues/events{/number}', 'events_url': 'https://api.github.com/repos/microsoftgraph/msgraph-sdk-java/events', 'assignees_url': 'https://api.github.com/repos/microsoftgraph/msgraph-sdk-java/assignees{/user}', 'branches_url': 'https://api.github.com/repos/microsoftgraph/msgraph-sdk-java/branches{/branch}', 'tags_url': 'https://api.github.com/repos/microsoftgraph/msgraph-sdk-java/tags', 'blobs_url': 'https://api.github.com/repos/microsoftgraph/msgraph-sdk-java/git/blobs{/sha}', 'git_tags_url': 'https://api.github.com/repos/microsoftgraph/msgraph-sdk-java/git/tags{/sha}', 'git_refs_url': 'https://api.github.com/repos/microsoftgraph/msgraph-sdk-java/git/refs{/sha}', 'trees_url': 'https://api.github.com/repos/microsoftgraph/msgraph-sdk-java/git/trees{/sha}', 'statuses_url': 'https://api.github.com/repos/microsoftgraph/msgraph-sdk-java/statuses/{sha}', 'languages_url': 'https://api.github.com/repos/microsoftgraph/msgraph-sdk-java/languages', 'stargazers_url': 'https://api.github.com/repos/microsoftgraph/msgraph-sdk-java/stargazers', 'contributors_url': 'https://api.github.com/repos/microsoftgraph/msgraph-sdk-java/contributors', 'subscribers_url': 'https://api.github.com/repos/microsoftgraph/msgraph-sdk-java/subscribers', 'subscription_url': 'https://api.github.com/repos/microsoftgraph/msgraph-sdk-java/subscription', 'commits_url': 'https://api.github.com/repos/microsoftgraph/msgraph-sdk-java/commits{/sha}', 'git_commits_url': 'https://api.github.com/repos/microsoftgraph/msgraph-sdk-java/git/commits{/sha}', 'comments_url': 'https://api.github.com/repos/microsoftgraph/msgraph-sdk-java/comments{/number}', 'issue_comment_url': 'https://api.github.com/repos/microsoftgraph/msgraph-sdk-java/issues/comments{/number}', 'contents_url': 'https://api.github.com/repos/microsoftgraph/msgraph-sdk-java/contents/{+path}', 'compare_url': 'https://api.github.com/repos/microsoftgraph/msgraph-sdk-java/compare/{base}...{head}', 'merges_url': 'https://api.github.com/repos/microsoftgraph/msgraph-sdk-java/merges', 'archive_url': 'https://api.github.com/repos/microsoftgraph/msgraph-sdk-java/{archive_format}{/ref}', 'downloads_url': 'https://api.github.com/repos/microsoftgraph/msgraph-sdk-java/downloads', 'issues_url': 'https://api.github.com/repos/microsoftgraph/msgraph-sdk-java/issues{/number}', 'pulls_url': 'https://api.github.com/repos/microsoftgraph/msgraph-sdk-java/pulls{/number}', 'milestones_url': 'https://api.github.com/repos/microsoftgraph/msgraph-sdk-java/milestones{/number}', 'notifications_url': 'https://api.github.com/repos/microsoftgraph/msgraph-sdk-java/notifications{?since,all,participating}', 'labels_url': 'https://api.github.com/repos/microsoftgraph/msgraph-sdk-java/labels{/name}', 'releases_url': 'https://api.github.com/repos/microsoftgraph/msgraph-sdk-java/releases{/id}', 'deployments_url': 'https://api.github.com/repos/microsoftgraph/msgraph-sdk-java/deployments', 'created_at': '2017-09-12T17:20:15Z', 'updated_at': '2022-04-10T14:24:06Z', 'pushed_at': '2022-04-22T16:18:13Z', 'git_url': 'git://github.com/microsoftgraph/msgraph-sdk-java.git', 'ssh_url': 'git@github.com:microsoftgraph/msgraph-sdk-java.git', 'clone_url': 'https://github.com/microsoftgraph/msgraph-sdk-java.git', 'svn_url': 'https://github.com/microsoftgraph/msgraph-sdk-java', 'homepage': 'https://docs.microsoft.com/en-us/graph/sdks/sdks-overview', 'size': 58753, 'stargazers_count': 245, 'watchers_count': 245, 'language': 'Java', 'has_issues': True, 'has_projects': True, 'has_downloads': True, 'has_wiki': False, 'has_pages': False, 'forks_count': 102, 'mirror_url': None, 'archived': False, 'disabled': False, 'open_issues_count': 5, 'license': {'key': 'mit', 'name': 'MIT License', 'spdx_id': 'MIT', 'url': 'https://api.github.com/licenses/mit', 'node_id': 'MDc6TGljZW5zZTEz'}, 'allow_forking': True, 'is_template': False, 'topics': ['java', 'microsoft-graph', 'microsoft-graph-sdk', 'sdk'], 'visibility': 'public', 'forks': 102, 'open_issues': 5, 'watchers': 245, 'default_branch': 'dev'}}, 'base': {'label': 'microsoftgraph:dev', 'ref': 'dev', 'sha': 'b7600e8ee421f4d1ce2ca7f8a6894bcfee03d760', 'user': {'login': 'microsoftgraph', 'id': 17304259, 'node_id': 'MDEyOk9yZ2FuaXphdGlvbjE3MzA0MjU5', 'avatar_url': 'https://avatars.githubusercontent.com/u/17304259?v=4', 'gravatar_id': '', 'url': 'https://api.github.com/users/microsoftgraph', 'html_url': 'https://github.com/microsoftgraph', 'followers_url': 'https://api.github.com/users/microsoftgraph/followers', 'following_url': 'https://api.github.com/users/microsoftgraph/following{/other_user}', 'gists_url': 'https://api.github.com/users/microsoftgraph/gists{/gist_id}', 'starred_url': 'https://api.github.com/users/microsoftgraph/starred{/owner}{/repo}', 'subscriptions_url': 'https://api.github.com/users/microsoftgraph/subscriptions', 'organizations_url': 'https://api.github.com/users/microsoftgraph/orgs', 'repos_url': 'https://api.github.com/users/microsoftgraph/repos', 'events_url': 'https://api.github.com/users/microsoftgraph/events{/privacy}', 'received_events_url': 'https://api.github.com/users/microsoftgraph/received_events', 'type': 'Organization', 'site_admin': False}, 'repo': {'id': 103300409, 'node_id': 'MDEwOlJlcG9zaXRvcnkxMDMzMDA0MDk=', 'name': 'msgraph-sdk-java', 'full_name': 'microsoftgraph/msgraph-sdk-java', 'private': False, 'owner': {'login': 'microsoftgraph', 'id': 17304259, 'node_id': 'MDEyOk9yZ2FuaXphdGlvbjE3MzA0MjU5', 'avatar_url': 'https://avatars.githubusercontent.com/u/17304259?v=4', 'gravatar_id': '', 'url': 'https://api.github.com/users/microsoftgraph', 'html_url': 'https://github.com/microsoftgraph', 'followers_url': 'https://api.github.com/users/microsoftgraph/followers', 'following_url': 'https://api.github.com/users/microsoftgraph/following{/other_user}', 'gists_url': 'https://api.github.com/users/microsoftgraph/gists{/gist_id}', 'starred_url': 'https://api.github.com/users/microsoftgraph/starred{/owner}{/repo}', 'subscriptions_url': 'https://api.github.com/users/microsoftgraph/subscriptions', 'organizations_url': 'https://api.github.com/users/microsoftgraph/orgs', 'repos_url': 'https://api.github.com/users/microsoftgraph/repos', 'events_url': 'https://api.github.com/users/microsoftgraph/events{/privacy}', 'received_events_url': 'https://api.github.com/users/microsoftgraph/received_events', 'type': 'Organization', 'site_admin': False}, 'html_url': 'https://github.com/microsoftgraph/msgraph-sdk-java', 'description': 'Microsoft Graph SDK for Java', 'fork': False, 'url': 'https://api.github.com/repos/microsoftgraph/msgraph-sdk-java', 'forks_url': 'https://api.github.com/repos/microsoftgraph/msgraph-sdk-java/forks', 'keys_url': 'https://api.github.com/repos/microsoftgraph/msgraph-sdk-java/keys{/key_id}', 'collaborators_url': 'https://api.github.com/repos/microsoftgraph/msgraph-sdk-java/collaborators{/collaborator}', 'teams_url': 'https://api.github.com/repos/microsoftgraph/msgraph-sdk-java/teams', 'hooks_url': 'https://api.github.com/repos/microsoftgraph/msgraph-sdk-java/hooks', 'issue_events_url': 'https://api.github.com/repos/microsoftgraph/msgraph-sdk-java/issues/events{/number}', 'events_url': 'https://api.github.com/repos/microsoftgraph/msgraph-sdk-java/events', 'assignees_url': 'https://api.github.com/repos/microsoftgraph/msgraph-sdk-java/assignees{/user}', 'branches_url': 'https://api.github.com/repos/microsoftgraph/msgraph-sdk-java/branches{/branch}', 'tags_url': 'https://api.github.com/repos/microsoftgraph/msgraph-sdk-java/tags', 'blobs_url': 'https://api.github.com/repos/microsoftgraph/msgraph-sdk-java/git/blobs{/sha}', 'git_tags_url': 'https://api.github.com/repos/microsoftgraph/msgraph-sdk-java/git/tags{/sha}', 'git_refs_url': 'https://api.github.com/repos/microsoftgraph/msgraph-sdk-java/git/refs{/sha}', 'trees_url': 'https://api.github.com/repos/microsoftgraph/msgraph-sdk-java/git/trees{/sha}', 'statuses_url': 'https://api.github.com/repos/microsoftgraph/msgraph-sdk-java/statuses/{sha}', 'languages_url': 'https://api.github.com/repos/microsoftgraph/msgraph-sdk-java/languages', 'stargazers_url': 'https://api.github.com/repos/microsoftgraph/msgraph-sdk-java/stargazers', 'contributors_url': 'https://api.github.com/repos/microsoftgraph/msgraph-sdk-java/contributors', 'subscribers_url': 'https://api.github.com/repos/microsoftgraph/msgraph-sdk-java/subscribers', 'subscription_url': 'https://api.github.com/repos/microsoftgraph/msgraph-sdk-java/subscription', 'commits_url': 'https://api.github.com/repos/microsoftgraph/msgraph-sdk-java/commits{/sha}', 'git_commits_url': 'https://api.github.com/repos/microsoftgraph/msgraph-sdk-java/git/commits{/sha}', 'comments_url': 'https://api.github.com/repos/microsoftgraph/msgraph-sdk-java/comments{/number}', 'issue_comment_url': 'https://api.github.com/repos/microsoftgraph/msgraph-sdk-java/issues/comments{/number}', 'contents_url': 'https://api.github.com/repos/microsoftgraph/msgraph-sdk-java/contents/{+path}', 'compare_url': 'https://api.github.com/repos/microsoftgraph/msgraph-sdk-java/compare/{base}...{head}', 'merges_url': 'https://api.github.com/repos/microsoftgraph/msgraph-sdk-java/merges', 'archive_url': 'https://api.github.com/repos/microsoftgraph/msgraph-sdk-java/{archive_format}{/ref}', 'downloads_url': 'https://api.github.com/repos/microsoftgraph/msgraph-sdk-java/downloads', 'issues_url': 'https://api.github.com/repos/microsoftgraph/msgraph-sdk-java/issues{/number}', 'pulls_url': 'https://api.github.com/repos/microsoftgraph/msgraph-sdk-java/pulls{/number}', 'milestones_url': 'https://api.github.com/repos/microsoftgraph/msgraph-sdk-java/milestones{/number}', 'notifications_url': 'https://api.github.com/repos/microsoftgraph/msgraph-sdk-java/notifications{?since,all,participating}', 'labels_url': 'https://api.github.com/repos/microsoftgraph/msgraph-sdk-java/labels{/name}', 'releases_url': 'https://api.github.com/repos/microsoftgraph/msgraph-sdk-java/releases{/id}', 'deployments_url': 'https://api.github.com/repos/microsoftgraph/msgraph-sdk-java/deployments', 'created_at': '2017-09-12T17:20:15Z', 'updated_at': '2022-04-10T14:24:06Z', 'pushed_at': '2022-04-22T16:18:13Z', 'git_url': 'git://github.com/microsoftgraph/msgraph-sdk-java.git', 'ssh_url': 'git@github.com:microsoftgraph/msgraph-sdk-java.git', 'clone_url': 'https://github.com/microsoftgraph/msgraph-sdk-java.git', 'svn_url': 'https://github.com/microsoftgraph/msgraph-sdk-java', 'homepage': 'https://docs.microsoft.com/en-us/graph/sdks/sdks-overview', 'size': 58753, 'stargazers_count': 245, 'watchers_count': 245, 'language': 'Java', 'has_issues': True, 'has_projects': True, 'has_downloads': True, 'has_wiki': False, 'has_pages': False, 'forks_count': 102, 'mirror_url': None, 'archived': False, 'disabled': False, 'open_issues_count': 5, 'license': {'key': 'mit', 'name': 'MIT License', 'spdx_id': 'MIT', 'url': 'https://api.github.com/licenses/mit', 'node_id': 'MDc6TGljZW5zZTEz'}, 'allow_forking': True, 'is_template': False, 'topics': ['java', 'microsoft-graph', 'microsoft-graph-sdk', 'sdk'], 'visibility': 'public', 'forks': 102, 'open_issues': 5, 'watchers': 245, 'default_branch': 'dev'}}, '_links': {'self': {'href': 'https://api.github.com/repos/microsoftgraph/msgraph-sdk-java/pulls/1056'}, 'html': {'href': 'https://github.com/microsoftgraph/msgraph-sdk-java/pull/1056'}, 'issue': {'href': 'https://api.github.com/repos/microsoftgraph/msgraph-sdk-java/issues/1056'}, 'comments': {'href': 'https://api.github.com/repos/microsoftgraph/msgraph-sdk-java/issues/1056/comments'}, 'review_comments': {'href': 'https://api.github.com/repos/microsoftgraph/msgraph-sdk-java/pulls/1056/comments'}, 'review_comment': {'href': 'https://api.github.com/repos/microsoftgraph/msgraph-sdk-java/pulls/comments{/number}'}, 'commits': {'href': 'https://api.github.com/repos/microsoftgraph/msgraph-sdk-java/pulls/1056/commits'}, 'statuses': {'href': 'https://api.github.com/repos/microsoftgraph/msgraph-sdk-java/statuses/4767d340795147740131530599c124e4fcc99c5d'}}, 'author_association': 'CONTRIBUTOR', 'auto_merge': None, 'active_lock_reason': None, 'merged': True, 'mergeable': None, 'rebaseable': None, 'mergeable_state': 'unknown', 'merged_by': {'login': 'ramsessanchez', 'id': 63934382, 'node_id': 'MDQ6VXNlcjYzOTM0Mzgy', 'avatar_url': 'https://avatars.githubusercontent.com/u/63934382?v=4', 'gravatar_id': '', 'url': 'https://api.github.com/users/ramsessanchez', 'html_url': 'https://github.com/ramsessanchez', 'followers_url': 'https://api.github.com/users/ramsessanchez/followers', 'following_url': 'https://api.github.com/users/ramsessanchez/following{/other_user}', 'gists_url': 'https://api.github.com/users/ramsessanchez/gists{/gist_id}', 'starred_url': 'https://api.github.com/users/ramsessanchez/starred{/owner}{/repo}', 'subscriptions_url': 'https://api.github.com/users/ramsessanchez/subscriptions', 'organizations_url': 'https://api.github.com/users/ramsessanchez/orgs', 'repos_url': 'https://api.github.com/users/ramsessanchez/repos', 'events_url': 'https://api.github.com/users/ramsessanchez/events{/privacy}', 'received_events_url': 'https://api.github.com/users/ramsessanchez/received_events', 'type': 'User', 'site_admin': False}, 'comments': 0, 'review_comments': 0, 'maintainer_can_modify': False, 'commits': 1, 'additions': 1, 'deletions': 1, 'changed_files': 1}}",closed,Java
21421637535,PullRequestReviewEvent,microsoftgraph/msgraph-sdk-java,0.0,2022-04-22T16:18:08Z,"{'action': 'created', 'review': {'id': 950314968, 'node_id': 'PRR_kwDOBig9Oc44pKfY', 'user': {'login': 'ramsessanchez', 'id': 63934382, 'node_id': 'MDQ6VXNlcjYzOTM0Mzgy', 'avatar_url': 'https://avatars.githubusercontent.com/u/63934382?v=4', 'gravatar_id': '', 'url': 'https://api.github.com/users/ramsessanchez', 'html_url': 'https://github.com/ramsessanchez', 'followers_url': 'https://api.github.com/users/ramsessanchez/followers', 'following_url': 'https://api.github.com/users/ramsessanchez/following{/other_user}', 'gists_url': 'https://api.github.com/users/ramsessanchez/gists{/gist_id}', 'starred_url': 'https://api.github.com/users/ramsessanchez/starred{/owner}{/repo}', 'subscriptions_url': 'https://api.github.com/users/ramsessanchez/subscriptions', 'organizations_url': 'https://api.github.com/users/ramsessanchez/orgs', 'repos_url': 'https://api.github.com/users/ramsessanchez/repos', 'events_url': 'https://api.github.com/users/ramsessanchez/events{/privacy}', 'received_events_url': 'https://api.github.com/users/ramsessanchez/received_events', 'type': 'User', 'site_admin': False}, 'body': '', 'commit_id': '4767d340795147740131530599c124e4fcc99c5d', 'submitted_at': '2022-04-22T16:18:07Z', 'state': 'approved', 'html_url': 'https://github.com/microsoftgraph/msgraph-sdk-java/pull/1056#pullrequestreview-950314968', 'pull_request_url': 'https://api.github.com/repos/microsoftgraph/msgraph-sdk-java/pulls/1056', 'author_association': 'CONTRIBUTOR', '_links': {'html': {'href': 'https://github.com/microsoftgraph/msgraph-sdk-java/pull/1056#pullrequestreview-950314968'}, 'pull_request': {'href': 'https://api.github.com/repos/microsoftgraph/msgraph-sdk-java/pulls/1056'}}}, 'pull_request': {'url': 'https://api.github.com/repos/microsoftgraph/msgraph-sdk-java/pulls/1056', 'id': 916017416, 'node_id': 'PR_kwDOBig9Oc42mVEI', 'html_url': 'https://github.com/microsoftgraph/msgraph-sdk-java/pull/1056', 'diff_url': 'https://github.com/microsoftgraph/msgraph-sdk-java/pull/1056.diff', 'patch_url': 'https://github.com/microsoftgraph/msgraph-sdk-java/pull/1056.patch', 'issue_url': 'https://api.github.com/repos/microsoftgraph/msgraph-sdk-java/issues/1056', 'number': 1056, 'state': 'open', 'locked': False, 'title': 'Bump mockito-inline from 4.5.0 to 4.5.1', 'user': {'login': 'dependabot[bot]', 'id': 49699333, 'node_id': 'MDM6Qm90NDk2OTkzMzM=', 'avatar_url': 'https://avatars.githubusercontent.com/in/29110?v=4', 'gravatar_id': '', 'url': 'https://api.github.com/users/dependabot%5Bbot%5D', 'html_url': 'https://github.com/apps/dependabot', 'followers_url': 'https://api.github.com/users/dependabot%5Bbot%5D/followers', 'following_url': 'https://api.github.com/users/dependabot%5Bbot%5D/following{/other_user}', 'gists_url': 'https://api.github.com/users/dependabot%5Bbot%5D/gists{/gist_id}', 'starred_url': 'https://api.github.com/users/dependabot%5Bbot%5D/starred{/owner}{/repo}', 'subscriptions_url': 'https://api.github.com/users/dependabot%5Bbot%5D/subscriptions', 'organizations_url': 'https://api.github.com/users/dependabot%5Bbot%5D/orgs', 'repos_url': 'https://api.github.com/users/dependabot%5Bbot%5D/repos', 'events_url': 'https://api.github.com/users/dependabot%5Bbot%5D/events{/privacy}', 'received_events_url': 'https://api.github.com/users/dependabot%5Bbot%5D/received_events', 'type': 'Bot', 'site_admin': False}, 'body': 'Bumps [mockito-inline](https://github.com/mockito/mockito) from 4.5.0 to 4.5.1.\n<details>\n<summary>Release notes</summary>\n<p><em>Sourced from <a href=""https://github.com/mockito/mockito/releases"">mockito-inline\'s releases</a>.</em></p>\n<blockquote>\n<h2>v4.5.1</h2>\n<p><!-- raw HTML omitted --><!-- raw HTML omitted --><em>Changelog generated by <a href=""https://github.com/shipkit/shipkit-changelog"">Shipkit Changelog Gradle Plugin</a></em><!-- raw HTML omitted --><!-- raw HTML omitted --></p>\n<h4>4.5.1</h4>\n<ul>\n<li>2022-04-21 - <a href=""https://github.com/mockito/mockito/compare/v4.5.0...v4.5.1"">2 commit(s)</a> by Jeremy Landis, dependabot[bot]</li>\n<li>Fixes <a href=""https://github-redirect.dependabot.com/mockito/mockito/issues/2623"">#2623</a>: Use zulu distribution and java 11 for release GHA job [(<a href=""https://github-redirect.dependabot.com/mockito/mockito/issues/2624"">#2624</a>)](<a href=""https://github-redirect.dependabot.com/mockito/mockito/pull/2624"">mockito/mockito#2624</a>)</li>\n<li>Missing errorprone module for 4.5.0 in central as release was done with jdk 8 [(<a href=""https://github-redirect.dependabot.com/mockito/mockito/issues/2623"">#2623</a>)](<a href=""https://github-redirect.dependabot.com/mockito/mockito/issues/2623"">mockito/mockito#2623</a>)</li>\n<li>Bump kotlinVersion from 1.6.20 to 1.6.21 [(<a href=""https://github-redirect.dependabot.com/mockito/mockito/issues/2622"">#2622</a>)](<a href=""https://github-redirect.dependabot.com/mockito/mockito/pull/2622"">mockito/mockito#2622</a>)</li>\n</ul>\n</blockquote>\n</details>\n<details>\n<summary>Commits</summary>\n<ul>\n<li><a href=""https://github.com/mockito/mockito/commit/737f0a3517256af6ade37fd0e776a2bb230de553""><code>737f0a3</code></a> Fixes <a href=""https://github-redirect.dependabot.com/mockito/mockito/issues/2623"">#2623</a>: Use zulu distribution and java 11 for release GHA job (<a href=""https://github-redirect.dependabot.com/mockito/mockito/issues/2624"">#2624</a>)</li>\n<li><a href=""https://github.com/mockito/mockito/commit/f48d794ad14982a134fd14dd2aef03477b699dc6""><code>f48d794</code></a> Bump kotlinVersion from 1.6.20 to 1.6.21 (<a href=""https://github-redirect.dependabot.com/mockito/mockito/issues/2622"">#2622</a>)</li>\n<li>See full diff in <a href=""https://github.com/mockito/mockito/compare/v4.5.0...v4.5.1"">compare view</a></li>\n</ul>\n</details>\n<br />\n\n\n[![Dependabot compatibility score](https://dependabot-badges.githubapp.com/badges/compatibility_score?dependency-name=org.mockito:mockito-inline&package-manager=maven&previous-version=4.5.0&new-version=4.5.1)](https://docs.github.com/en/github/managing-security-vulnerabilities/about-dependabot-security-updates#about-compatibility-scores)\n\nDependabot will resolve any conflicts with this PR as long as you don\'t alter it yourself. You can also trigger a rebase manually by commenting `@dependabot rebase`.\n\n[//]: # (dependabot-automerge-start)\n[//]: # (dependabot-automerge-end)\n\n---\n\n<details>\n<summary>Dependabot commands and options</summary>\n<br />\n\nYou can trigger Dependabot actions by commenting on this PR:\n- `@dependabot rebase` will rebase this PR\n- `@dependabot recreate` will recreate this PR, overwriting any edits that have been made to it\n- `@dependabot merge` will merge this PR after your CI passes on it\n- `@dependabot squash and merge` will squash and merge this PR after your CI passes on it\n- `@dependabot cancel merge` will cancel a previously requested merge and block automerging\n- `@dependabot reopen` will reopen this PR if it is closed\n- `@dependabot close` will close this PR and stop Dependabot recreating it. You can achieve the same result by closing it manually\n- `@dependabot ignore this major version` will close this PR and stop Dependabot creating any more for this major version (unless you reopen the PR or upgrade to it yourself)\n- `@dependabot ignore this minor version` will close this PR and stop Dependabot creating any more for this minor version (unless you reopen the PR or upgrade to it yourself)\n- `@dependabot ignore this dependency` will close this PR and stop Dependabot creating any more for this dependency (unless you reopen the PR or upgrade to it yourself)\n\n\n</details>', 'created_at': '2022-04-22T05:05:20Z', 'updated_at': '2022-04-22T16:18:07Z', 'closed_at': None, 'merged_at': None, 'merge_commit_sha': '92e74cbc2624e9105c1e8273cba737ec6a070d61', 'assignee': None, 'assignees': [], 'requested_reviewers': [{'login': 'zengin', 'id': 803311, 'node_id': 'MDQ6VXNlcjgwMzMxMQ==', 'avatar_url': 'https://avatars.githubusercontent.com/u/803311?v=4', 'gravatar_id': '', 'url': 'https://api.github.com/users/zengin', 'html_url': 'https://github.com/zengin', 'followers_url': 'https://api.github.com/users/zengin/followers', 'following_url': 'https://api.github.com/users/zengin/following{/other_user}', 'gists_url': 'https://api.github.com/users/zengin/gists{/gist_id}', 'starred_url': 'https://api.github.com/users/zengin/starred{/owner}{/repo}', 'subscriptions_url': 'https://api.github.com/users/zengin/subscriptions', 'organizations_url': 'https://api.github.com/users/zengin/orgs', 'repos_url': 'https://api.github.com/users/zengin/repos', 'events_url': 'https://api.github.com/users/zengin/events{/privacy}', 'received_events_url': 'https://api.github.com/users/zengin/received_events', 'type': 'User', 'site_admin': False}, {'login': 'baywet', 'id': 7905502, 'node_id': 'MDQ6VXNlcjc5MDU1MDI=', 'avatar_url': 'https://avatars.githubusercontent.com/u/7905502?v=4', 'gravatar_id': '', 'url': 'https://api.github.com/users/baywet', 'html_url': 'https://github.com/baywet', 'followers_url': 'https://api.github.com/users/baywet/followers', 'following_url': 'https://api.github.com/users/baywet/following{/other_user}', 'gists_url': 'https://api.github.com/users/baywet/gists{/gist_id}', 'starred_url': 'https://api.github.com/users/baywet/starred{/owner}{/repo}', 'subscriptions_url': 'https://api.github.com/users/baywet/subscriptions', 'organizations_url': 'https://api.github.com/users/baywet/orgs', 'repos_url': 'https://api.github.com/users/baywet/repos', 'events_url': 'https://api.github.com/users/baywet/events{/privacy}', 'received_events_url': 'https://api.github.com/users/baywet/received_events', 'type': 'User', 'site_admin': False}, {'login': 'MIchaelMainer', 'id': 8527305, 'node_id': 'MDQ6VXNlcjg1MjczMDU=', 'avatar_url': 'https://avatars.githubusercontent.com/u/8527305?v=4', 'gravatar_id': '', 'url': 'https://api.github.com/users/MIchaelMainer', 'html_url': 'https://github.com/MIchaelMainer', 'followers_url': 'https://api.github.com/users/MIchaelMainer/followers', 'following_url': 'https://api.github.com/users/MIchaelMainer/following{/other_user}', 'gists_url': 'https://api.github.com/users/MIchaelMainer/gists{/gist_id}', 'starred_url': 'https://api.github.com/users/MIchaelMainer/starred{/owner}{/repo}', 'subscriptions_url': 'https://api.github.com/users/MIchaelMainer/subscriptions', 'organizations_url': 'https://api.github.com/users/MIchaelMainer/orgs', 'repos_url': 'https://api.github.com/users/MIchaelMainer/repos', 'events_url': 'https://api.github.com/users/MIchaelMainer/events{/privacy}', 'received_events_url': 'https://api.github.com/users/MIchaelMainer/received_events', 'type': 'User', 'site_admin': False}, {'login': 'ddyett', 'id': 20829981, 'node_id': 'MDQ6VXNlcjIwODI5OTgx', 'avatar_url': 'https://avatars.githubusercontent.com/u/20829981?v=4', 'gravatar_id': '', 'url': 'https://api.github.com/users/ddyett', 'html_url': 'https://github.com/ddyett', 'followers_url': 'https://api.github.com/users/ddyett/followers', 'following_url': 'https://api.github.com/users/ddyett/following{/other_user}', 'gists_url': 'https://api.github.com/users/ddyett/gists{/gist_id}', 'starred_url': 'https://api.github.com/users/ddyett/starred{/owner}{/repo}', 'subscriptions_url': 'https://api.github.com/users/ddyett/subscriptions', 'organizations_url': 'https://api.github.com/users/ddyett/orgs', 'repos_url': 'https://api.github.com/users/ddyett/repos', 'events_url': 'https://api.github.com/users/ddyett/events{/privacy}', 'received_events_url': 'https://api.github.com/users/ddyett/received_events', 'type': 'User', 'site_admin': False}, {'login': 'nikithauc', 'id': 23219007, 'node_id': 'MDQ6VXNlcjIzMjE5MDA3', 'avatar_url': 'https://avatars.githubusercontent.com/u/23219007?v=4', 'gravatar_id': '', 'url': 'https://api.github.com/users/nikithauc', 'html_url': 'https://github.com/nikithauc', 'followers_url': 'https://api.github.com/users/nikithauc/followers', 'following_url': 'https://api.github.com/users/nikithauc/following{/other_user}', 'gists_url': 'https://api.github.com/users/nikithauc/gists{/gist_id}', 'starred_url': 'https://api.github.com/users/nikithauc/starred{/owner}{/repo}', 'subscriptions_url': 'https://api.github.com/users/nikithauc/subscriptions', 'organizations_url': 'https://api.github.com/users/nikithauc/orgs', 'repos_url': 'https://api.github.com/users/nikithauc/repos', 'events_url': 'https://api.github.com/users/nikithauc/events{/privacy}', 'received_events_url': 'https://api.github.com/users/nikithauc/received_events', 'type': 'User', 'site_admin': False}], 'requested_teams': [], 'labels': [{'id': 2284805061, 'node_id': 'MDU6TGFiZWwyMjg0ODA1MDYx', 'url': 'https://api.github.com/repos/microsoftgraph/msgraph-sdk-java/labels/dependencies', 'name': 'dependencies', 'color': '0366d6', 'default': False, 'description': 'Pull requests that update a dependency file'}, {'id': 2284805070, 'node_id': 'MDU6TGFiZWwyMjg0ODA1MDcw', 'url': 'https://api.github.com/repos/microsoftgraph/msgraph-sdk-java/labels/java', 'name': 'java', 'color': 'ffa221', 'default': False, 'description': 'Pull requests that update Java code'}], 'milestone': None, 'draft': False, 'commits_url': 'https://api.github.com/repos/microsoftgraph/msgraph-sdk-java/pulls/1056/commits', 'review_comments_url': 'https://api.github.com/repos/microsoftgraph/msgraph-sdk-java/pulls/1056/comments', 'review_comment_url': 'https://api.github.com/repos/microsoftgraph/msgraph-sdk-java/pulls/comments{/number}', 'comments_url': 'https://api.github.com/repos/microsoftgraph/msgraph-sdk-java/issues/1056/comments', 'statuses_url': 'https://api.github.com/repos/microsoftgraph/msgraph-sdk-java/statuses/4767d340795147740131530599c124e4fcc99c5d', 'head': {'label': 'microsoftgraph:dependabot/maven/org.mockito-mockito-inline-4.5.1', 'ref': 'dependabot/maven/org.mockito-mockito-inline-4.5.1', 'sha': '4767d340795147740131530599c124e4fcc99c5d', 'user': {'login': 'microsoftgraph', 'id': 17304259, 'node_id': 'MDEyOk9yZ2FuaXphdGlvbjE3MzA0MjU5', 'avatar_url': 'https://avatars.githubusercontent.com/u/17304259?v=4', 'gravatar_id': '', 'url': 'https://api.github.com/users/microsoftgraph', 'html_url': 'https://github.com/microsoftgraph', 'followers_url': 'https://api.github.com/users/microsoftgraph/followers', 'following_url': 'https://api.github.com/users/microsoftgraph/following{/other_user}', 'gists_url': 'https://api.github.com/users/microsoftgraph/gists{/gist_id}', 'starred_url': 'https://api.github.com/users/microsoftgraph/starred{/owner}{/repo}', 'subscriptions_url': 'https://api.github.com/users/microsoftgraph/subscriptions', 'organizations_url': 'https://api.github.com/users/microsoftgraph/orgs', 'repos_url': 'https://api.github.com/users/microsoftgraph/repos', 'events_url': 'https://api.github.com/users/microsoftgraph/events{/privacy}', 'received_events_url': 'https://api.github.com/users/microsoftgraph/received_events', 'type': 'Organization', 'site_admin': False}, 'repo': {'id': 103300409, 'node_id': 'MDEwOlJlcG9zaXRvcnkxMDMzMDA0MDk=', 'name': 'msgraph-sdk-java', 'full_name': 'microsoftgraph/msgraph-sdk-java', 'private': False, 'owner': {'login': 'microsoftgraph', 'id': 17304259, 'node_id': 'MDEyOk9yZ2FuaXphdGlvbjE3MzA0MjU5', 'avatar_url': 'https://avatars.githubusercontent.com/u/17304259?v=4', 'gravatar_id': '', 'url': 'https://api.github.com/users/microsoftgraph', 'html_url': 'https://github.com/microsoftgraph', 'followers_url': 'https://api.github.com/users/microsoftgraph/followers', 'following_url': 'https://api.github.com/users/microsoftgraph/following{/other_user}', 'gists_url': 'https://api.github.com/users/microsoftgraph/gists{/gist_id}', 'starred_url': 'https://api.github.com/users/microsoftgraph/starred{/owner}{/repo}', 'subscriptions_url': 'https://api.github.com/users/microsoftgraph/subscriptions', 'organizations_url': 'https://api.github.com/users/microsoftgraph/orgs', 'repos_url': 'https://api.github.com/users/microsoftgraph/repos', 'events_url': 'https://api.github.com/users/microsoftgraph/events{/privacy}', 'received_events_url': 'https://api.github.com/users/microsoftgraph/received_events', 'type': 'Organization', 'site_admin': False}, 'html_url': 'https://github.com/microsoftgraph/msgraph-sdk-java', 'description': 'Microsoft Graph SDK for Java', 'fork': False, 'url': 'https://api.github.com/repos/microsoftgraph/msgraph-sdk-java', 'forks_url': 'https://api.github.com/repos/microsoftgraph/msgraph-sdk-java/forks', 'keys_url': 'https://api.github.com/repos/microsoftgraph/msgraph-sdk-java/keys{/key_id}', 'collaborators_url': 'https://api.github.com/repos/microsoftgraph/msgraph-sdk-java/collaborators{/collaborator}', 'teams_url': 'https://api.github.com/repos/microsoftgraph/msgraph-sdk-java/teams', 'hooks_url': 'https://api.github.com/repos/microsoftgraph/msgraph-sdk-java/hooks', 'issue_events_url': 'https://api.github.com/repos/microsoftgraph/msgraph-sdk-java/issues/events{/number}', 'events_url': 'https://api.github.com/repos/microsoftgraph/msgraph-sdk-java/events', 'assignees_url': 'https://api.github.com/repos/microsoftgraph/msgraph-sdk-java/assignees{/user}', 'branches_url': 'https://api.github.com/repos/microsoftgraph/msgraph-sdk-java/branches{/branch}', 'tags_url': 'https://api.github.com/repos/microsoftgraph/msgraph-sdk-java/tags', 'blobs_url': 'https://api.github.com/repos/microsoftgraph/msgraph-sdk-java/git/blobs{/sha}', 'git_tags_url': 'https://api.github.com/repos/microsoftgraph/msgraph-sdk-java/git/tags{/sha}', 'git_refs_url': 'https://api.github.com/repos/microsoftgraph/msgraph-sdk-java/git/refs{/sha}', 'trees_url': 'https://api.github.com/repos/microsoftgraph/msgraph-sdk-java/git/trees{/sha}', 'statuses_url': 'https://api.github.com/repos/microsoftgraph/msgraph-sdk-java/statuses/{sha}', 'languages_url': 'https://api.github.com/repos/microsoftgraph/msgraph-sdk-java/languages', 'stargazers_url': 'https://api.github.com/repos/microsoftgraph/msgraph-sdk-java/stargazers', 'contributors_url': 'https://api.github.com/repos/microsoftgraph/msgraph-sdk-java/contributors', 'subscribers_url': 'https://api.github.com/repos/microsoftgraph/msgraph-sdk-java/subscribers', 'subscription_url': 'https://api.github.com/repos/microsoftgraph/msgraph-sdk-java/subscription', 'commits_url': 'https://api.github.com/repos/microsoftgraph/msgraph-sdk-java/commits{/sha}', 'git_commits_url': 'https://api.github.com/repos/microsoftgraph/msgraph-sdk-java/git/commits{/sha}', 'comments_url': 'https://api.github.com/repos/microsoftgraph/msgraph-sdk-java/comments{/number}', 'issue_comment_url': 'https://api.github.com/repos/microsoftgraph/msgraph-sdk-java/issues/comments{/number}', 'contents_url': 'https://api.github.com/repos/microsoftgraph/msgraph-sdk-java/contents/{+path}', 'compare_url': 'https://api.github.com/repos/microsoftgraph/msgraph-sdk-java/compare/{base}...{head}', 'merges_url': 'https://api.github.com/repos/microsoftgraph/msgraph-sdk-java/merges', 'archive_url': 'https://api.github.com/repos/microsoftgraph/msgraph-sdk-java/{archive_format}{/ref}', 'downloads_url': 'https://api.github.com/repos/microsoftgraph/msgraph-sdk-java/downloads', 'issues_url': 'https://api.github.com/repos/microsoftgraph/msgraph-sdk-java/issues{/number}', 'pulls_url': 'https://api.github.com/repos/microsoftgraph/msgraph-sdk-java/pulls{/number}', 'milestones_url': 'https://api.github.com/repos/microsoftgraph/msgraph-sdk-java/milestones{/number}', 'notifications_url': 'https://api.github.com/repos/microsoftgraph/msgraph-sdk-java/notifications{?since,all,participating}', 'labels_url': 'https://api.github.com/repos/microsoftgraph/msgraph-sdk-java/labels{/name}', 'releases_url': 'https://api.github.com/repos/microsoftgraph/msgraph-sdk-java/releases{/id}', 'deployments_url': 'https://api.github.com/repos/microsoftgraph/msgraph-sdk-java/deployments', 'created_at': '2017-09-12T17:20:15Z', 'updated_at': '2022-04-10T14:24:06Z', 'pushed_at': '2022-04-22T16:17:54Z', 'git_url': 'git://github.com/microsoftgraph/msgraph-sdk-java.git', 'ssh_url': 'git@github.com:microsoftgraph/msgraph-sdk-java.git', 'clone_url': 'https://github.com/microsoftgraph/msgraph-sdk-java.git', 'svn_url': 'https://github.com/microsoftgraph/msgraph-sdk-java', 'homepage': 'https://docs.microsoft.com/en-us/graph/sdks/sdks-overview', 'size': 58753, 'stargazers_count': 245, 'watchers_count': 245, 'language': 'Java', 'has_issues': True, 'has_projects': True, 'has_downloads': True, 'has_wiki': False, 'has_pages': False, 'forks_count': 102, 'mirror_url': None, 'archived': False, 'disabled': False, 'open_issues_count': 6, 'license': {'key': 'mit', 'name': 'MIT License', 'spdx_id': 'MIT', 'url': 'https://api.github.com/licenses/mit', 'node_id': 'MDc6TGljZW5zZTEz'}, 'allow_forking': True, 'is_template': False, 'topics': ['java', 'microsoft-graph', 'microsoft-graph-sdk', 'sdk'], 'visibility': 'public', 'forks': 102, 'open_issues': 6, 'watchers': 245, 'default_branch': 'dev'}}, 'base': {'label': 'microsoftgraph:dev', 'ref': 'dev', 'sha': 'b7600e8ee421f4d1ce2ca7f8a6894bcfee03d760', 'user': {'login': 'microsoftgraph', 'id': 17304259, 'node_id': 'MDEyOk9yZ2FuaXphdGlvbjE3MzA0MjU5', 'avatar_url': 'https://avatars.githubusercontent.com/u/17304259?v=4', 'gravatar_id': '', 'url': 'https://api.github.com/users/microsoftgraph', 'html_url': 'https://github.com/microsoftgraph', 'followers_url': 'https://api.github.com/users/microsoftgraph/followers', 'following_url': 'https://api.github.com/users/microsoftgraph/following{/other_user}', 'gists_url': 'https://api.github.com/users/microsoftgraph/gists{/gist_id}', 'starred_url': 'https://api.github.com/users/microsoftgraph/starred{/owner}{/repo}', 'subscriptions_url': 'https://api.github.com/users/microsoftgraph/subscriptions', 'organizations_url': 'https://api.github.com/users/microsoftgraph/orgs', 'repos_url': 'https://api.github.com/users/microsoftgraph/repos', 'events_url': 'https://api.github.com/users/microsoftgraph/events{/privacy}', 'received_events_url': 'https://api.github.com/users/microsoftgraph/received_events', 'type': 'Organization', 'site_admin': False}, 'repo': {'id': 103300409, 'node_id': 'MDEwOlJlcG9zaXRvcnkxMDMzMDA0MDk=', 'name': 'msgraph-sdk-java', 'full_name': 'microsoftgraph/msgraph-sdk-java', 'private': False, 'owner': {'login': 'microsoftgraph', 'id': 17304259, 'node_id': 'MDEyOk9yZ2FuaXphdGlvbjE3MzA0MjU5', 'avatar_url': 'https://avatars.githubusercontent.com/u/17304259?v=4', 'gravatar_id': '', 'url': 'https://api.github.com/users/microsoftgraph', 'html_url': 'https://github.com/microsoftgraph', 'followers_url': 'https://api.github.com/users/microsoftgraph/followers', 'following_url': 'https://api.github.com/users/microsoftgraph/following{/other_user}', 'gists_url': 'https://api.github.com/users/microsoftgraph/gists{/gist_id}', 'starred_url': 'https://api.github.com/users/microsoftgraph/starred{/owner}{/repo}', 'subscriptions_url': 'https://api.github.com/users/microsoftgraph/subscriptions', 'organizations_url': 'https://api.github.com/users/microsoftgraph/orgs', 'repos_url': 'https://api.github.com/users/microsoftgraph/repos', 'events_url': 'https://api.github.com/users/microsoftgraph/events{/privacy}', 'received_events_url': 'https://api.github.com/users/microsoftgraph/received_events', 'type': 'Organization', 'site_admin': False}, 'html_url': 'https://github.com/microsoftgraph/msgraph-sdk-java', 'description': 'Microsoft Graph SDK for Java', 'fork': False, 'url': 'https://api.github.com/repos/microsoftgraph/msgraph-sdk-java', 'forks_url': 'https://api.github.com/repos/microsoftgraph/msgraph-sdk-java/forks', 'keys_url': 'https://api.github.com/repos/microsoftgraph/msgraph-sdk-java/keys{/key_id}', 'collaborators_url': 'https://api.github.com/repos/microsoftgraph/msgraph-sdk-java/collaborators{/collaborator}', 'teams_url': 'https://api.github.com/repos/microsoftgraph/msgraph-sdk-java/teams', 'hooks_url': 'https://api.github.com/repos/microsoftgraph/msgraph-sdk-java/hooks', 'issue_events_url': 'https://api.github.com/repos/microsoftgraph/msgraph-sdk-java/issues/events{/number}', 'events_url': 'https://api.github.com/repos/microsoftgraph/msgraph-sdk-java/events', 'assignees_url': 'https://api.github.com/repos/microsoftgraph/msgraph-sdk-java/assignees{/user}', 'branches_url': 'https://api.github.com/repos/microsoftgraph/msgraph-sdk-java/branches{/branch}', 'tags_url': 'https://api.github.com/repos/microsoftgraph/msgraph-sdk-java/tags', 'blobs_url': 'https://api.github.com/repos/microsoftgraph/msgraph-sdk-java/git/blobs{/sha}', 'git_tags_url': 'https://api.github.com/repos/microsoftgraph/msgraph-sdk-java/git/tags{/sha}', 'git_refs_url': 'https://api.github.com/repos/microsoftgraph/msgraph-sdk-java/git/refs{/sha}', 'trees_url': 'https://api.github.com/repos/microsoftgraph/msgraph-sdk-java/git/trees{/sha}', 'statuses_url': 'https://api.github.com/repos/microsoftgraph/msgraph-sdk-java/statuses/{sha}', 'languages_url': 'https://api.github.com/repos/microsoftgraph/msgraph-sdk-java/languages', 'stargazers_url': 'https://api.github.com/repos/microsoftgraph/msgraph-sdk-java/stargazers', 'contributors_url': 'https://api.github.com/repos/microsoftgraph/msgraph-sdk-java/contributors', 'subscribers_url': 'https://api.github.com/repos/microsoftgraph/msgraph-sdk-java/subscribers', 'subscription_url': 'https://api.github.com/repos/microsoftgraph/msgraph-sdk-java/subscription', 'commits_url': 'https://api.github.com/repos/microsoftgraph/msgraph-sdk-java/commits{/sha}', 'git_commits_url': 'https://api.github.com/repos/microsoftgraph/msgraph-sdk-java/git/commits{/sha}', 'comments_url': 'https://api.github.com/repos/microsoftgraph/msgraph-sdk-java/comments{/number}', 'issue_comment_url': 'https://api.github.com/repos/microsoftgraph/msgraph-sdk-java/issues/comments{/number}', 'contents_url': 'https://api.github.com/repos/microsoftgraph/msgraph-sdk-java/contents/{+path}', 'compare_url': 'https://api.github.com/repos/microsoftgraph/msgraph-sdk-java/compare/{base}...{head}', 'merges_url': 'https://api.github.com/repos/microsoftgraph/msgraph-sdk-java/merges', 'archive_url': 'https://api.github.com/repos/microsoftgraph/msgraph-sdk-java/{archive_format}{/ref}', 'downloads_url': 'https://api.github.com/repos/microsoftgraph/msgraph-sdk-java/downloads', 'issues_url': 'https://api.github.com/repos/microsoftgraph/msgraph-sdk-java/issues{/number}', 'pulls_url': 'https://api.github.com/repos/microsoftgraph/msgraph-sdk-java/pulls{/number}', 'milestones_url': 'https://api.github.com/repos/microsoftgraph/msgraph-sdk-java/milestones{/number}', 'notifications_url': 'https://api.github.com/repos/microsoftgraph/msgraph-sdk-java/notifications{?since,all,participating}', 'labels_url': 'https://api.github.com/repos/microsoftgraph/msgraph-sdk-java/labels{/name}', 'releases_url': 'https://api.github.com/repos/microsoftgraph/msgraph-sdk-java/releases{/id}', 'deployments_url': 'https://api.github.com/repos/microsoftgraph/msgraph-sdk-java/deployments', 'created_at': '2017-09-12T17:20:15Z', 'updated_at': '2022-04-10T14:24:06Z', 'pushed_at': '2022-04-22T16:17:54Z', 'git_url': 'git://github.com/microsoftgraph/msgraph-sdk-java.git', 'ssh_url': 'git@github.com:microsoftgraph/msgraph-sdk-java.git', 'clone_url': 'https://github.com/microsoftgraph/msgraph-sdk-java.git', 'svn_url': 'https://github.com/microsoftgraph/msgraph-sdk-java', 'homepage': 'https://docs.microsoft.com/en-us/graph/sdks/sdks-overview', 'size': 58753, 'stargazers_count': 245, 'watchers_count': 245, 'language': 'Java', 'has_issues': True, 'has_projects': True, 'has_downloads': True, 'has_wiki': False, 'has_pages': False, 'forks_count': 102, 'mirror_url': None, 'archived': False, 'disabled': False, 'open_issues_count': 6, 'license': {'key': 'mit', 'name': 'MIT License', 'spdx_id': 'MIT', 'url': 'https://api.github.com/licenses/mit', 'node_id': 'MDc6TGljZW5zZTEz'}, 'allow_forking': True, 'is_template': False, 'topics': ['java', 'microsoft-graph', 'microsoft-graph-sdk', 'sdk'], 'visibility': 'public', 'forks': 102, 'open_issues': 6, 'watchers': 245, 'default_branch': 'dev'}}, '_links': {'self': {'href': 'https://api.github.com/repos/microsoftgraph/msgraph-sdk-java/pulls/1056'}, 'html': {'href': 'https://github.com/microsoftgraph/msgraph-sdk-java/pull/1056'}, 'issue': {'href': 'https://api.github.com/repos/microsoftgraph/msgraph-sdk-java/issues/1056'}, 'comments': {'href': 'https://api.github.com/repos/microsoftgraph/msgraph-sdk-java/issues/1056/comments'}, 'review_comments': {'href': 'https://api.github.com/repos/microsoftgraph/msgraph-sdk-java/pulls/1056/comments'}, 'review_comment': {'href': 'https://api.github.com/repos/microsoftgraph/msgraph-sdk-java/pulls/comments{/number}'}, 'commits': {'href': 'https://api.github.com/repos/microsoftgraph/msgraph-sdk-java/pulls/1056/commits'}, 'statuses': {'href': 'https://api.github.com/repos/microsoftgraph/msgraph-sdk-java/statuses/4767d340795147740131530599c124e4fcc99c5d'}}, 'author_association': 'CONTRIBUTOR', 'auto_merge': None, 'active_lock_reason': None}}",created,Java
21421633922,PullRequestEvent,microsoftgraph/msgraph-sdk-java,0.0,2022-04-22T16:17:54Z,"{'action': 'closed', 'number': 1054, 'pull_request': {'url': 'https://api.github.com/repos/microsoftgraph/msgraph-sdk-java/pulls/1054', 'id': 916015170, 'node_id': 'PR_kwDOBig9Oc42mUhC', 'html_url': 'https://github.com/microsoftgraph/msgraph-sdk-java/pull/1054', 'diff_url': 'https://github.com/microsoftgraph/msgraph-sdk-java/pull/1054.diff', 'patch_url': 'https://github.com/microsoftgraph/msgraph-sdk-java/pull/1054.patch', 'issue_url': 'https://api.github.com/repos/microsoftgraph/msgraph-sdk-java/issues/1054', 'number': 1054, 'state': 'closed', 'locked': False, 'title': 'Bump mockito-inline from 4.5.0 to 4.5.1', 'user': {'login': 'dependabot[bot]', 'id': 49699333, 'node_id': 'MDM6Qm90NDk2OTkzMzM=', 'avatar_url': 'https://avatars.githubusercontent.com/in/29110?v=4', 'gravatar_id': '', 'url': 'https://api.github.com/users/dependabot%5Bbot%5D', 'html_url': 'https://github.com/apps/dependabot', 'followers_url': 'https://api.github.com/users/dependabot%5Bbot%5D/followers', 'following_url': 'https://api.github.com/users/dependabot%5Bbot%5D/following{/other_user}', 'gists_url': 'https://api.github.com/users/dependabot%5Bbot%5D/gists{/gist_id}', 'starred_url': 'https://api.github.com/users/dependabot%5Bbot%5D/starred{/owner}{/repo}', 'subscriptions_url': 'https://api.github.com/users/dependabot%5Bbot%5D/subscriptions', 'organizations_url': 'https://api.github.com/users/dependabot%5Bbot%5D/orgs', 'repos_url': 'https://api.github.com/users/dependabot%5Bbot%5D/repos', 'events_url': 'https://api.github.com/users/dependabot%5Bbot%5D/events{/privacy}', 'received_events_url': 'https://api.github.com/users/dependabot%5Bbot%5D/received_events', 'type': 'Bot', 'site_admin': False}, 'body': 'Bumps [mockito-inline](https://github.com/mockito/mockito) from 4.5.0 to 4.5.1.\n<details>\n<summary>Release notes</summary>\n<p><em>Sourced from <a href=""https://github.com/mockito/mockito/releases"">mockito-inline\'s releases</a>.</em></p>\n<blockquote>\n<h2>v4.5.1</h2>\n<p><!-- raw HTML omitted --><!-- raw HTML omitted --><em>Changelog generated by <a href=""https://github.com/shipkit/shipkit-changelog"">Shipkit Changelog Gradle Plugin</a></em><!-- raw HTML omitted --><!-- raw HTML omitted --></p>\n<h4>4.5.1</h4>\n<ul>\n<li>2022-04-21 - <a href=""https://github.com/mockito/mockito/compare/v4.5.0...v4.5.1"">2 commit(s)</a> by Jeremy Landis, dependabot[bot]</li>\n<li>Fixes <a href=""https://github-redirect.dependabot.com/mockito/mockito/issues/2623"">#2623</a>: Use zulu distribution and java 11 for release GHA job [(<a href=""https://github-redirect.dependabot.com/mockito/mockito/issues/2624"">#2624</a>)](<a href=""https://github-redirect.dependabot.com/mockito/mockito/pull/2624"">mockito/mockito#2624</a>)</li>\n<li>Missing errorprone module for 4.5.0 in central as release was done with jdk 8 [(<a href=""https://github-redirect.dependabot.com/mockito/mockito/issues/2623"">#2623</a>)](<a href=""https://github-redirect.dependabot.com/mockito/mockito/issues/2623"">mockito/mockito#2623</a>)</li>\n<li>Bump kotlinVersion from 1.6.20 to 1.6.21 [(<a href=""https://github-redirect.dependabot.com/mockito/mockito/issues/2622"">#2622</a>)](<a href=""https://github-redirect.dependabot.com/mockito/mockito/pull/2622"">mockito/mockito#2622</a>)</li>\n</ul>\n</blockquote>\n</details>\n<details>\n<summary>Commits</summary>\n<ul>\n<li><a href=""https://github.com/mockito/mockito/commit/737f0a3517256af6ade37fd0e776a2bb230de553""><code>737f0a3</code></a> Fixes <a href=""https://github-redirect.dependabot.com/mockito/mockito/issues/2623"">#2623</a>: Use zulu distribution and java 11 for release GHA job (<a href=""https://github-redirect.dependabot.com/mockito/mockito/issues/2624"">#2624</a>)</li>\n<li><a href=""https://github.com/mockito/mockito/commit/f48d794ad14982a134fd14dd2aef03477b699dc6""><code>f48d794</code></a> Bump kotlinVersion from 1.6.20 to 1.6.21 (<a href=""https://github-redirect.dependabot.com/mockito/mockito/issues/2622"">#2622</a>)</li>\n<li>See full diff in <a href=""https://github.com/mockito/mockito/compare/v4.5.0...v4.5.1"">compare view</a></li>\n</ul>\n</details>\n<br />\n\n\n[![Dependabot compatibility score](https://dependabot-badges.githubapp.com/badges/compatibility_score?dependency-name=org.mockito:mockito-inline&package-manager=gradle&previous-version=4.5.0&new-version=4.5.1)](https://docs.github.com/en/github/managing-security-vulnerabilities/about-dependabot-security-updates#about-compatibility-scores)\n\nDependabot will resolve any conflicts with this PR as long as you don\'t alter it yourself. You can also trigger a rebase manually by commenting `@dependabot rebase`.\n\n[//]: # (dependabot-automerge-start)\n[//]: # (dependabot-automerge-end)\n\n---\n\n<details>\n<summary>Dependabot commands and options</summary>\n<br />\n\nYou can trigger Dependabot actions by commenting on this PR:\n- `@dependabot rebase` will rebase this PR\n- `@dependabot recreate` will recreate this PR, overwriting any edits that have been made to it\n- `@dependabot merge` will merge this PR after your CI passes on it\n- `@dependabot squash and merge` will squash and merge this PR after your CI passes on it\n- `@dependabot cancel merge` will cancel a previously requested merge and block automerging\n- `@dependabot reopen` will reopen this PR if it is closed\n- `@dependabot close` will close this PR and stop Dependabot recreating it. You can achieve the same result by closing it manually\n- `@dependabot ignore this major version` will close this PR and stop Dependabot creating any more for this major version (unless you reopen the PR or upgrade to it yourself)\n- `@dependabot ignore this minor version` will close this PR and stop Dependabot creating any more for this minor version (unless you reopen the PR or upgrade to it yourself)\n- `@dependabot ignore this dependency` will close this PR and stop Dependabot creating any more for this dependency (unless you reopen the PR or upgrade to it yourself)\n\n\n</details>', 'created_at': '2022-04-22T05:01:59Z', 'updated_at': '2022-04-22T16:17:53Z', 'closed_at': '2022-04-22T16:17:53Z', 'merged_at': '2022-04-22T16:17:53Z', 'merge_commit_sha': '691accda5775d4514d1b42c88bf2ec2de42531a8', 'assignee': None, 'assignees': [], 'requested_reviewers': [{'login': 'zengin', 'id': 803311, 'node_id': 'MDQ6VXNlcjgwMzMxMQ==', 'avatar_url': 'https://avatars.githubusercontent.com/u/803311?v=4', 'gravatar_id': '', 'url': 'https://api.github.com/users/zengin', 'html_url': 'https://github.com/zengin', 'followers_url': 'https://api.github.com/users/zengin/followers', 'following_url': 'https://api.github.com/users/zengin/following{/other_user}', 'gists_url': 'https://api.github.com/users/zengin/gists{/gist_id}', 'starred_url': 'https://api.github.com/users/zengin/starred{/owner}{/repo}', 'subscriptions_url': 'https://api.github.com/users/zengin/subscriptions', 'organizations_url': 'https://api.github.com/users/zengin/orgs', 'repos_url': 'https://api.github.com/users/zengin/repos', 'events_url': 'https://api.github.com/users/zengin/events{/privacy}', 'received_events_url': 'https://api.github.com/users/zengin/received_events', 'type': 'User', 'site_admin': False}, {'login': 'baywet', 'id': 7905502, 'node_id': 'MDQ6VXNlcjc5MDU1MDI=', 'avatar_url': 'https://avatars.githubusercontent.com/u/7905502?v=4', 'gravatar_id': '', 'url': 'https://api.github.com/users/baywet', 'html_url': 'https://github.com/baywet', 'followers_url': 'https://api.github.com/users/baywet/followers', 'following_url': 'https://api.github.com/users/baywet/following{/other_user}', 'gists_url': 'https://api.github.com/users/baywet/gists{/gist_id}', 'starred_url': 'https://api.github.com/users/baywet/starred{/owner}{/repo}', 'subscriptions_url': 'https://api.github.com/users/baywet/subscriptions', 'organizations_url': 'https://api.github.com/users/baywet/orgs', 'repos_url': 'https://api.github.com/users/baywet/repos', 'events_url': 'https://api.github.com/users/baywet/events{/privacy}', 'received_events_url': 'https://api.github.com/users/baywet/received_events', 'type': 'User', 'site_admin': False}, {'login': 'MIchaelMainer', 'id': 8527305, 'node_id': 'MDQ6VXNlcjg1MjczMDU=', 'avatar_url': 'https://avatars.githubusercontent.com/u/8527305?v=4', 'gravatar_id': '', 'url': 'https://api.github.com/users/MIchaelMainer', 'html_url': 'https://github.com/MIchaelMainer', 'followers_url': 'https://api.github.com/users/MIchaelMainer/followers', 'following_url': 'https://api.github.com/users/MIchaelMainer/following{/other_user}', 'gists_url': 'https://api.github.com/users/MIchaelMainer/gists{/gist_id}', 'starred_url': 'https://api.github.com/users/MIchaelMainer/starred{/owner}{/repo}', 'subscriptions_url': 'https://api.github.com/users/MIchaelMainer/subscriptions', 'organizations_url': 'https://api.github.com/users/MIchaelMainer/orgs', 'repos_url': 'https://api.github.com/users/MIchaelMainer/repos', 'events_url': 'https://api.github.com/users/MIchaelMainer/events{/privacy}', 'received_events_url': 'https://api.github.com/users/MIchaelMainer/received_events', 'type': 'User', 'site_admin': False}, {'login': 'ddyett', 'id': 20829981, 'node_id': 'MDQ6VXNlcjIwODI5OTgx', 'avatar_url': 'https://avatars.githubusercontent.com/u/20829981?v=4', 'gravatar_id': '', 'url': 'https://api.github.com/users/ddyett', 'html_url': 'https://github.com/ddyett', 'followers_url': 'https://api.github.com/users/ddyett/followers', 'following_url': 'https://api.github.com/users/ddyett/following{/other_user}', 'gists_url': 'https://api.github.com/users/ddyett/gists{/gist_id}', 'starred_url': 'https://api.github.com/users/ddyett/starred{/owner}{/repo}', 'subscriptions_url': 'https://api.github.com/users/ddyett/subscriptions', 'organizations_url': 'https://api.github.com/users/ddyett/orgs', 'repos_url': 'https://api.github.com/users/ddyett/repos', 'events_url': 'https://api.github.com/users/ddyett/events{/privacy}', 'received_events_url': 'https://api.github.com/users/ddyett/received_events', 'type': 'User', 'site_admin': False}, {'login': 'nikithauc', 'id': 23219007, 'node_id': 'MDQ6VXNlcjIzMjE5MDA3', 'avatar_url': 'https://avatars.githubusercontent.com/u/23219007?v=4', 'gravatar_id': '', 'url': 'https://api.github.com/users/nikithauc', 'html_url': 'https://github.com/nikithauc', 'followers_url': 'https://api.github.com/users/nikithauc/followers', 'following_url': 'https://api.github.com/users/nikithauc/following{/other_user}', 'gists_url': 'https://api.github.com/users/nikithauc/gists{/gist_id}', 'starred_url': 'https://api.github.com/users/nikithauc/starred{/owner}{/repo}', 'subscriptions_url': 'https://api.github.com/users/nikithauc/subscriptions', 'organizations_url': 'https://api.github.com/users/nikithauc/orgs', 'repos_url': 'https://api.github.com/users/nikithauc/repos', 'events_url': 'https://api.github.com/users/nikithauc/events{/privacy}', 'received_events_url': 'https://api.github.com/users/nikithauc/received_events', 'type': 'User', 'site_admin': False}], 'requested_teams': [], 'labels': [{'id': 2284805061, 'node_id': 'MDU6TGFiZWwyMjg0ODA1MDYx', 'url': 'https://api.github.com/repos/microsoftgraph/msgraph-sdk-java/labels/dependencies', 'name': 'dependencies', 'color': '0366d6', 'default': False, 'description': 'Pull requests that update a dependency file'}, {'id': 2284805070, 'node_id': 'MDU6TGFiZWwyMjg0ODA1MDcw', 'url': 'https://api.github.com/repos/microsoftgraph/msgraph-sdk-java/labels/java', 'name': 'java', 'color': 'ffa221', 'default': False, 'description': 'Pull requests that update Java code'}], 'milestone': None, 'draft': False, 'commits_url': 'https://api.github.com/repos/microsoftgraph/msgraph-sdk-java/pulls/1054/commits', 'review_comments_url': 'https://api.github.com/repos/microsoftgraph/msgraph-sdk-java/pulls/1054/comments', 'review_comment_url': 'https://api.github.com/repos/microsoftgraph/msgraph-sdk-java/pulls/comments{/number}', 'comments_url': 'https://api.github.com/repos/microsoftgraph/msgraph-sdk-java/issues/1054/comments', 'statuses_url': 'https://api.github.com/repos/microsoftgraph/msgraph-sdk-java/statuses/6cbf63aae9c2d39fed648b08387fe4b8c1330709', 'head': {'label': 'microsoftgraph:dependabot/gradle/org.mockito-mockito-inline-4.5.1', 'ref': 'dependabot/gradle/org.mockito-mockito-inline-4.5.1', 'sha': '6cbf63aae9c2d39fed648b08387fe4b8c1330709', 'user': {'login': 'microsoftgraph', 'id': 17304259, 'node_id': 'MDEyOk9yZ2FuaXphdGlvbjE3MzA0MjU5', 'avatar_url': 'https://avatars.githubusercontent.com/u/17304259?v=4', 'gravatar_id': '', 'url': 'https://api.github.com/users/microsoftgraph', 'html_url': 'https://github.com/microsoftgraph', 'followers_url': 'https://api.github.com/users/microsoftgraph/followers', 'following_url': 'https://api.github.com/users/microsoftgraph/following{/other_user}', 'gists_url': 'https://api.github.com/users/microsoftgraph/gists{/gist_id}', 'starred_url': 'https://api.github.com/users/microsoftgraph/starred{/owner}{/repo}', 'subscriptions_url': 'https://api.github.com/users/microsoftgraph/subscriptions', 'organizations_url': 'https://api.github.com/users/microsoftgraph/orgs', 'repos_url': 'https://api.github.com/users/microsoftgraph/repos', 'events_url': 'https://api.github.com/users/microsoftgraph/events{/privacy}', 'received_events_url': 'https://api.github.com/users/microsoftgraph/received_events', 'type': 'Organization', 'site_admin': False}, 'repo': {'id': 103300409, 'node_id': 'MDEwOlJlcG9zaXRvcnkxMDMzMDA0MDk=', 'name': 'msgraph-sdk-java', 'full_name': 'microsoftgraph/msgraph-sdk-java', 'private': False, 'owner': {'login': 'microsoftgraph', 'id': 17304259, 'node_id': 'MDEyOk9yZ2FuaXphdGlvbjE3MzA0MjU5', 'avatar_url': 'https://avatars.githubusercontent.com/u/17304259?v=4', 'gravatar_id': '', 'url': 'https://api.github.com/users/microsoftgraph', 'html_url': 'https://github.com/microsoftgraph', 'followers_url': 'https://api.github.com/users/microsoftgraph/followers', 'following_url': 'https://api.github.com/users/microsoftgraph/following{/other_user}', 'gists_url': 'https://api.github.com/users/microsoftgraph/gists{/gist_id}', 'starred_url': 'https://api.github.com/users/microsoftgraph/starred{/owner}{/repo}', 'subscriptions_url': 'https://api.github.com/users/microsoftgraph/subscriptions', 'organizations_url': 'https://api.github.com/users/microsoftgraph/orgs', 'repos_url': 'https://api.github.com/users/microsoftgraph/repos', 'events_url': 'https://api.github.com/users/microsoftgraph/events{/privacy}', 'received_events_url': 'https://api.github.com/users/microsoftgraph/received_events', 'type': 'Organization', 'site_admin': False}, 'html_url': 'https://github.com/microsoftgraph/msgraph-sdk-java', 'description': 'Microsoft Graph SDK for Java', 'fork': False, 'url': 'https://api.github.com/repos/microsoftgraph/msgraph-sdk-java', 'forks_url': 'https://api.github.com/repos/microsoftgraph/msgraph-sdk-java/forks', 'keys_url': 'https://api.github.com/repos/microsoftgraph/msgraph-sdk-java/keys{/key_id}', 'collaborators_url': 'https://api.github.com/repos/microsoftgraph/msgraph-sdk-java/collaborators{/collaborator}', 'teams_url': 'https://api.github.com/repos/microsoftgraph/msgraph-sdk-java/teams', 'hooks_url': 'https://api.github.com/repos/microsoftgraph/msgraph-sdk-java/hooks', 'issue_events_url': 'https://api.github.com/repos/microsoftgraph/msgraph-sdk-java/issues/events{/number}', 'events_url': 'https://api.github.com/repos/microsoftgraph/msgraph-sdk-java/events', 'assignees_url': 'https://api.github.com/repos/microsoftgraph/msgraph-sdk-java/assignees{/user}', 'branches_url': 'https://api.github.com/repos/microsoftgraph/msgraph-sdk-java/branches{/branch}', 'tags_url': 'https://api.github.com/repos/microsoftgraph/msgraph-sdk-java/tags', 'blobs_url': 'https://api.github.com/repos/microsoftgraph/msgraph-sdk-java/git/blobs{/sha}', 'git_tags_url': 'https://api.github.com/repos/microsoftgraph/msgraph-sdk-java/git/tags{/sha}', 'git_refs_url': 'https://api.github.com/repos/microsoftgraph/msgraph-sdk-java/git/refs{/sha}', 'trees_url': 'https://api.github.com/repos/microsoftgraph/msgraph-sdk-java/git/trees{/sha}', 'statuses_url': 'https://api.github.com/repos/microsoftgraph/msgraph-sdk-java/statuses/{sha}', 'languages_url': 'https://api.github.com/repos/microsoftgraph/msgraph-sdk-java/languages', 'stargazers_url': 'https://api.github.com/repos/microsoftgraph/msgraph-sdk-java/stargazers', 'contributors_url': 'https://api.github.com/repos/microsoftgraph/msgraph-sdk-java/contributors', 'subscribers_url': 'https://api.github.com/repos/microsoftgraph/msgraph-sdk-java/subscribers', 'subscription_url': 'https://api.github.com/repos/microsoftgraph/msgraph-sdk-java/subscription', 'commits_url': 'https://api.github.com/repos/microsoftgraph/msgraph-sdk-java/commits{/sha}', 'git_commits_url': 'https://api.github.com/repos/microsoftgraph/msgraph-sdk-java/git/commits{/sha}', 'comments_url': 'https://api.github.com/repos/microsoftgraph/msgraph-sdk-java/comments{/number}', 'issue_comment_url': 'https://api.github.com/repos/microsoftgraph/msgraph-sdk-java/issues/comments{/number}', 'contents_url': 'https://api.github.com/repos/microsoftgraph/msgraph-sdk-java/contents/{+path}', 'compare_url': 'https://api.github.com/repos/microsoftgraph/msgraph-sdk-java/compare/{base}...{head}', 'merges_url': 'https://api.github.com/repos/microsoftgraph/msgraph-sdk-java/merges', 'archive_url': 'https://api.github.com/repos/microsoftgraph/msgraph-sdk-java/{archive_format}{/ref}', 'downloads_url': 'https://api.github.com/repos/microsoftgraph/msgraph-sdk-java/downloads', 'issues_url': 'https://api.github.com/repos/microsoftgraph/msgraph-sdk-java/issues{/number}', 'pulls_url': 'https://api.github.com/repos/microsoftgraph/msgraph-sdk-java/pulls{/number}', 'milestones_url': 'https://api.github.com/repos/microsoftgraph/msgraph-sdk-java/milestones{/number}', 'notifications_url': 'https://api.github.com/repos/microsoftgraph/msgraph-sdk-java/notifications{?since,all,participating}', 'labels_url': 'https://api.github.com/repos/microsoftgraph/msgraph-sdk-java/labels{/name}', 'releases_url': 'https://api.github.com/repos/microsoftgraph/msgraph-sdk-java/releases{/id}', 'deployments_url': 'https://api.github.com/repos/microsoftgraph/msgraph-sdk-java/deployments', 'created_at': '2017-09-12T17:20:15Z', 'updated_at': '2022-04-10T14:24:06Z', 'pushed_at': '2022-04-22T16:17:53Z', 'git_url': 'git://github.com/microsoftgraph/msgraph-sdk-java.git', 'ssh_url': 'git@github.com:microsoftgraph/msgraph-sdk-java.git', 'clone_url': 'https://github.com/microsoftgraph/msgraph-sdk-java.git', 'svn_url': 'https://github.com/microsoftgraph/msgraph-sdk-java', 'homepage': 'https://docs.microsoft.com/en-us/graph/sdks/sdks-overview', 'size': 58753, 'stargazers_count': 245, 'watchers_count': 245, 'language': 'Java', 'has_issues': True, 'has_projects': True, 'has_downloads': True, 'has_wiki': False, 'has_pages': False, 'forks_count': 102, 'mirror_url': None, 'archived': False, 'disabled': False, 'open_issues_count': 6, 'license': {'key': 'mit', 'name': 'MIT License', 'spdx_id': 'MIT', 'url': 'https://api.github.com/licenses/mit', 'node_id': 'MDc6TGljZW5zZTEz'}, 'allow_forking': True, 'is_template': False, 'topics': ['java', 'microsoft-graph', 'microsoft-graph-sdk', 'sdk'], 'visibility': 'public', 'forks': 102, 'open_issues': 6, 'watchers': 245, 'default_branch': 'dev'}}, 'base': {'label': 'microsoftgraph:dev', 'ref': 'dev', 'sha': 'b7600e8ee421f4d1ce2ca7f8a6894bcfee03d760', 'user': {'login': 'microsoftgraph', 'id': 17304259, 'node_id': 'MDEyOk9yZ2FuaXphdGlvbjE3MzA0MjU5', 'avatar_url': 'https://avatars.githubusercontent.com/u/17304259?v=4', 'gravatar_id': '', 'url': 'https://api.github.com/users/microsoftgraph', 'html_url': 'https://github.com/microsoftgraph', 'followers_url': 'https://api.github.com/users/microsoftgraph/followers', 'following_url': 'https://api.github.com/users/microsoftgraph/following{/other_user}', 'gists_url': 'https://api.github.com/users/microsoftgraph/gists{/gist_id}', 'starred_url': 'https://api.github.com/users/microsoftgraph/starred{/owner}{/repo}', 'subscriptions_url': 'https://api.github.com/users/microsoftgraph/subscriptions', 'organizations_url': 'https://api.github.com/users/microsoftgraph/orgs', 'repos_url': 'https://api.github.com/users/microsoftgraph/repos', 'events_url': 'https://api.github.com/users/microsoftgraph/events{/privacy}', 'received_events_url': 'https://api.github.com/users/microsoftgraph/received_events', 'type': 'Organization', 'site_admin': False}, 'repo': {'id': 103300409, 'node_id': 'MDEwOlJlcG9zaXRvcnkxMDMzMDA0MDk=', 'name': 'msgraph-sdk-java', 'full_name': 'microsoftgraph/msgraph-sdk-java', 'private': False, 'owner': {'login': 'microsoftgraph', 'id': 17304259, 'node_id': 'MDEyOk9yZ2FuaXphdGlvbjE3MzA0MjU5', 'avatar_url': 'https://avatars.githubusercontent.com/u/17304259?v=4', 'gravatar_id': '', 'url': 'https://api.github.com/users/microsoftgraph', 'html_url': 'https://github.com/microsoftgraph', 'followers_url': 'https://api.github.com/users/microsoftgraph/followers', 'following_url': 'https://api.github.com/users/microsoftgraph/following{/other_user}', 'gists_url': 'https://api.github.com/users/microsoftgraph/gists{/gist_id}', 'starred_url': 'https://api.github.com/users/microsoftgraph/starred{/owner}{/repo}', 'subscriptions_url': 'https://api.github.com/users/microsoftgraph/subscriptions', 'organizations_url': 'https://api.github.com/users/microsoftgraph/orgs', 'repos_url': 'https://api.github.com/users/microsoftgraph/repos', 'events_url': 'https://api.github.com/users/microsoftgraph/events{/privacy}', 'received_events_url': 'https://api.github.com/users/microsoftgraph/received_events', 'type': 'Organization', 'site_admin': False}, 'html_url': 'https://github.com/microsoftgraph/msgraph-sdk-java', 'description': 'Microsoft Graph SDK for Java', 'fork': False, 'url': 'https://api.github.com/repos/microsoftgraph/msgraph-sdk-java', 'forks_url': 'https://api.github.com/repos/microsoftgraph/msgraph-sdk-java/forks', 'keys_url': 'https://api.github.com/repos/microsoftgraph/msgraph-sdk-java/keys{/key_id}', 'collaborators_url': 'https://api.github.com/repos/microsoftgraph/msgraph-sdk-java/collaborators{/collaborator}', 'teams_url': 'https://api.github.com/repos/microsoftgraph/msgraph-sdk-java/teams', 'hooks_url': 'https://api.github.com/repos/microsoftgraph/msgraph-sdk-java/hooks', 'issue_events_url': 'https://api.github.com/repos/microsoftgraph/msgraph-sdk-java/issues/events{/number}', 'events_url': 'https://api.github.com/repos/microsoftgraph/msgraph-sdk-java/events', 'assignees_url': 'https://api.github.com/repos/microsoftgraph/msgraph-sdk-java/assignees{/user}', 'branches_url': 'https://api.github.com/repos/microsoftgraph/msgraph-sdk-java/branches{/branch}', 'tags_url': 'https://api.github.com/repos/microsoftgraph/msgraph-sdk-java/tags', 'blobs_url': 'https://api.github.com/repos/microsoftgraph/msgraph-sdk-java/git/blobs{/sha}', 'git_tags_url': 'https://api.github.com/repos/microsoftgraph/msgraph-sdk-java/git/tags{/sha}', 'git_refs_url': 'https://api.github.com/repos/microsoftgraph/msgraph-sdk-java/git/refs{/sha}', 'trees_url': 'https://api.github.com/repos/microsoftgraph/msgraph-sdk-java/git/trees{/sha}', 'statuses_url': 'https://api.github.com/repos/microsoftgraph/msgraph-sdk-java/statuses/{sha}', 'languages_url': 'https://api.github.com/repos/microsoftgraph/msgraph-sdk-java/languages', 'stargazers_url': 'https://api.github.com/repos/microsoftgraph/msgraph-sdk-java/stargazers', 'contributors_url': 'https://api.github.com/repos/microsoftgraph/msgraph-sdk-java/contributors', 'subscribers_url': 'https://api.github.com/repos/microsoftgraph/msgraph-sdk-java/subscribers', 'subscription_url': 'https://api.github.com/repos/microsoftgraph/msgraph-sdk-java/subscription', 'commits_url': 'https://api.github.com/repos/microsoftgraph/msgraph-sdk-java/commits{/sha}', 'git_commits_url': 'https://api.github.com/repos/microsoftgraph/msgraph-sdk-java/git/commits{/sha}', 'comments_url': 'https://api.github.com/repos/microsoftgraph/msgraph-sdk-java/comments{/number}', 'issue_comment_url': 'https://api.github.com/repos/microsoftgraph/msgraph-sdk-java/issues/comments{/number}', 'contents_url': 'https://api.github.com/repos/microsoftgraph/msgraph-sdk-java/contents/{+path}', 'compare_url': 'https://api.github.com/repos/microsoftgraph/msgraph-sdk-java/compare/{base}...{head}', 'merges_url': 'https://api.github.com/repos/microsoftgraph/msgraph-sdk-java/merges', 'archive_url': 'https://api.github.com/repos/microsoftgraph/msgraph-sdk-java/{archive_format}{/ref}', 'downloads_url': 'https://api.github.com/repos/microsoftgraph/msgraph-sdk-java/downloads', 'issues_url': 'https://api.github.com/repos/microsoftgraph/msgraph-sdk-java/issues{/number}', 'pulls_url': 'https://api.github.com/repos/microsoftgraph/msgraph-sdk-java/pulls{/number}', 'milestones_url': 'https://api.github.com/repos/microsoftgraph/msgraph-sdk-java/milestones{/number}', 'notifications_url': 'https://api.github.com/repos/microsoftgraph/msgraph-sdk-java/notifications{?since,all,participating}', 'labels_url': 'https://api.github.com/repos/microsoftgraph/msgraph-sdk-java/labels{/name}', 'releases_url': 'https://api.github.com/repos/microsoftgraph/msgraph-sdk-java/releases{/id}', 'deployments_url': 'https://api.github.com/repos/microsoftgraph/msgraph-sdk-java/deployments', 'created_at': '2017-09-12T17:20:15Z', 'updated_at': '2022-04-10T14:24:06Z', 'pushed_at': '2022-04-22T16:17:53Z', 'git_url': 'git://github.com/microsoftgraph/msgraph-sdk-java.git', 'ssh_url': 'git@github.com:microsoftgraph/msgraph-sdk-java.git', 'clone_url': 'https://github.com/microsoftgraph/msgraph-sdk-java.git', 'svn_url': 'https://github.com/microsoftgraph/msgraph-sdk-java', 'homepage': 'https://docs.microsoft.com/en-us/graph/sdks/sdks-overview', 'size': 58753, 'stargazers_count': 245, 'watchers_count': 245, 'language': 'Java', 'has_issues': True, 'has_projects': True, 'has_downloads': True, 'has_wiki': False, 'has_pages': False, 'forks_count': 102, 'mirror_url': None, 'archived': False, 'disabled': False, 'open_issues_count': 6, 'license': {'key': 'mit', 'name': 'MIT License', 'spdx_id': 'MIT', 'url': 'https://api.github.com/licenses/mit', 'node_id': 'MDc6TGljZW5zZTEz'}, 'allow_forking': True, 'is_template': False, 'topics': ['java', 'microsoft-graph', 'microsoft-graph-sdk', 'sdk'], 'visibility': 'public', 'forks': 102, 'open_issues': 6, 'watchers': 245, 'default_branch': 'dev'}}, '_links': {'self': {'href': 'https://api.github.com/repos/microsoftgraph/msgraph-sdk-java/pulls/1054'}, 'html': {'href': 'https://github.com/microsoftgraph/msgraph-sdk-java/pull/1054'}, 'issue': {'href': 'https://api.github.com/repos/microsoftgraph/msgraph-sdk-java/issues/1054'}, 'comments': {'href': 'https://api.github.com/repos/microsoftgraph/msgraph-sdk-java/issues/1054/comments'}, 'review_comments': {'href': 'https://api.github.com/repos/microsoftgraph/msgraph-sdk-java/pulls/1054/comments'}, 'review_comment': {'href': 'https://api.github.com/repos/microsoftgraph/msgraph-sdk-java/pulls/comments{/number}'}, 'commits': {'href': 'https://api.github.com/repos/microsoftgraph/msgraph-sdk-java/pulls/1054/commits'}, 'statuses': {'href': 'https://api.github.com/repos/microsoftgraph/msgraph-sdk-java/statuses/6cbf63aae9c2d39fed648b08387fe4b8c1330709'}}, 'author_association': 'CONTRIBUTOR', 'auto_merge': None, 'active_lock_reason': None, 'merged': True, 'mergeable': None, 'rebaseable': None, 'mergeable_state': 'unknown', 'merged_by': {'login': 'ramsessanchez', 'id': 63934382, 'node_id': 'MDQ6VXNlcjYzOTM0Mzgy', 'avatar_url': 'https://avatars.githubusercontent.com/u/63934382?v=4', 'gravatar_id': '', 'url': 'https://api.github.com/users/ramsessanchez', 'html_url': 'https://github.com/ramsessanchez', 'followers_url': 'https://api.github.com/users/ramsessanchez/followers', 'following_url': 'https://api.github.com/users/ramsessanchez/following{/other_user}', 'gists_url': 'https://api.github.com/users/ramsessanchez/gists{/gist_id}', 'starred_url': 'https://api.github.com/users/ramsessanchez/starred{/owner}{/repo}', 'subscriptions_url': 'https://api.github.com/users/ramsessanchez/subscriptions', 'organizations_url': 'https://api.github.com/users/ramsessanchez/orgs', 'repos_url': 'https://api.github.com/users/ramsessanchez/repos', 'events_url': 'https://api.github.com/users/ramsessanchez/events{/privacy}', 'received_events_url': 'https://api.github.com/users/ramsessanchez/received_events', 'type': 'User', 'site_admin': False}, 'comments': 0, 'review_comments': 0, 'maintainer_can_modify': False, 'commits': 1, 'additions': 1, 'deletions': 1, 'changed_files': 1}}",closed,Java
21421634158,PushEvent,microsoftgraph/msgraph-sdk-java,0.0,2022-04-22T16:17:55Z,"{'push_id': 9694884849, 'size': 2, 'distinct_size': 2, 'ref': 'refs/heads/dev', 'head': '691accda5775d4514d1b42c88bf2ec2de42531a8', 'before': '8697d4878eadc6d8aae7e2f04b6cc95de21771c1', 'commits': [{'sha': '6cbf63aae9c2d39fed648b08387fe4b8c1330709', 'author': {'email': '49699333+dependabot[bot]@users.noreply.github.com', 'name': 'dependabot[bot]'}, 'message': 'Bump mockito-inline from 4.5.0 to 4.5.1\n\nBumps [mockito-inline](https://github.com/mockito/mockito) from 4.5.0 to 4.5.1.\n- [Release notes](https://github.com/mockito/mockito/releases)\n- [Commits](https://github.com/mockito/mockito/compare/v4.5.0...v4.5.1)\n\n---\nupdated-dependencies:\n- dependency-name: org.mockito:mockito-inline\n  dependency-type: direct:production\n  update-type: version-update:semver-patch\n...\n\nSigned-off-by: dependabot[bot] <support@github.com>', 'distinct': True, 'url': 'https://api.github.com/repos/microsoftgraph/msgraph-sdk-java/commits/6cbf63aae9c2d39fed648b08387fe4b8c1330709'}, {'sha': '691accda5775d4514d1b42c88bf2ec2de42531a8', 'author': {'email': '63934382+ramsessanchez@users.noreply.github.com', 'name': 'ramsessanchez'}, 'message': 'Merge pull request #1054 from microsoftgraph/dependabot/gradle/org.mockito-mockito-inline-4.5.1\n\nBump mockito-inline from 4.5.0 to 4.5.1', 'distinct': True, 'url': 'https://api.github.com/repos/microsoftgraph/msgraph-sdk-java/commits/691accda5775d4514d1b42c88bf2ec2de42531a8'}]}",,Java
21421634089,DeleteEvent,microsoftgraph/msgraph-sdk-java,0.0,2022-04-22T16:17:54Z,"{'ref': 'dependabot/gradle/org.mockito-mockito-inline-4.5.1', 'ref_type': 'branch', 'pusher_type': 'user'}",,Java
21421631908,PullRequestReviewEvent,microsoftgraph/msgraph-sdk-java,0.0,2022-04-22T16:17:46Z,"{'action': 'created', 'review': {'id': 950314611, 'node_id': 'PRR_kwDOBig9Oc44pKZz', 'user': {'login': 'ramsessanchez', 'id': 63934382, 'node_id': 'MDQ6VXNlcjYzOTM0Mzgy', 'avatar_url': 'https://avatars.githubusercontent.com/u/63934382?v=4', 'gravatar_id': '', 'url': 'https://api.github.com/users/ramsessanchez', 'html_url': 'https://github.com/ramsessanchez', 'followers_url': 'https://api.github.com/users/ramsessanchez/followers', 'following_url': 'https://api.github.com/users/ramsessanchez/following{/other_user}', 'gists_url': 'https://api.github.com/users/ramsessanchez/gists{/gist_id}', 'starred_url': 'https://api.github.com/users/ramsessanchez/starred{/owner}{/repo}', 'subscriptions_url': 'https://api.github.com/users/ramsessanchez/subscriptions', 'organizations_url': 'https://api.github.com/users/ramsessanchez/orgs', 'repos_url': 'https://api.github.com/users/ramsessanchez/repos', 'events_url': 'https://api.github.com/users/ramsessanchez/events{/privacy}', 'received_events_url': 'https://api.github.com/users/ramsessanchez/received_events', 'type': 'User', 'site_admin': False}, 'body': '', 'commit_id': '6cbf63aae9c2d39fed648b08387fe4b8c1330709', 'submitted_at': '2022-04-22T16:17:45Z', 'state': 'approved', 'html_url': 'https://github.com/microsoftgraph/msgraph-sdk-java/pull/1054#pullrequestreview-950314611', 'pull_request_url': 'https://api.github.com/repos/microsoftgraph/msgraph-sdk-java/pulls/1054', 'author_association': 'CONTRIBUTOR', '_links': {'html': {'href': 'https://github.com/microsoftgraph/msgraph-sdk-java/pull/1054#pullrequestreview-950314611'}, 'pull_request': {'href': 'https://api.github.com/repos/microsoftgraph/msgraph-sdk-java/pulls/1054'}}}, 'pull_request': {'url': 'https://api.github.com/repos/microsoftgraph/msgraph-sdk-java/pulls/1054', 'id': 916015170, 'node_id': 'PR_kwDOBig9Oc42mUhC', 'html_url': 'https://github.com/microsoftgraph/msgraph-sdk-java/pull/1054', 'diff_url': 'https://github.com/microsoftgraph/msgraph-sdk-java/pull/1054.diff', 'patch_url': 'https://github.com/microsoftgraph/msgraph-sdk-java/pull/1054.patch', 'issue_url': 'https://api.github.com/repos/microsoftgraph/msgraph-sdk-java/issues/1054', 'number': 1054, 'state': 'open', 'locked': False, 'title': 'Bump mockito-inline from 4.5.0 to 4.5.1', 'user': {'login': 'dependabot[bot]', 'id': 49699333, 'node_id': 'MDM6Qm90NDk2OTkzMzM=', 'avatar_url': 'https://avatars.githubusercontent.com/in/29110?v=4', 'gravatar_id': '', 'url': 'https://api.github.com/users/dependabot%5Bbot%5D', 'html_url': 'https://github.com/apps/dependabot', 'followers_url': 'https://api.github.com/users/dependabot%5Bbot%5D/followers', 'following_url': 'https://api.github.com/users/dependabot%5Bbot%5D/following{/other_user}', 'gists_url': 'https://api.github.com/users/dependabot%5Bbot%5D/gists{/gist_id}', 'starred_url': 'https://api.github.com/users/dependabot%5Bbot%5D/starred{/owner}{/repo}', 'subscriptions_url': 'https://api.github.com/users/dependabot%5Bbot%5D/subscriptions', 'organizations_url': 'https://api.github.com/users/dependabot%5Bbot%5D/orgs', 'repos_url': 'https://api.github.com/users/dependabot%5Bbot%5D/repos', 'events_url': 'https://api.github.com/users/dependabot%5Bbot%5D/events{/privacy}', 'received_events_url': 'https://api.github.com/users/dependabot%5Bbot%5D/received_events', 'type': 'Bot', 'site_admin': False}, 'body': 'Bumps [mockito-inline](https://github.com/mockito/mockito) from 4.5.0 to 4.5.1.\n<details>\n<summary>Release notes</summary>\n<p><em>Sourced from <a href=""https://github.com/mockito/mockito/releases"">mockito-inline\'s releases</a>.</em></p>\n<blockquote>\n<h2>v4.5.1</h2>\n<p><!-- raw HTML omitted --><!-- raw HTML omitted --><em>Changelog generated by <a href=""https://github.com/shipkit/shipkit-changelog"">Shipkit Changelog Gradle Plugin</a></em><!-- raw HTML omitted --><!-- raw HTML omitted --></p>\n<h4>4.5.1</h4>\n<ul>\n<li>2022-04-21 - <a href=""https://github.com/mockito/mockito/compare/v4.5.0...v4.5.1"">2 commit(s)</a> by Jeremy Landis, dependabot[bot]</li>\n<li>Fixes <a href=""https://github-redirect.dependabot.com/mockito/mockito/issues/2623"">#2623</a>: Use zulu distribution and java 11 for release GHA job [(<a href=""https://github-redirect.dependabot.com/mockito/mockito/issues/2624"">#2624</a>)](<a href=""https://github-redirect.dependabot.com/mockito/mockito/pull/2624"">mockito/mockito#2624</a>)</li>\n<li>Missing errorprone module for 4.5.0 in central as release was done with jdk 8 [(<a href=""https://github-redirect.dependabot.com/mockito/mockito/issues/2623"">#2623</a>)](<a href=""https://github-redirect.dependabot.com/mockito/mockito/issues/2623"">mockito/mockito#2623</a>)</li>\n<li>Bump kotlinVersion from 1.6.20 to 1.6.21 [(<a href=""https://github-redirect.dependabot.com/mockito/mockito/issues/2622"">#2622</a>)](<a href=""https://github-redirect.dependabot.com/mockito/mockito/pull/2622"">mockito/mockito#2622</a>)</li>\n</ul>\n</blockquote>\n</details>\n<details>\n<summary>Commits</summary>\n<ul>\n<li><a href=""https://github.com/mockito/mockito/commit/737f0a3517256af6ade37fd0e776a2bb230de553""><code>737f0a3</code></a> Fixes <a href=""https://github-redirect.dependabot.com/mockito/mockito/issues/2623"">#2623</a>: Use zulu distribution and java 11 for release GHA job (<a href=""https://github-redirect.dependabot.com/mockito/mockito/issues/2624"">#2624</a>)</li>\n<li><a href=""https://github.com/mockito/mockito/commit/f48d794ad14982a134fd14dd2aef03477b699dc6""><code>f48d794</code></a> Bump kotlinVersion from 1.6.20 to 1.6.21 (<a href=""https://github-redirect.dependabot.com/mockito/mockito/issues/2622"">#2622</a>)</li>\n<li>See full diff in <a href=""https://github.com/mockito/mockito/compare/v4.5.0...v4.5.1"">compare view</a></li>\n</ul>\n</details>\n<br />\n\n\n[![Dependabot compatibility score](https://dependabot-badges.githubapp.com/badges/compatibility_score?dependency-name=org.mockito:mockito-inline&package-manager=gradle&previous-version=4.5.0&new-version=4.5.1)](https://docs.github.com/en/github/managing-security-vulnerabilities/about-dependabot-security-updates#about-compatibility-scores)\n\nDependabot will resolve any conflicts with this PR as long as you don\'t alter it yourself. You can also trigger a rebase manually by commenting `@dependabot rebase`.\n\n[//]: # (dependabot-automerge-start)\n[//]: # (dependabot-automerge-end)\n\n---\n\n<details>\n<summary>Dependabot commands and options</summary>\n<br />\n\nYou can trigger Dependabot actions by commenting on this PR:\n- `@dependabot rebase` will rebase this PR\n- `@dependabot recreate` will recreate this PR, overwriting any edits that have been made to it\n- `@dependabot merge` will merge this PR after your CI passes on it\n- `@dependabot squash and merge` will squash and merge this PR after your CI passes on it\n- `@dependabot cancel merge` will cancel a previously requested merge and block automerging\n- `@dependabot reopen` will reopen this PR if it is closed\n- `@dependabot close` will close this PR and stop Dependabot recreating it. You can achieve the same result by closing it manually\n- `@dependabot ignore this major version` will close this PR and stop Dependabot creating any more for this major version (unless you reopen the PR or upgrade to it yourself)\n- `@dependabot ignore this minor version` will close this PR and stop Dependabot creating any more for this minor version (unless you reopen the PR or upgrade to it yourself)\n- `@dependabot ignore this dependency` will close this PR and stop Dependabot creating any more for this dependency (unless you reopen the PR or upgrade to it yourself)\n\n\n</details>', 'created_at': '2022-04-22T05:01:59Z', 'updated_at': '2022-04-22T16:17:45Z', 'closed_at': None, 'merged_at': None, 'merge_commit_sha': '9fda60b70abcfb04851ad2a7ea3a62ff5ec04e86', 'assignee': None, 'assignees': [], 'requested_reviewers': [{'login': 'zengin', 'id': 803311, 'node_id': 'MDQ6VXNlcjgwMzMxMQ==', 'avatar_url': 'https://avatars.githubusercontent.com/u/803311?v=4', 'gravatar_id': '', 'url': 'https://api.github.com/users/zengin', 'html_url': 'https://github.com/zengin', 'followers_url': 'https://api.github.com/users/zengin/followers', 'following_url': 'https://api.github.com/users/zengin/following{/other_user}', 'gists_url': 'https://api.github.com/users/zengin/gists{/gist_id}', 'starred_url': 'https://api.github.com/users/zengin/starred{/owner}{/repo}', 'subscriptions_url': 'https://api.github.com/users/zengin/subscriptions', 'organizations_url': 'https://api.github.com/users/zengin/orgs', 'repos_url': 'https://api.github.com/users/zengin/repos', 'events_url': 'https://api.github.com/users/zengin/events{/privacy}', 'received_events_url': 'https://api.github.com/users/zengin/received_events', 'type': 'User', 'site_admin': False}, {'login': 'baywet', 'id': 7905502, 'node_id': 'MDQ6VXNlcjc5MDU1MDI=', 'avatar_url': 'https://avatars.githubusercontent.com/u/7905502?v=4', 'gravatar_id': '', 'url': 'https://api.github.com/users/baywet', 'html_url': 'https://github.com/baywet', 'followers_url': 'https://api.github.com/users/baywet/followers', 'following_url': 'https://api.github.com/users/baywet/following{/other_user}', 'gists_url': 'https://api.github.com/users/baywet/gists{/gist_id}', 'starred_url': 'https://api.github.com/users/baywet/starred{/owner}{/repo}', 'subscriptions_url': 'https://api.github.com/users/baywet/subscriptions', 'organizations_url': 'https://api.github.com/users/baywet/orgs', 'repos_url': 'https://api.github.com/users/baywet/repos', 'events_url': 'https://api.github.com/users/baywet/events{/privacy}', 'received_events_url': 'https://api.github.com/users/baywet/received_events', 'type': 'User', 'site_admin': False}, {'login': 'MIchaelMainer', 'id': 8527305, 'node_id': 'MDQ6VXNlcjg1MjczMDU=', 'avatar_url': 'https://avatars.githubusercontent.com/u/8527305?v=4', 'gravatar_id': '', 'url': 'https://api.github.com/users/MIchaelMainer', 'html_url': 'https://github.com/MIchaelMainer', 'followers_url': 'https://api.github.com/users/MIchaelMainer/followers', 'following_url': 'https://api.github.com/users/MIchaelMainer/following{/other_user}', 'gists_url': 'https://api.github.com/users/MIchaelMainer/gists{/gist_id}', 'starred_url': 'https://api.github.com/users/MIchaelMainer/starred{/owner}{/repo}', 'subscriptions_url': 'https://api.github.com/users/MIchaelMainer/subscriptions', 'organizations_url': 'https://api.github.com/users/MIchaelMainer/orgs', 'repos_url': 'https://api.github.com/users/MIchaelMainer/repos', 'events_url': 'https://api.github.com/users/MIchaelMainer/events{/privacy}', 'received_events_url': 'https://api.github.com/users/MIchaelMainer/received_events', 'type': 'User', 'site_admin': False}, {'login': 'ddyett', 'id': 20829981, 'node_id': 'MDQ6VXNlcjIwODI5OTgx', 'avatar_url': 'https://avatars.githubusercontent.com/u/20829981?v=4', 'gravatar_id': '', 'url': 'https://api.github.com/users/ddyett', 'html_url': 'https://github.com/ddyett', 'followers_url': 'https://api.github.com/users/ddyett/followers', 'following_url': 'https://api.github.com/users/ddyett/following{/other_user}', 'gists_url': 'https://api.github.com/users/ddyett/gists{/gist_id}', 'starred_url': 'https://api.github.com/users/ddyett/starred{/owner}{/repo}', 'subscriptions_url': 'https://api.github.com/users/ddyett/subscriptions', 'organizations_url': 'https://api.github.com/users/ddyett/orgs', 'repos_url': 'https://api.github.com/users/ddyett/repos', 'events_url': 'https://api.github.com/users/ddyett/events{/privacy}', 'received_events_url': 'https://api.github.com/users/ddyett/received_events', 'type': 'User', 'site_admin': False}, {'login': 'nikithauc', 'id': 23219007, 'node_id': 'MDQ6VXNlcjIzMjE5MDA3', 'avatar_url': 'https://avatars.githubusercontent.com/u/23219007?v=4', 'gravatar_id': '', 'url': 'https://api.github.com/users/nikithauc', 'html_url': 'https://github.com/nikithauc', 'followers_url': 'https://api.github.com/users/nikithauc/followers', 'following_url': 'https://api.github.com/users/nikithauc/following{/other_user}', 'gists_url': 'https://api.github.com/users/nikithauc/gists{/gist_id}', 'starred_url': 'https://api.github.com/users/nikithauc/starred{/owner}{/repo}', 'subscriptions_url': 'https://api.github.com/users/nikithauc/subscriptions', 'organizations_url': 'https://api.github.com/users/nikithauc/orgs', 'repos_url': 'https://api.github.com/users/nikithauc/repos', 'events_url': 'https://api.github.com/users/nikithauc/events{/privacy}', 'received_events_url': 'https://api.github.com/users/nikithauc/received_events', 'type': 'User', 'site_admin': False}], 'requested_teams': [], 'labels': [{'id': 2284805061, 'node_id': 'MDU6TGFiZWwyMjg0ODA1MDYx', 'url': 'https://api.github.com/repos/microsoftgraph/msgraph-sdk-java/labels/dependencies', 'name': 'dependencies', 'color': '0366d6', 'default': False, 'description': 'Pull requests that update a dependency file'}, {'id': 2284805070, 'node_id': 'MDU6TGFiZWwyMjg0ODA1MDcw', 'url': 'https://api.github.com/repos/microsoftgraph/msgraph-sdk-java/labels/java', 'name': 'java', 'color': 'ffa221', 'default': False, 'description': 'Pull requests that update Java code'}], 'milestone': None, 'draft': False, 'commits_url': 'https://api.github.com/repos/microsoftgraph/msgraph-sdk-java/pulls/1054/commits', 'review_comments_url': 'https://api.github.com/repos/microsoftgraph/msgraph-sdk-java/pulls/1054/comments', 'review_comment_url': 'https://api.github.com/repos/microsoftgraph/msgraph-sdk-java/pulls/comments{/number}', 'comments_url': 'https://api.github.com/repos/microsoftgraph/msgraph-sdk-java/issues/1054/comments', 'statuses_url': 'https://api.github.com/repos/microsoftgraph/msgraph-sdk-java/statuses/6cbf63aae9c2d39fed648b08387fe4b8c1330709', 'head': {'label': 'microsoftgraph:dependabot/gradle/org.mockito-mockito-inline-4.5.1', 'ref': 'dependabot/gradle/org.mockito-mockito-inline-4.5.1', 'sha': '6cbf63aae9c2d39fed648b08387fe4b8c1330709', 'user': {'login': 'microsoftgraph', 'id': 17304259, 'node_id': 'MDEyOk9yZ2FuaXphdGlvbjE3MzA0MjU5', 'avatar_url': 'https://avatars.githubusercontent.com/u/17304259?v=4', 'gravatar_id': '', 'url': 'https://api.github.com/users/microsoftgraph', 'html_url': 'https://github.com/microsoftgraph', 'followers_url': 'https://api.github.com/users/microsoftgraph/followers', 'following_url': 'https://api.github.com/users/microsoftgraph/following{/other_user}', 'gists_url': 'https://api.github.com/users/microsoftgraph/gists{/gist_id}', 'starred_url': 'https://api.github.com/users/microsoftgraph/starred{/owner}{/repo}', 'subscriptions_url': 'https://api.github.com/users/microsoftgraph/subscriptions', 'organizations_url': 'https://api.github.com/users/microsoftgraph/orgs', 'repos_url': 'https://api.github.com/users/microsoftgraph/repos', 'events_url': 'https://api.github.com/users/microsoftgraph/events{/privacy}', 'received_events_url': 'https://api.github.com/users/microsoftgraph/received_events', 'type': 'Organization', 'site_admin': False}, 'repo': {'id': 103300409, 'node_id': 'MDEwOlJlcG9zaXRvcnkxMDMzMDA0MDk=', 'name': 'msgraph-sdk-java', 'full_name': 'microsoftgraph/msgraph-sdk-java', 'private': False, 'owner': {'login': 'microsoftgraph', 'id': 17304259, 'node_id': 'MDEyOk9yZ2FuaXphdGlvbjE3MzA0MjU5', 'avatar_url': 'https://avatars.githubusercontent.com/u/17304259?v=4', 'gravatar_id': '', 'url': 'https://api.github.com/users/microsoftgraph', 'html_url': 'https://github.com/microsoftgraph', 'followers_url': 'https://api.github.com/users/microsoftgraph/followers', 'following_url': 'https://api.github.com/users/microsoftgraph/following{/other_user}', 'gists_url': 'https://api.github.com/users/microsoftgraph/gists{/gist_id}', 'starred_url': 'https://api.github.com/users/microsoftgraph/starred{/owner}{/repo}', 'subscriptions_url': 'https://api.github.com/users/microsoftgraph/subscriptions', 'organizations_url': 'https://api.github.com/users/microsoftgraph/orgs', 'repos_url': 'https://api.github.com/users/microsoftgraph/repos', 'events_url': 'https://api.github.com/users/microsoftgraph/events{/privacy}', 'received_events_url': 'https://api.github.com/users/microsoftgraph/received_events', 'type': 'Organization', 'site_admin': False}, 'html_url': 'https://github.com/microsoftgraph/msgraph-sdk-java', 'description': 'Microsoft Graph SDK for Java', 'fork': False, 'url': 'https://api.github.com/repos/microsoftgraph/msgraph-sdk-java', 'forks_url': 'https://api.github.com/repos/microsoftgraph/msgraph-sdk-java/forks', 'keys_url': 'https://api.github.com/repos/microsoftgraph/msgraph-sdk-java/keys{/key_id}', 'collaborators_url': 'https://api.github.com/repos/microsoftgraph/msgraph-sdk-java/collaborators{/collaborator}', 'teams_url': 'https://api.github.com/repos/microsoftgraph/msgraph-sdk-java/teams', 'hooks_url': 'https://api.github.com/repos/microsoftgraph/msgraph-sdk-java/hooks', 'issue_events_url': 'https://api.github.com/repos/microsoftgraph/msgraph-sdk-java/issues/events{/number}', 'events_url': 'https://api.github.com/repos/microsoftgraph/msgraph-sdk-java/events', 'assignees_url': 'https://api.github.com/repos/microsoftgraph/msgraph-sdk-java/assignees{/user}', 'branches_url': 'https://api.github.com/repos/microsoftgraph/msgraph-sdk-java/branches{/branch}', 'tags_url': 'https://api.github.com/repos/microsoftgraph/msgraph-sdk-java/tags', 'blobs_url': 'https://api.github.com/repos/microsoftgraph/msgraph-sdk-java/git/blobs{/sha}', 'git_tags_url': 'https://api.github.com/repos/microsoftgraph/msgraph-sdk-java/git/tags{/sha}', 'git_refs_url': 'https://api.github.com/repos/microsoftgraph/msgraph-sdk-java/git/refs{/sha}', 'trees_url': 'https://api.github.com/repos/microsoftgraph/msgraph-sdk-java/git/trees{/sha}', 'statuses_url': 'https://api.github.com/repos/microsoftgraph/msgraph-sdk-java/statuses/{sha}', 'languages_url': 'https://api.github.com/repos/microsoftgraph/msgraph-sdk-java/languages', 'stargazers_url': 'https://api.github.com/repos/microsoftgraph/msgraph-sdk-java/stargazers', 'contributors_url': 'https://api.github.com/repos/microsoftgraph/msgraph-sdk-java/contributors', 'subscribers_url': 'https://api.github.com/repos/microsoftgraph/msgraph-sdk-java/subscribers', 'subscription_url': 'https://api.github.com/repos/microsoftgraph/msgraph-sdk-java/subscription', 'commits_url': 'https://api.github.com/repos/microsoftgraph/msgraph-sdk-java/commits{/sha}', 'git_commits_url': 'https://api.github.com/repos/microsoftgraph/msgraph-sdk-java/git/commits{/sha}', 'comments_url': 'https://api.github.com/repos/microsoftgraph/msgraph-sdk-java/comments{/number}', 'issue_comment_url': 'https://api.github.com/repos/microsoftgraph/msgraph-sdk-java/issues/comments{/number}', 'contents_url': 'https://api.github.com/repos/microsoftgraph/msgraph-sdk-java/contents/{+path}', 'compare_url': 'https://api.github.com/repos/microsoftgraph/msgraph-sdk-java/compare/{base}...{head}', 'merges_url': 'https://api.github.com/repos/microsoftgraph/msgraph-sdk-java/merges', 'archive_url': 'https://api.github.com/repos/microsoftgraph/msgraph-sdk-java/{archive_format}{/ref}', 'downloads_url': 'https://api.github.com/repos/microsoftgraph/msgraph-sdk-java/downloads', 'issues_url': 'https://api.github.com/repos/microsoftgraph/msgraph-sdk-java/issues{/number}', 'pulls_url': 'https://api.github.com/repos/microsoftgraph/msgraph-sdk-java/pulls{/number}', 'milestones_url': 'https://api.github.com/repos/microsoftgraph/msgraph-sdk-java/milestones{/number}', 'notifications_url': 'https://api.github.com/repos/microsoftgraph/msgraph-sdk-java/notifications{?since,all,participating}', 'labels_url': 'https://api.github.com/repos/microsoftgraph/msgraph-sdk-java/labels{/name}', 'releases_url': 'https://api.github.com/repos/microsoftgraph/msgraph-sdk-java/releases{/id}', 'deployments_url': 'https://api.github.com/repos/microsoftgraph/msgraph-sdk-java/deployments', 'created_at': '2017-09-12T17:20:15Z', 'updated_at': '2022-04-10T14:24:06Z', 'pushed_at': '2022-04-22T16:17:24Z', 'git_url': 'git://github.com/microsoftgraph/msgraph-sdk-java.git', 'ssh_url': 'git@github.com:microsoftgraph/msgraph-sdk-java.git', 'clone_url': 'https://github.com/microsoftgraph/msgraph-sdk-java.git', 'svn_url': 'https://github.com/microsoftgraph/msgraph-sdk-java', 'homepage': 'https://docs.microsoft.com/en-us/graph/sdks/sdks-overview', 'size': 58753, 'stargazers_count': 245, 'watchers_count': 245, 'language': 'Java', 'has_issues': True, 'has_projects': True, 'has_downloads': True, 'has_wiki': False, 'has_pages': False, 'forks_count': 102, 'mirror_url': None, 'archived': False, 'disabled': False, 'open_issues_count': 7, 'license': {'key': 'mit', 'name': 'MIT License', 'spdx_id': 'MIT', 'url': 'https://api.github.com/licenses/mit', 'node_id': 'MDc6TGljZW5zZTEz'}, 'allow_forking': True, 'is_template': False, 'topics': ['java', 'microsoft-graph', 'microsoft-graph-sdk', 'sdk'], 'visibility': 'public', 'forks': 102, 'open_issues': 7, 'watchers': 245, 'default_branch': 'dev'}}, 'base': {'label': 'microsoftgraph:dev', 'ref': 'dev', 'sha': 'b7600e8ee421f4d1ce2ca7f8a6894bcfee03d760', 'user': {'login': 'microsoftgraph', 'id': 17304259, 'node_id': 'MDEyOk9yZ2FuaXphdGlvbjE3MzA0MjU5', 'avatar_url': 'https://avatars.githubusercontent.com/u/17304259?v=4', 'gravatar_id': '', 'url': 'https://api.github.com/users/microsoftgraph', 'html_url': 'https://github.com/microsoftgraph', 'followers_url': 'https://api.github.com/users/microsoftgraph/followers', 'following_url': 'https://api.github.com/users/microsoftgraph/following{/other_user}', 'gists_url': 'https://api.github.com/users/microsoftgraph/gists{/gist_id}', 'starred_url': 'https://api.github.com/users/microsoftgraph/starred{/owner}{/repo}', 'subscriptions_url': 'https://api.github.com/users/microsoftgraph/subscriptions', 'organizations_url': 'https://api.github.com/users/microsoftgraph/orgs', 'repos_url': 'https://api.github.com/users/microsoftgraph/repos', 'events_url': 'https://api.github.com/users/microsoftgraph/events{/privacy}', 'received_events_url': 'https://api.github.com/users/microsoftgraph/received_events', 'type': 'Organization', 'site_admin': False}, 'repo': {'id': 103300409, 'node_id': 'MDEwOlJlcG9zaXRvcnkxMDMzMDA0MDk=', 'name': 'msgraph-sdk-java', 'full_name': 'microsoftgraph/msgraph-sdk-java', 'private': False, 'owner': {'login': 'microsoftgraph', 'id': 17304259, 'node_id': 'MDEyOk9yZ2FuaXphdGlvbjE3MzA0MjU5', 'avatar_url': 'https://avatars.githubusercontent.com/u/17304259?v=4', 'gravatar_id': '', 'url': 'https://api.github.com/users/microsoftgraph', 'html_url': 'https://github.com/microsoftgraph', 'followers_url': 'https://api.github.com/users/microsoftgraph/followers', 'following_url': 'https://api.github.com/users/microsoftgraph/following{/other_user}', 'gists_url': 'https://api.github.com/users/microsoftgraph/gists{/gist_id}', 'starred_url': 'https://api.github.com/users/microsoftgraph/starred{/owner}{/repo}', 'subscriptions_url': 'https://api.github.com/users/microsoftgraph/subscriptions', 'organizations_url': 'https://api.github.com/users/microsoftgraph/orgs', 'repos_url': 'https://api.github.com/users/microsoftgraph/repos', 'events_url': 'https://api.github.com/users/microsoftgraph/events{/privacy}', 'received_events_url': 'https://api.github.com/users/microsoftgraph/received_events', 'type': 'Organization', 'site_admin': False}, 'html_url': 'https://github.com/microsoftgraph/msgraph-sdk-java', 'description': 'Microsoft Graph SDK for Java', 'fork': False, 'url': 'https://api.github.com/repos/microsoftgraph/msgraph-sdk-java', 'forks_url': 'https://api.github.com/repos/microsoftgraph/msgraph-sdk-java/forks', 'keys_url': 'https://api.github.com/repos/microsoftgraph/msgraph-sdk-java/keys{/key_id}', 'collaborators_url': 'https://api.github.com/repos/microsoftgraph/msgraph-sdk-java/collaborators{/collaborator}', 'teams_url': 'https://api.github.com/repos/microsoftgraph/msgraph-sdk-java/teams', 'hooks_url': 'https://api.github.com/repos/microsoftgraph/msgraph-sdk-java/hooks', 'issue_events_url': 'https://api.github.com/repos/microsoftgraph/msgraph-sdk-java/issues/events{/number}', 'events_url': 'https://api.github.com/repos/microsoftgraph/msgraph-sdk-java/events', 'assignees_url': 'https://api.github.com/repos/microsoftgraph/msgraph-sdk-java/assignees{/user}', 'branches_url': 'https://api.github.com/repos/microsoftgraph/msgraph-sdk-java/branches{/branch}', 'tags_url': 'https://api.github.com/repos/microsoftgraph/msgraph-sdk-java/tags', 'blobs_url': 'https://api.github.com/repos/microsoftgraph/msgraph-sdk-java/git/blobs{/sha}', 'git_tags_url': 'https://api.github.com/repos/microsoftgraph/msgraph-sdk-java/git/tags{/sha}', 'git_refs_url': 'https://api.github.com/repos/microsoftgraph/msgraph-sdk-java/git/refs{/sha}', 'trees_url': 'https://api.github.com/repos/microsoftgraph/msgraph-sdk-java/git/trees{/sha}', 'statuses_url': 'https://api.github.com/repos/microsoftgraph/msgraph-sdk-java/statuses/{sha}', 'languages_url': 'https://api.github.com/repos/microsoftgraph/msgraph-sdk-java/languages', 'stargazers_url': 'https://api.github.com/repos/microsoftgraph/msgraph-sdk-java/stargazers', 'contributors_url': 'https://api.github.com/repos/microsoftgraph/msgraph-sdk-java/contributors', 'subscribers_url': 'https://api.github.com/repos/microsoftgraph/msgraph-sdk-java/subscribers', 'subscription_url': 'https://api.github.com/repos/microsoftgraph/msgraph-sdk-java/subscription', 'commits_url': 'https://api.github.com/repos/microsoftgraph/msgraph-sdk-java/commits{/sha}', 'git_commits_url': 'https://api.github.com/repos/microsoftgraph/msgraph-sdk-java/git/commits{/sha}', 'comments_url': 'https://api.github.com/repos/microsoftgraph/msgraph-sdk-java/comments{/number}', 'issue_comment_url': 'https://api.github.com/repos/microsoftgraph/msgraph-sdk-java/issues/comments{/number}', 'contents_url': 'https://api.github.com/repos/microsoftgraph/msgraph-sdk-java/contents/{+path}', 'compare_url': 'https://api.github.com/repos/microsoftgraph/msgraph-sdk-java/compare/{base}...{head}', 'merges_url': 'https://api.github.com/repos/microsoftgraph/msgraph-sdk-java/merges', 'archive_url': 'https://api.github.com/repos/microsoftgraph/msgraph-sdk-java/{archive_format}{/ref}', 'downloads_url': 'https://api.github.com/repos/microsoftgraph/msgraph-sdk-java/downloads', 'issues_url': 'https://api.github.com/repos/microsoftgraph/msgraph-sdk-java/issues{/number}', 'pulls_url': 'https://api.github.com/repos/microsoftgraph/msgraph-sdk-java/pulls{/number}', 'milestones_url': 'https://api.github.com/repos/microsoftgraph/msgraph-sdk-java/milestones{/number}', 'notifications_url': 'https://api.github.com/repos/microsoftgraph/msgraph-sdk-java/notifications{?since,all,participating}', 'labels_url': 'https://api.github.com/repos/microsoftgraph/msgraph-sdk-java/labels{/name}', 'releases_url': 'https://api.github.com/repos/microsoftgraph/msgraph-sdk-java/releases{/id}', 'deployments_url': 'https://api.github.com/repos/microsoftgraph/msgraph-sdk-java/deployments', 'created_at': '2017-09-12T17:20:15Z', 'updated_at': '2022-04-10T14:24:06Z', 'pushed_at': '2022-04-22T16:17:24Z', 'git_url': 'git://github.com/microsoftgraph/msgraph-sdk-java.git', 'ssh_url': 'git@github.com:microsoftgraph/msgraph-sdk-java.git', 'clone_url': 'https://github.com/microsoftgraph/msgraph-sdk-java.git', 'svn_url': 'https://github.com/microsoftgraph/msgraph-sdk-java', 'homepage': 'https://docs.microsoft.com/en-us/graph/sdks/sdks-overview', 'size': 58753, 'stargazers_count': 245, 'watchers_count': 245, 'language': 'Java', 'has_issues': True, 'has_projects': True, 'has_downloads': True, 'has_wiki': False, 'has_pages': False, 'forks_count': 102, 'mirror_url': None, 'archived': False, 'disabled': False, 'open_issues_count': 7, 'license': {'key': 'mit', 'name': 'MIT License', 'spdx_id': 'MIT', 'url': 'https://api.github.com/licenses/mit', 'node_id': 'MDc6TGljZW5zZTEz'}, 'allow_forking': True, 'is_template': False, 'topics': ['java', 'microsoft-graph', 'microsoft-graph-sdk', 'sdk'], 'visibility': 'public', 'forks': 102, 'open_issues': 7, 'watchers': 245, 'default_branch': 'dev'}}, '_links': {'self': {'href': 'https://api.github.com/repos/microsoftgraph/msgraph-sdk-java/pulls/1054'}, 'html': {'href': 'https://github.com/microsoftgraph/msgraph-sdk-java/pull/1054'}, 'issue': {'href': 'https://api.github.com/repos/microsoftgraph/msgraph-sdk-java/issues/1054'}, 'comments': {'href': 'https://api.github.com/repos/microsoftgraph/msgraph-sdk-java/issues/1054/comments'}, 'review_comments': {'href': 'https://api.github.com/repos/microsoftgraph/msgraph-sdk-java/pulls/1054/comments'}, 'review_comment': {'href': 'https://api.github.com/repos/microsoftgraph/msgraph-sdk-java/pulls/comments{/number}'}, 'commits': {'href': 'https://api.github.com/repos/microsoftgraph/msgraph-sdk-java/pulls/1054/commits'}, 'statuses': {'href': 'https://api.github.com/repos/microsoftgraph/msgraph-sdk-java/statuses/6cbf63aae9c2d39fed648b08387fe4b8c1330709'}}, 'author_association': 'CONTRIBUTOR', 'auto_merge': None, 'active_lock_reason': None}}",created,Java
21421627036,PushEvent,microsoftgraph/msgraph-sdk-java,0.0,2022-04-22T16:17:26Z,"{'push_id': 9694881449, 'size': 2, 'distinct_size': 2, 'ref': 'refs/heads/dev', 'head': '8697d4878eadc6d8aae7e2f04b6cc95de21771c1', 'before': 'b7600e8ee421f4d1ce2ca7f8a6894bcfee03d760', 'commits': [{'sha': '1b60fca96bc95f2de3937b070f4bc105541aacaf', 'author': {'email': '49699333+dependabot[bot]@users.noreply.github.com', 'name': 'dependabot[bot]'}, 'message': 'Bump mockito-inline from 4.5.0 to 4.5.1 in /android\n\nBumps [mockito-inline](https://github.com/mockito/mockito) from 4.5.0 to 4.5.1.\n- [Release notes](https://github.com/mockito/mockito/releases)\n- [Commits](https://github.com/mockito/mockito/compare/v4.5.0...v4.5.1)\n\n---\nupdated-dependencies:\n- dependency-name: org.mockito:mockito-inline\n  dependency-type: direct:production\n  update-type: version-update:semver-patch\n...\n\nSigned-off-by: dependabot[bot] <support@github.com>', 'distinct': True, 'url': 'https://api.github.com/repos/microsoftgraph/msgraph-sdk-java/commits/1b60fca96bc95f2de3937b070f4bc105541aacaf'}, {'sha': '8697d4878eadc6d8aae7e2f04b6cc95de21771c1', 'author': {'email': '63934382+ramsessanchez@users.noreply.github.com', 'name': 'ramsessanchez'}, 'message': 'Merge pull request #1057 from microsoftgraph/dependabot/gradle/android/org.mockito-mockito-inline-4.5.1\n\nBump mockito-inline from 4.5.0 to 4.5.1 in /android', 'distinct': True, 'url': 'https://api.github.com/repos/microsoftgraph/msgraph-sdk-java/commits/8697d4878eadc6d8aae7e2f04b6cc95de21771c1'}]}",,Java
21421626878,DeleteEvent,microsoftgraph/msgraph-sdk-java,0.0,2022-04-22T16:17:25Z,"{'ref': 'dependabot/gradle/android/org.mockito-mockito-inline-4.5.1', 'ref_type': 'branch', 'pusher_type': 'user'}",,Java
21421626775,PullRequestEvent,microsoftgraph/msgraph-sdk-java,0.0,2022-04-22T16:17:25Z,"{'action': 'closed', 'number': 1057, 'pull_request': {'url': 'https://api.github.com/repos/microsoftgraph/msgraph-sdk-java/pulls/1057', 'id': 916025222, 'node_id': 'PR_kwDOBig9Oc42mW-G', 'html_url': 'https://github.com/microsoftgraph/msgraph-sdk-java/pull/1057', 'diff_url': 'https://github.com/microsoftgraph/msgraph-sdk-java/pull/1057.diff', 'patch_url': 'https://github.com/microsoftgraph/msgraph-sdk-java/pull/1057.patch', 'issue_url': 'https://api.github.com/repos/microsoftgraph/msgraph-sdk-java/issues/1057', 'number': 1057, 'state': 'closed', 'locked': False, 'title': 'Bump mockito-inline from 4.5.0 to 4.5.1 in /android', 'user': {'login': 'dependabot[bot]', 'id': 49699333, 'node_id': 'MDM6Qm90NDk2OTkzMzM=', 'avatar_url': 'https://avatars.githubusercontent.com/in/29110?v=4', 'gravatar_id': '', 'url': 'https://api.github.com/users/dependabot%5Bbot%5D', 'html_url': 'https://github.com/apps/dependabot', 'followers_url': 'https://api.github.com/users/dependabot%5Bbot%5D/followers', 'following_url': 'https://api.github.com/users/dependabot%5Bbot%5D/following{/other_user}', 'gists_url': 'https://api.github.com/users/dependabot%5Bbot%5D/gists{/gist_id}', 'starred_url': 'https://api.github.com/users/dependabot%5Bbot%5D/starred{/owner}{/repo}', 'subscriptions_url': 'https://api.github.com/users/dependabot%5Bbot%5D/subscriptions', 'organizations_url': 'https://api.github.com/users/dependabot%5Bbot%5D/orgs', 'repos_url': 'https://api.github.com/users/dependabot%5Bbot%5D/repos', 'events_url': 'https://api.github.com/users/dependabot%5Bbot%5D/events{/privacy}', 'received_events_url': 'https://api.github.com/users/dependabot%5Bbot%5D/received_events', 'type': 'Bot', 'site_admin': False}, 'body': 'Bumps [mockito-inline](https://github.com/mockito/mockito) from 4.5.0 to 4.5.1.\n<details>\n<summary>Release notes</summary>\n<p><em>Sourced from <a href=""https://github.com/mockito/mockito/releases"">mockito-inline\'s releases</a>.</em></p>\n<blockquote>\n<h2>v4.5.1</h2>\n<p><!-- raw HTML omitted --><!-- raw HTML omitted --><em>Changelog generated by <a href=""https://github.com/shipkit/shipkit-changelog"">Shipkit Changelog Gradle Plugin</a></em><!-- raw HTML omitted --><!-- raw HTML omitted --></p>\n<h4>4.5.1</h4>\n<ul>\n<li>2022-04-21 - <a href=""https://github.com/mockito/mockito/compare/v4.5.0...v4.5.1"">2 commit(s)</a> by Jeremy Landis, dependabot[bot]</li>\n<li>Fixes <a href=""https://github-redirect.dependabot.com/mockito/mockito/issues/2623"">#2623</a>: Use zulu distribution and java 11 for release GHA job [(<a href=""https://github-redirect.dependabot.com/mockito/mockito/issues/2624"">#2624</a>)](<a href=""https://github-redirect.dependabot.com/mockito/mockito/pull/2624"">mockito/mockito#2624</a>)</li>\n<li>Missing errorprone module for 4.5.0 in central as release was done with jdk 8 [(<a href=""https://github-redirect.dependabot.com/mockito/mockito/issues/2623"">#2623</a>)](<a href=""https://github-redirect.dependabot.com/mockito/mockito/issues/2623"">mockito/mockito#2623</a>)</li>\n<li>Bump kotlinVersion from 1.6.20 to 1.6.21 [(<a href=""https://github-redirect.dependabot.com/mockito/mockito/issues/2622"">#2622</a>)](<a href=""https://github-redirect.dependabot.com/mockito/mockito/pull/2622"">mockito/mockito#2622</a>)</li>\n</ul>\n</blockquote>\n</details>\n<details>\n<summary>Commits</summary>\n<ul>\n<li><a href=""https://github.com/mockito/mockito/commit/737f0a3517256af6ade37fd0e776a2bb230de553""><code>737f0a3</code></a> Fixes <a href=""https://github-redirect.dependabot.com/mockito/mockito/issues/2623"">#2623</a>: Use zulu distribution and java 11 for release GHA job (<a href=""https://github-redirect.dependabot.com/mockito/mockito/issues/2624"">#2624</a>)</li>\n<li><a href=""https://github.com/mockito/mockito/commit/f48d794ad14982a134fd14dd2aef03477b699dc6""><code>f48d794</code></a> Bump kotlinVersion from 1.6.20 to 1.6.21 (<a href=""https://github-redirect.dependabot.com/mockito/mockito/issues/2622"">#2622</a>)</li>\n<li>See full diff in <a href=""https://github.com/mockito/mockito/compare/v4.5.0...v4.5.1"">compare view</a></li>\n</ul>\n</details>\n<br />\n\n\n[![Dependabot compatibility score](https://dependabot-badges.githubapp.com/badges/compatibility_score?dependency-name=org.mockito:mockito-inline&package-manager=gradle&previous-version=4.5.0&new-version=4.5.1)](https://docs.github.com/en/github/managing-security-vulnerabilities/about-dependabot-security-updates#about-compatibility-scores)\n\nDependabot will resolve any conflicts with this PR as long as you don\'t alter it yourself. You can also trigger a rebase manually by commenting `@dependabot rebase`.\n\n[//]: # (dependabot-automerge-start)\n[//]: # (dependabot-automerge-end)\n\n---\n\n<details>\n<summary>Dependabot commands and options</summary>\n<br />\n\nYou can trigger Dependabot actions by commenting on this PR:\n- `@dependabot rebase` will rebase this PR\n- `@dependabot recreate` will recreate this PR, overwriting any edits that have been made to it\n- `@dependabot merge` will merge this PR after your CI passes on it\n- `@dependabot squash and merge` will squash and merge this PR after your CI passes on it\n- `@dependabot cancel merge` will cancel a previously requested merge and block automerging\n- `@dependabot reopen` will reopen this PR if it is closed\n- `@dependabot close` will close this PR and stop Dependabot recreating it. You can achieve the same result by closing it manually\n- `@dependabot ignore this major version` will close this PR and stop Dependabot creating any more for this major version (unless you reopen the PR or upgrade to it yourself)\n- `@dependabot ignore this minor version` will close this PR and stop Dependabot creating any more for this minor version (unless you reopen the PR or upgrade to it yourself)\n- `@dependabot ignore this dependency` will close this PR and stop Dependabot creating any more for this dependency (unless you reopen the PR or upgrade to it yourself)\n\n\n</details>', 'created_at': '2022-04-22T05:20:54Z', 'updated_at': '2022-04-22T16:17:24Z', 'closed_at': '2022-04-22T16:17:24Z', 'merged_at': '2022-04-22T16:17:24Z', 'merge_commit_sha': '8697d4878eadc6d8aae7e2f04b6cc95de21771c1', 'assignee': None, 'assignees': [], 'requested_reviewers': [{'login': 'zengin', 'id': 803311, 'node_id': 'MDQ6VXNlcjgwMzMxMQ==', 'avatar_url': 'https://avatars.githubusercontent.com/u/803311?v=4', 'gravatar_id': '', 'url': 'https://api.github.com/users/zengin', 'html_url': 'https://github.com/zengin', 'followers_url': 'https://api.github.com/users/zengin/followers', 'following_url': 'https://api.github.com/users/zengin/following{/other_user}', 'gists_url': 'https://api.github.com/users/zengin/gists{/gist_id}', 'starred_url': 'https://api.github.com/users/zengin/starred{/owner}{/repo}', 'subscriptions_url': 'https://api.github.com/users/zengin/subscriptions', 'organizations_url': 'https://api.github.com/users/zengin/orgs', 'repos_url': 'https://api.github.com/users/zengin/repos', 'events_url': 'https://api.github.com/users/zengin/events{/privacy}', 'received_events_url': 'https://api.github.com/users/zengin/received_events', 'type': 'User', 'site_admin': False}, {'login': 'baywet', 'id': 7905502, 'node_id': 'MDQ6VXNlcjc5MDU1MDI=', 'avatar_url': 'https://avatars.githubusercontent.com/u/7905502?v=4', 'gravatar_id': '', 'url': 'https://api.github.com/users/baywet', 'html_url': 'https://github.com/baywet', 'followers_url': 'https://api.github.com/users/baywet/followers', 'following_url': 'https://api.github.com/users/baywet/following{/other_user}', 'gists_url': 'https://api.github.com/users/baywet/gists{/gist_id}', 'starred_url': 'https://api.github.com/users/baywet/starred{/owner}{/repo}', 'subscriptions_url': 'https://api.github.com/users/baywet/subscriptions', 'organizations_url': 'https://api.github.com/users/baywet/orgs', 'repos_url': 'https://api.github.com/users/baywet/repos', 'events_url': 'https://api.github.com/users/baywet/events{/privacy}', 'received_events_url': 'https://api.github.com/users/baywet/received_events', 'type': 'User', 'site_admin': False}, {'login': 'MIchaelMainer', 'id': 8527305, 'node_id': 'MDQ6VXNlcjg1MjczMDU=', 'avatar_url': 'https://avatars.githubusercontent.com/u/8527305?v=4', 'gravatar_id': '', 'url': 'https://api.github.com/users/MIchaelMainer', 'html_url': 'https://github.com/MIchaelMainer', 'followers_url': 'https://api.github.com/users/MIchaelMainer/followers', 'following_url': 'https://api.github.com/users/MIchaelMainer/following{/other_user}', 'gists_url': 'https://api.github.com/users/MIchaelMainer/gists{/gist_id}', 'starred_url': 'https://api.github.com/users/MIchaelMainer/starred{/owner}{/repo}', 'subscriptions_url': 'https://api.github.com/users/MIchaelMainer/subscriptions', 'organizations_url': 'https://api.github.com/users/MIchaelMainer/orgs', 'repos_url': 'https://api.github.com/users/MIchaelMainer/repos', 'events_url': 'https://api.github.com/users/MIchaelMainer/events{/privacy}', 'received_events_url': 'https://api.github.com/users/MIchaelMainer/received_events', 'type': 'User', 'site_admin': False}, {'login': 'ddyett', 'id': 20829981, 'node_id': 'MDQ6VXNlcjIwODI5OTgx', 'avatar_url': 'https://avatars.githubusercontent.com/u/20829981?v=4', 'gravatar_id': '', 'url': 'https://api.github.com/users/ddyett', 'html_url': 'https://github.com/ddyett', 'followers_url': 'https://api.github.com/users/ddyett/followers', 'following_url': 'https://api.github.com/users/ddyett/following{/other_user}', 'gists_url': 'https://api.github.com/users/ddyett/gists{/gist_id}', 'starred_url': 'https://api.github.com/users/ddyett/starred{/owner}{/repo}', 'subscriptions_url': 'https://api.github.com/users/ddyett/subscriptions', 'organizations_url': 'https://api.github.com/users/ddyett/orgs', 'repos_url': 'https://api.github.com/users/ddyett/repos', 'events_url': 'https://api.github.com/users/ddyett/events{/privacy}', 'received_events_url': 'https://api.github.com/users/ddyett/received_events', 'type': 'User', 'site_admin': False}, {'login': 'nikithauc', 'id': 23219007, 'node_id': 'MDQ6VXNlcjIzMjE5MDA3', 'avatar_url': 'https://avatars.githubusercontent.com/u/23219007?v=4', 'gravatar_id': '', 'url': 'https://api.github.com/users/nikithauc', 'html_url': 'https://github.com/nikithauc', 'followers_url': 'https://api.github.com/users/nikithauc/followers', 'following_url': 'https://api.github.com/users/nikithauc/following{/other_user}', 'gists_url': 'https://api.github.com/users/nikithauc/gists{/gist_id}', 'starred_url': 'https://api.github.com/users/nikithauc/starred{/owner}{/repo}', 'subscriptions_url': 'https://api.github.com/users/nikithauc/subscriptions', 'organizations_url': 'https://api.github.com/users/nikithauc/orgs', 'repos_url': 'https://api.github.com/users/nikithauc/repos', 'events_url': 'https://api.github.com/users/nikithauc/events{/privacy}', 'received_events_url': 'https://api.github.com/users/nikithauc/received_events', 'type': 'User', 'site_admin': False}], 'requested_teams': [], 'labels': [{'id': 2284805061, 'node_id': 'MDU6TGFiZWwyMjg0ODA1MDYx', 'url': 'https://api.github.com/repos/microsoftgraph/msgraph-sdk-java/labels/dependencies', 'name': 'dependencies', 'color': '0366d6', 'default': False, 'description': 'Pull requests that update a dependency file'}, {'id': 2284805070, 'node_id': 'MDU6TGFiZWwyMjg0ODA1MDcw', 'url': 'https://api.github.com/repos/microsoftgraph/msgraph-sdk-java/labels/java', 'name': 'java', 'color': 'ffa221', 'default': False, 'description': 'Pull requests that update Java code'}], 'milestone': None, 'draft': False, 'commits_url': 'https://api.github.com/repos/microsoftgraph/msgraph-sdk-java/pulls/1057/commits', 'review_comments_url': 'https://api.github.com/repos/microsoftgraph/msgraph-sdk-java/pulls/1057/comments', 'review_comment_url': 'https://api.github.com/repos/microsoftgraph/msgraph-sdk-java/pulls/comments{/number}', 'comments_url': 'https://api.github.com/repos/microsoftgraph/msgraph-sdk-java/issues/1057/comments', 'statuses_url': 'https://api.github.com/repos/microsoftgraph/msgraph-sdk-java/statuses/1b60fca96bc95f2de3937b070f4bc105541aacaf', 'head': {'label': 'microsoftgraph:dependabot/gradle/android/org.mockito-mockito-inline-4.5.1', 'ref': 'dependabot/gradle/android/org.mockito-mockito-inline-4.5.1', 'sha': '1b60fca96bc95f2de3937b070f4bc105541aacaf', 'user': {'login': 'microsoftgraph', 'id': 17304259, 'node_id': 'MDEyOk9yZ2FuaXphdGlvbjE3MzA0MjU5', 'avatar_url': 'https://avatars.githubusercontent.com/u/17304259?v=4', 'gravatar_id': '', 'url': 'https://api.github.com/users/microsoftgraph', 'html_url': 'https://github.com/microsoftgraph', 'followers_url': 'https://api.github.com/users/microsoftgraph/followers', 'following_url': 'https://api.github.com/users/microsoftgraph/following{/other_user}', 'gists_url': 'https://api.github.com/users/microsoftgraph/gists{/gist_id}', 'starred_url': 'https://api.github.com/users/microsoftgraph/starred{/owner}{/repo}', 'subscriptions_url': 'https://api.github.com/users/microsoftgraph/subscriptions', 'organizations_url': 'https://api.github.com/users/microsoftgraph/orgs', 'repos_url': 'https://api.github.com/users/microsoftgraph/repos', 'events_url': 'https://api.github.com/users/microsoftgraph/events{/privacy}', 'received_events_url': 'https://api.github.com/users/microsoftgraph/received_events', 'type': 'Organization', 'site_admin': False}, 'repo': {'id': 103300409, 'node_id': 'MDEwOlJlcG9zaXRvcnkxMDMzMDA0MDk=', 'name': 'msgraph-sdk-java', 'full_name': 'microsoftgraph/msgraph-sdk-java', 'private': False, 'owner': {'login': 'microsoftgraph', 'id': 17304259, 'node_id': 'MDEyOk9yZ2FuaXphdGlvbjE3MzA0MjU5', 'avatar_url': 'https://avatars.githubusercontent.com/u/17304259?v=4', 'gravatar_id': '', 'url': 'https://api.github.com/users/microsoftgraph', 'html_url': 'https://github.com/microsoftgraph', 'followers_url': 'https://api.github.com/users/microsoftgraph/followers', 'following_url': 'https://api.github.com/users/microsoftgraph/following{/other_user}', 'gists_url': 'https://api.github.com/users/microsoftgraph/gists{/gist_id}', 'starred_url': 'https://api.github.com/users/microsoftgraph/starred{/owner}{/repo}', 'subscriptions_url': 'https://api.github.com/users/microsoftgraph/subscriptions', 'organizations_url': 'https://api.github.com/users/microsoftgraph/orgs', 'repos_url': 'https://api.github.com/users/microsoftgraph/repos', 'events_url': 'https://api.github.com/users/microsoftgraph/events{/privacy}', 'received_events_url': 'https://api.github.com/users/microsoftgraph/received_events', 'type': 'Organization', 'site_admin': False}, 'html_url': 'https://github.com/microsoftgraph/msgraph-sdk-java', 'description': 'Microsoft Graph SDK for Java', 'fork': False, 'url': 'https://api.github.com/repos/microsoftgraph/msgraph-sdk-java', 'forks_url': 'https://api.github.com/repos/microsoftgraph/msgraph-sdk-java/forks', 'keys_url': 'https://api.github.com/repos/microsoftgraph/msgraph-sdk-java/keys{/key_id}', 'collaborators_url': 'https://api.github.com/repos/microsoftgraph/msgraph-sdk-java/collaborators{/collaborator}', 'teams_url': 'https://api.github.com/repos/microsoftgraph/msgraph-sdk-java/teams', 'hooks_url': 'https://api.github.com/repos/microsoftgraph/msgraph-sdk-java/hooks', 'issue_events_url': 'https://api.github.com/repos/microsoftgraph/msgraph-sdk-java/issues/events{/number}', 'events_url': 'https://api.github.com/repos/microsoftgraph/msgraph-sdk-java/events', 'assignees_url': 'https://api.github.com/repos/microsoftgraph/msgraph-sdk-java/assignees{/user}', 'branches_url': 'https://api.github.com/repos/microsoftgraph/msgraph-sdk-java/branches{/branch}', 'tags_url': 'https://api.github.com/repos/microsoftgraph/msgraph-sdk-java/tags', 'blobs_url': 'https://api.github.com/repos/microsoftgraph/msgraph-sdk-java/git/blobs{/sha}', 'git_tags_url': 'https://api.github.com/repos/microsoftgraph/msgraph-sdk-java/git/tags{/sha}', 'git_refs_url': 'https://api.github.com/repos/microsoftgraph/msgraph-sdk-java/git/refs{/sha}', 'trees_url': 'https://api.github.com/repos/microsoftgraph/msgraph-sdk-java/git/trees{/sha}', 'statuses_url': 'https://api.github.com/repos/microsoftgraph/msgraph-sdk-java/statuses/{sha}', 'languages_url': 'https://api.github.com/repos/microsoftgraph/msgraph-sdk-java/languages', 'stargazers_url': 'https://api.github.com/repos/microsoftgraph/msgraph-sdk-java/stargazers', 'contributors_url': 'https://api.github.com/repos/microsoftgraph/msgraph-sdk-java/contributors', 'subscribers_url': 'https://api.github.com/repos/microsoftgraph/msgraph-sdk-java/subscribers', 'subscription_url': 'https://api.github.com/repos/microsoftgraph/msgraph-sdk-java/subscription', 'commits_url': 'https://api.github.com/repos/microsoftgraph/msgraph-sdk-java/commits{/sha}', 'git_commits_url': 'https://api.github.com/repos/microsoftgraph/msgraph-sdk-java/git/commits{/sha}', 'comments_url': 'https://api.github.com/repos/microsoftgraph/msgraph-sdk-java/comments{/number}', 'issue_comment_url': 'https://api.github.com/repos/microsoftgraph/msgraph-sdk-java/issues/comments{/number}', 'contents_url': 'https://api.github.com/repos/microsoftgraph/msgraph-sdk-java/contents/{+path}', 'compare_url': 'https://api.github.com/repos/microsoftgraph/msgraph-sdk-java/compare/{base}...{head}', 'merges_url': 'https://api.github.com/repos/microsoftgraph/msgraph-sdk-java/merges', 'archive_url': 'https://api.github.com/repos/microsoftgraph/msgraph-sdk-java/{archive_format}{/ref}', 'downloads_url': 'https://api.github.com/repos/microsoftgraph/msgraph-sdk-java/downloads', 'issues_url': 'https://api.github.com/repos/microsoftgraph/msgraph-sdk-java/issues{/number}', 'pulls_url': 'https://api.github.com/repos/microsoftgraph/msgraph-sdk-java/pulls{/number}', 'milestones_url': 'https://api.github.com/repos/microsoftgraph/msgraph-sdk-java/milestones{/number}', 'notifications_url': 'https://api.github.com/repos/microsoftgraph/msgraph-sdk-java/notifications{?since,all,participating}', 'labels_url': 'https://api.github.com/repos/microsoftgraph/msgraph-sdk-java/labels{/name}', 'releases_url': 'https://api.github.com/repos/microsoftgraph/msgraph-sdk-java/releases{/id}', 'deployments_url': 'https://api.github.com/repos/microsoftgraph/msgraph-sdk-java/deployments', 'created_at': '2017-09-12T17:20:15Z', 'updated_at': '2022-04-10T14:24:06Z', 'pushed_at': '2022-04-22T16:17:24Z', 'git_url': 'git://github.com/microsoftgraph/msgraph-sdk-java.git', 'ssh_url': 'git@github.com:microsoftgraph/msgraph-sdk-java.git', 'clone_url': 'https://github.com/microsoftgraph/msgraph-sdk-java.git', 'svn_url': 'https://github.com/microsoftgraph/msgraph-sdk-java', 'homepage': 'https://docs.microsoft.com/en-us/graph/sdks/sdks-overview', 'size': 58753, 'stargazers_count': 245, 'watchers_count': 245, 'language': 'Java', 'has_issues': True, 'has_projects': True, 'has_downloads': True, 'has_wiki': False, 'has_pages': False, 'forks_count': 102, 'mirror_url': None, 'archived': False, 'disabled': False, 'open_issues_count': 7, 'license': {'key': 'mit', 'name': 'MIT License', 'spdx_id': 'MIT', 'url': 'https://api.github.com/licenses/mit', 'node_id': 'MDc6TGljZW5zZTEz'}, 'allow_forking': True, 'is_template': False, 'topics': ['java', 'microsoft-graph', 'microsoft-graph-sdk', 'sdk'], 'visibility': 'public', 'forks': 102, 'open_issues': 7, 'watchers': 245, 'default_branch': 'dev'}}, 'base': {'label': 'microsoftgraph:dev', 'ref': 'dev', 'sha': 'b7600e8ee421f4d1ce2ca7f8a6894bcfee03d760', 'user': {'login': 'microsoftgraph', 'id': 17304259, 'node_id': 'MDEyOk9yZ2FuaXphdGlvbjE3MzA0MjU5', 'avatar_url': 'https://avatars.githubusercontent.com/u/17304259?v=4', 'gravatar_id': '', 'url': 'https://api.github.com/users/microsoftgraph', 'html_url': 'https://github.com/microsoftgraph', 'followers_url': 'https://api.github.com/users/microsoftgraph/followers', 'following_url': 'https://api.github.com/users/microsoftgraph/following{/other_user}', 'gists_url': 'https://api.github.com/users/microsoftgraph/gists{/gist_id}', 'starred_url': 'https://api.github.com/users/microsoftgraph/starred{/owner}{/repo}', 'subscriptions_url': 'https://api.github.com/users/microsoftgraph/subscriptions', 'organizations_url': 'https://api.github.com/users/microsoftgraph/orgs', 'repos_url': 'https://api.github.com/users/microsoftgraph/repos', 'events_url': 'https://api.github.com/users/microsoftgraph/events{/privacy}', 'received_events_url': 'https://api.github.com/users/microsoftgraph/received_events', 'type': 'Organization', 'site_admin': False}, 'repo': {'id': 103300409, 'node_id': 'MDEwOlJlcG9zaXRvcnkxMDMzMDA0MDk=', 'name': 'msgraph-sdk-java', 'full_name': 'microsoftgraph/msgraph-sdk-java', 'private': False, 'owner': {'login': 'microsoftgraph', 'id': 17304259, 'node_id': 'MDEyOk9yZ2FuaXphdGlvbjE3MzA0MjU5', 'avatar_url': 'https://avatars.githubusercontent.com/u/17304259?v=4', 'gravatar_id': '', 'url': 'https://api.github.com/users/microsoftgraph', 'html_url': 'https://github.com/microsoftgraph', 'followers_url': 'https://api.github.com/users/microsoftgraph/followers', 'following_url': 'https://api.github.com/users/microsoftgraph/following{/other_user}', 'gists_url': 'https://api.github.com/users/microsoftgraph/gists{/gist_id}', 'starred_url': 'https://api.github.com/users/microsoftgraph/starred{/owner}{/repo}', 'subscriptions_url': 'https://api.github.com/users/microsoftgraph/subscriptions', 'organizations_url': 'https://api.github.com/users/microsoftgraph/orgs', 'repos_url': 'https://api.github.com/users/microsoftgraph/repos', 'events_url': 'https://api.github.com/users/microsoftgraph/events{/privacy}', 'received_events_url': 'https://api.github.com/users/microsoftgraph/received_events', 'type': 'Organization', 'site_admin': False}, 'html_url': 'https://github.com/microsoftgraph/msgraph-sdk-java', 'description': 'Microsoft Graph SDK for Java', 'fork': False, 'url': 'https://api.github.com/repos/microsoftgraph/msgraph-sdk-java', 'forks_url': 'https://api.github.com/repos/microsoftgraph/msgraph-sdk-java/forks', 'keys_url': 'https://api.github.com/repos/microsoftgraph/msgraph-sdk-java/keys{/key_id}', 'collaborators_url': 'https://api.github.com/repos/microsoftgraph/msgraph-sdk-java/collaborators{/collaborator}', 'teams_url': 'https://api.github.com/repos/microsoftgraph/msgraph-sdk-java/teams', 'hooks_url': 'https://api.github.com/repos/microsoftgraph/msgraph-sdk-java/hooks', 'issue_events_url': 'https://api.github.com/repos/microsoftgraph/msgraph-sdk-java/issues/events{/number}', 'events_url': 'https://api.github.com/repos/microsoftgraph/msgraph-sdk-java/events', 'assignees_url': 'https://api.github.com/repos/microsoftgraph/msgraph-sdk-java/assignees{/user}', 'branches_url': 'https://api.github.com/repos/microsoftgraph/msgraph-sdk-java/branches{/branch}', 'tags_url': 'https://api.github.com/repos/microsoftgraph/msgraph-sdk-java/tags', 'blobs_url': 'https://api.github.com/repos/microsoftgraph/msgraph-sdk-java/git/blobs{/sha}', 'git_tags_url': 'https://api.github.com/repos/microsoftgraph/msgraph-sdk-java/git/tags{/sha}', 'git_refs_url': 'https://api.github.com/repos/microsoftgraph/msgraph-sdk-java/git/refs{/sha}', 'trees_url': 'https://api.github.com/repos/microsoftgraph/msgraph-sdk-java/git/trees{/sha}', 'statuses_url': 'https://api.github.com/repos/microsoftgraph/msgraph-sdk-java/statuses/{sha}', 'languages_url': 'https://api.github.com/repos/microsoftgraph/msgraph-sdk-java/languages', 'stargazers_url': 'https://api.github.com/repos/microsoftgraph/msgraph-sdk-java/stargazers', 'contributors_url': 'https://api.github.com/repos/microsoftgraph/msgraph-sdk-java/contributors', 'subscribers_url': 'https://api.github.com/repos/microsoftgraph/msgraph-sdk-java/subscribers', 'subscription_url': 'https://api.github.com/repos/microsoftgraph/msgraph-sdk-java/subscription', 'commits_url': 'https://api.github.com/repos/microsoftgraph/msgraph-sdk-java/commits{/sha}', 'git_commits_url': 'https://api.github.com/repos/microsoftgraph/msgraph-sdk-java/git/commits{/sha}', 'comments_url': 'https://api.github.com/repos/microsoftgraph/msgraph-sdk-java/comments{/number}', 'issue_comment_url': 'https://api.github.com/repos/microsoftgraph/msgraph-sdk-java/issues/comments{/number}', 'contents_url': 'https://api.github.com/repos/microsoftgraph/msgraph-sdk-java/contents/{+path}', 'compare_url': 'https://api.github.com/repos/microsoftgraph/msgraph-sdk-java/compare/{base}...{head}', 'merges_url': 'https://api.github.com/repos/microsoftgraph/msgraph-sdk-java/merges', 'archive_url': 'https://api.github.com/repos/microsoftgraph/msgraph-sdk-java/{archive_format}{/ref}', 'downloads_url': 'https://api.github.com/repos/microsoftgraph/msgraph-sdk-java/downloads', 'issues_url': 'https://api.github.com/repos/microsoftgraph/msgraph-sdk-java/issues{/number}', 'pulls_url': 'https://api.github.com/repos/microsoftgraph/msgraph-sdk-java/pulls{/number}', 'milestones_url': 'https://api.github.com/repos/microsoftgraph/msgraph-sdk-java/milestones{/number}', 'notifications_url': 'https://api.github.com/repos/microsoftgraph/msgraph-sdk-java/notifications{?since,all,participating}', 'labels_url': 'https://api.github.com/repos/microsoftgraph/msgraph-sdk-java/labels{/name}', 'releases_url': 'https://api.github.com/repos/microsoftgraph/msgraph-sdk-java/releases{/id}', 'deployments_url': 'https://api.github.com/repos/microsoftgraph/msgraph-sdk-java/deployments', 'created_at': '2017-09-12T17:20:15Z', 'updated_at': '2022-04-10T14:24:06Z', 'pushed_at': '2022-04-22T16:17:24Z', 'git_url': 'git://github.com/microsoftgraph/msgraph-sdk-java.git', 'ssh_url': 'git@github.com:microsoftgraph/msgraph-sdk-java.git', 'clone_url': 'https://github.com/microsoftgraph/msgraph-sdk-java.git', 'svn_url': 'https://github.com/microsoftgraph/msgraph-sdk-java', 'homepage': 'https://docs.microsoft.com/en-us/graph/sdks/sdks-overview', 'size': 58753, 'stargazers_count': 245, 'watchers_count': 245, 'language': 'Java', 'has_issues': True, 'has_projects': True, 'has_downloads': True, 'has_wiki': False, 'has_pages': False, 'forks_count': 102, 'mirror_url': None, 'archived': False, 'disabled': False, 'open_issues_count': 7, 'license': {'key': 'mit', 'name': 'MIT License', 'spdx_id': 'MIT', 'url': 'https://api.github.com/licenses/mit', 'node_id': 'MDc6TGljZW5zZTEz'}, 'allow_forking': True, 'is_template': False, 'topics': ['java', 'microsoft-graph', 'microsoft-graph-sdk', 'sdk'], 'visibility': 'public', 'forks': 102, 'open_issues': 7, 'watchers': 245, 'default_branch': 'dev'}}, '_links': {'self': {'href': 'https://api.github.com/repos/microsoftgraph/msgraph-sdk-java/pulls/1057'}, 'html': {'href': 'https://github.com/microsoftgraph/msgraph-sdk-java/pull/1057'}, 'issue': {'href': 'https://api.github.com/repos/microsoftgraph/msgraph-sdk-java/issues/1057'}, 'comments': {'href': 'https://api.github.com/repos/microsoftgraph/msgraph-sdk-java/issues/1057/comments'}, 'review_comments': {'href': 'https://api.github.com/repos/microsoftgraph/msgraph-sdk-java/pulls/1057/comments'}, 'review_comment': {'href': 'https://api.github.com/repos/microsoftgraph/msgraph-sdk-java/pulls/comments{/number}'}, 'commits': {'href': 'https://api.github.com/repos/microsoftgraph/msgraph-sdk-java/pulls/1057/commits'}, 'statuses': {'href': 'https://api.github.com/repos/microsoftgraph/msgraph-sdk-java/statuses/1b60fca96bc95f2de3937b070f4bc105541aacaf'}}, 'author_association': 'CONTRIBUTOR', 'auto_merge': None, 'active_lock_reason': None, 'merged': True, 'mergeable': None, 'rebaseable': None, 'mergeable_state': 'unknown', 'merged_by': {'login': 'ramsessanchez', 'id': 63934382, 'node_id': 'MDQ6VXNlcjYzOTM0Mzgy', 'avatar_url': 'https://avatars.githubusercontent.com/u/63934382?v=4', 'gravatar_id': '', 'url': 'https://api.github.com/users/ramsessanchez', 'html_url': 'https://github.com/ramsessanchez', 'followers_url': 'https://api.github.com/users/ramsessanchez/followers', 'following_url': 'https://api.github.com/users/ramsessanchez/following{/other_user}', 'gists_url': 'https://api.github.com/users/ramsessanchez/gists{/gist_id}', 'starred_url': 'https://api.github.com/users/ramsessanchez/starred{/owner}{/repo}', 'subscriptions_url': 'https://api.github.com/users/ramsessanchez/subscriptions', 'organizations_url': 'https://api.github.com/users/ramsessanchez/orgs', 'repos_url': 'https://api.github.com/users/ramsessanchez/repos', 'events_url': 'https://api.github.com/users/ramsessanchez/events{/privacy}', 'received_events_url': 'https://api.github.com/users/ramsessanchez/received_events', 'type': 'User', 'site_admin': False}, 'comments': 0, 'review_comments': 0, 'maintainer_can_modify': False, 'commits': 1, 'additions': 1, 'deletions': 1, 'changed_files': 1}}",closed,Java
21421625308,PullRequestReviewEvent,microsoftgraph/msgraph-sdk-java,0.0,2022-04-22T16:17:19Z,"{'action': 'created', 'review': {'id': 950314174, 'node_id': 'PRR_kwDOBig9Oc44pKS-', 'user': {'login': 'ramsessanchez', 'id': 63934382, 'node_id': 'MDQ6VXNlcjYzOTM0Mzgy', 'avatar_url': 'https://avatars.githubusercontent.com/u/63934382?v=4', 'gravatar_id': '', 'url': 'https://api.github.com/users/ramsessanchez', 'html_url': 'https://github.com/ramsessanchez', 'followers_url': 'https://api.github.com/users/ramsessanchez/followers', 'following_url': 'https://api.github.com/users/ramsessanchez/following{/other_user}', 'gists_url': 'https://api.github.com/users/ramsessanchez/gists{/gist_id}', 'starred_url': 'https://api.github.com/users/ramsessanchez/starred{/owner}{/repo}', 'subscriptions_url': 'https://api.github.com/users/ramsessanchez/subscriptions', 'organizations_url': 'https://api.github.com/users/ramsessanchez/orgs', 'repos_url': 'https://api.github.com/users/ramsessanchez/repos', 'events_url': 'https://api.github.com/users/ramsessanchez/events{/privacy}', 'received_events_url': 'https://api.github.com/users/ramsessanchez/received_events', 'type': 'User', 'site_admin': False}, 'body': '', 'commit_id': '1b60fca96bc95f2de3937b070f4bc105541aacaf', 'submitted_at': '2022-04-22T16:17:18Z', 'state': 'approved', 'html_url': 'https://github.com/microsoftgraph/msgraph-sdk-java/pull/1057#pullrequestreview-950314174', 'pull_request_url': 'https://api.github.com/repos/microsoftgraph/msgraph-sdk-java/pulls/1057', 'author_association': 'CONTRIBUTOR', '_links': {'html': {'href': 'https://github.com/microsoftgraph/msgraph-sdk-java/pull/1057#pullrequestreview-950314174'}, 'pull_request': {'href': 'https://api.github.com/repos/microsoftgraph/msgraph-sdk-java/pulls/1057'}}}, 'pull_request': {'url': 'https://api.github.com/repos/microsoftgraph/msgraph-sdk-java/pulls/1057', 'id': 916025222, 'node_id': 'PR_kwDOBig9Oc42mW-G', 'html_url': 'https://github.com/microsoftgraph/msgraph-sdk-java/pull/1057', 'diff_url': 'https://github.com/microsoftgraph/msgraph-sdk-java/pull/1057.diff', 'patch_url': 'https://github.com/microsoftgraph/msgraph-sdk-java/pull/1057.patch', 'issue_url': 'https://api.github.com/repos/microsoftgraph/msgraph-sdk-java/issues/1057', 'number': 1057, 'state': 'open', 'locked': False, 'title': 'Bump mockito-inline from 4.5.0 to 4.5.1 in /android', 'user': {'login': 'dependabot[bot]', 'id': 49699333, 'node_id': 'MDM6Qm90NDk2OTkzMzM=', 'avatar_url': 'https://avatars.githubusercontent.com/in/29110?v=4', 'gravatar_id': '', 'url': 'https://api.github.com/users/dependabot%5Bbot%5D', 'html_url': 'https://github.com/apps/dependabot', 'followers_url': 'https://api.github.com/users/dependabot%5Bbot%5D/followers', 'following_url': 'https://api.github.com/users/dependabot%5Bbot%5D/following{/other_user}', 'gists_url': 'https://api.github.com/users/dependabot%5Bbot%5D/gists{/gist_id}', 'starred_url': 'https://api.github.com/users/dependabot%5Bbot%5D/starred{/owner}{/repo}', 'subscriptions_url': 'https://api.github.com/users/dependabot%5Bbot%5D/subscriptions', 'organizations_url': 'https://api.github.com/users/dependabot%5Bbot%5D/orgs', 'repos_url': 'https://api.github.com/users/dependabot%5Bbot%5D/repos', 'events_url': 'https://api.github.com/users/dependabot%5Bbot%5D/events{/privacy}', 'received_events_url': 'https://api.github.com/users/dependabot%5Bbot%5D/received_events', 'type': 'Bot', 'site_admin': False}, 'body': 'Bumps [mockito-inline](https://github.com/mockito/mockito) from 4.5.0 to 4.5.1.\n<details>\n<summary>Release notes</summary>\n<p><em>Sourced from <a href=""https://github.com/mockito/mockito/releases"">mockito-inline\'s releases</a>.</em></p>\n<blockquote>\n<h2>v4.5.1</h2>\n<p><!-- raw HTML omitted --><!-- raw HTML omitted --><em>Changelog generated by <a href=""https://github.com/shipkit/shipkit-changelog"">Shipkit Changelog Gradle Plugin</a></em><!-- raw HTML omitted --><!-- raw HTML omitted --></p>\n<h4>4.5.1</h4>\n<ul>\n<li>2022-04-21 - <a href=""https://github.com/mockito/mockito/compare/v4.5.0...v4.5.1"">2 commit(s)</a> by Jeremy Landis, dependabot[bot]</li>\n<li>Fixes <a href=""https://github-redirect.dependabot.com/mockito/mockito/issues/2623"">#2623</a>: Use zulu distribution and java 11 for release GHA job [(<a href=""https://github-redirect.dependabot.com/mockito/mockito/issues/2624"">#2624</a>)](<a href=""https://github-redirect.dependabot.com/mockito/mockito/pull/2624"">mockito/mockito#2624</a>)</li>\n<li>Missing errorprone module for 4.5.0 in central as release was done with jdk 8 [(<a href=""https://github-redirect.dependabot.com/mockito/mockito/issues/2623"">#2623</a>)](<a href=""https://github-redirect.dependabot.com/mockito/mockito/issues/2623"">mockito/mockito#2623</a>)</li>\n<li>Bump kotlinVersion from 1.6.20 to 1.6.21 [(<a href=""https://github-redirect.dependabot.com/mockito/mockito/issues/2622"">#2622</a>)](<a href=""https://github-redirect.dependabot.com/mockito/mockito/pull/2622"">mockito/mockito#2622</a>)</li>\n</ul>\n</blockquote>\n</details>\n<details>\n<summary>Commits</summary>\n<ul>\n<li><a href=""https://github.com/mockito/mockito/commit/737f0a3517256af6ade37fd0e776a2bb230de553""><code>737f0a3</code></a> Fixes <a href=""https://github-redirect.dependabot.com/mockito/mockito/issues/2623"">#2623</a>: Use zulu distribution and java 11 for release GHA job (<a href=""https://github-redirect.dependabot.com/mockito/mockito/issues/2624"">#2624</a>)</li>\n<li><a href=""https://github.com/mockito/mockito/commit/f48d794ad14982a134fd14dd2aef03477b699dc6""><code>f48d794</code></a> Bump kotlinVersion from 1.6.20 to 1.6.21 (<a href=""https://github-redirect.dependabot.com/mockito/mockito/issues/2622"">#2622</a>)</li>\n<li>See full diff in <a href=""https://github.com/mockito/mockito/compare/v4.5.0...v4.5.1"">compare view</a></li>\n</ul>\n</details>\n<br />\n\n\n[![Dependabot compatibility score](https://dependabot-badges.githubapp.com/badges/compatibility_score?dependency-name=org.mockito:mockito-inline&package-manager=gradle&previous-version=4.5.0&new-version=4.5.1)](https://docs.github.com/en/github/managing-security-vulnerabilities/about-dependabot-security-updates#about-compatibility-scores)\n\nDependabot will resolve any conflicts with this PR as long as you don\'t alter it yourself. You can also trigger a rebase manually by commenting `@dependabot rebase`.\n\n[//]: # (dependabot-automerge-start)\n[//]: # (dependabot-automerge-end)\n\n---\n\n<details>\n<summary>Dependabot commands and options</summary>\n<br />\n\nYou can trigger Dependabot actions by commenting on this PR:\n- `@dependabot rebase` will rebase this PR\n- `@dependabot recreate` will recreate this PR, overwriting any edits that have been made to it\n- `@dependabot merge` will merge this PR after your CI passes on it\n- `@dependabot squash and merge` will squash and merge this PR after your CI passes on it\n- `@dependabot cancel merge` will cancel a previously requested merge and block automerging\n- `@dependabot reopen` will reopen this PR if it is closed\n- `@dependabot close` will close this PR and stop Dependabot recreating it. You can achieve the same result by closing it manually\n- `@dependabot ignore this major version` will close this PR and stop Dependabot creating any more for this major version (unless you reopen the PR or upgrade to it yourself)\n- `@dependabot ignore this minor version` will close this PR and stop Dependabot creating any more for this minor version (unless you reopen the PR or upgrade to it yourself)\n- `@dependabot ignore this dependency` will close this PR and stop Dependabot creating any more for this dependency (unless you reopen the PR or upgrade to it yourself)\n\n\n</details>', 'created_at': '2022-04-22T05:20:54Z', 'updated_at': '2022-04-22T16:17:18Z', 'closed_at': None, 'merged_at': None, 'merge_commit_sha': '6ecbdb71add94f685f8f86b9e5708b8ce5942587', 'assignee': None, 'assignees': [], 'requested_reviewers': [{'login': 'zengin', 'id': 803311, 'node_id': 'MDQ6VXNlcjgwMzMxMQ==', 'avatar_url': 'https://avatars.githubusercontent.com/u/803311?v=4', 'gravatar_id': '', 'url': 'https://api.github.com/users/zengin', 'html_url': 'https://github.com/zengin', 'followers_url': 'https://api.github.com/users/zengin/followers', 'following_url': 'https://api.github.com/users/zengin/following{/other_user}', 'gists_url': 'https://api.github.com/users/zengin/gists{/gist_id}', 'starred_url': 'https://api.github.com/users/zengin/starred{/owner}{/repo}', 'subscriptions_url': 'https://api.github.com/users/zengin/subscriptions', 'organizations_url': 'https://api.github.com/users/zengin/orgs', 'repos_url': 'https://api.github.com/users/zengin/repos', 'events_url': 'https://api.github.com/users/zengin/events{/privacy}', 'received_events_url': 'https://api.github.com/users/zengin/received_events', 'type': 'User', 'site_admin': False}, {'login': 'baywet', 'id': 7905502, 'node_id': 'MDQ6VXNlcjc5MDU1MDI=', 'avatar_url': 'https://avatars.githubusercontent.com/u/7905502?v=4', 'gravatar_id': '', 'url': 'https://api.github.com/users/baywet', 'html_url': 'https://github.com/baywet', 'followers_url': 'https://api.github.com/users/baywet/followers', 'following_url': 'https://api.github.com/users/baywet/following{/other_user}', 'gists_url': 'https://api.github.com/users/baywet/gists{/gist_id}', 'starred_url': 'https://api.github.com/users/baywet/starred{/owner}{/repo}', 'subscriptions_url': 'https://api.github.com/users/baywet/subscriptions', 'organizations_url': 'https://api.github.com/users/baywet/orgs', 'repos_url': 'https://api.github.com/users/baywet/repos', 'events_url': 'https://api.github.com/users/baywet/events{/privacy}', 'received_events_url': 'https://api.github.com/users/baywet/received_events', 'type': 'User', 'site_admin': False}, {'login': 'MIchaelMainer', 'id': 8527305, 'node_id': 'MDQ6VXNlcjg1MjczMDU=', 'avatar_url': 'https://avatars.githubusercontent.com/u/8527305?v=4', 'gravatar_id': '', 'url': 'https://api.github.com/users/MIchaelMainer', 'html_url': 'https://github.com/MIchaelMainer', 'followers_url': 'https://api.github.com/users/MIchaelMainer/followers', 'following_url': 'https://api.github.com/users/MIchaelMainer/following{/other_user}', 'gists_url': 'https://api.github.com/users/MIchaelMainer/gists{/gist_id}', 'starred_url': 'https://api.github.com/users/MIchaelMainer/starred{/owner}{/repo}', 'subscriptions_url': 'https://api.github.com/users/MIchaelMainer/subscriptions', 'organizations_url': 'https://api.github.com/users/MIchaelMainer/orgs', 'repos_url': 'https://api.github.com/users/MIchaelMainer/repos', 'events_url': 'https://api.github.com/users/MIchaelMainer/events{/privacy}', 'received_events_url': 'https://api.github.com/users/MIchaelMainer/received_events', 'type': 'User', 'site_admin': False}, {'login': 'ddyett', 'id': 20829981, 'node_id': 'MDQ6VXNlcjIwODI5OTgx', 'avatar_url': 'https://avatars.githubusercontent.com/u/20829981?v=4', 'gravatar_id': '', 'url': 'https://api.github.com/users/ddyett', 'html_url': 'https://github.com/ddyett', 'followers_url': 'https://api.github.com/users/ddyett/followers', 'following_url': 'https://api.github.com/users/ddyett/following{/other_user}', 'gists_url': 'https://api.github.com/users/ddyett/gists{/gist_id}', 'starred_url': 'https://api.github.com/users/ddyett/starred{/owner}{/repo}', 'subscriptions_url': 'https://api.github.com/users/ddyett/subscriptions', 'organizations_url': 'https://api.github.com/users/ddyett/orgs', 'repos_url': 'https://api.github.com/users/ddyett/repos', 'events_url': 'https://api.github.com/users/ddyett/events{/privacy}', 'received_events_url': 'https://api.github.com/users/ddyett/received_events', 'type': 'User', 'site_admin': False}, {'login': 'nikithauc', 'id': 23219007, 'node_id': 'MDQ6VXNlcjIzMjE5MDA3', 'avatar_url': 'https://avatars.githubusercontent.com/u/23219007?v=4', 'gravatar_id': '', 'url': 'https://api.github.com/users/nikithauc', 'html_url': 'https://github.com/nikithauc', 'followers_url': 'https://api.github.com/users/nikithauc/followers', 'following_url': 'https://api.github.com/users/nikithauc/following{/other_user}', 'gists_url': 'https://api.github.com/users/nikithauc/gists{/gist_id}', 'starred_url': 'https://api.github.com/users/nikithauc/starred{/owner}{/repo}', 'subscriptions_url': 'https://api.github.com/users/nikithauc/subscriptions', 'organizations_url': 'https://api.github.com/users/nikithauc/orgs', 'repos_url': 'https://api.github.com/users/nikithauc/repos', 'events_url': 'https://api.github.com/users/nikithauc/events{/privacy}', 'received_events_url': 'https://api.github.com/users/nikithauc/received_events', 'type': 'User', 'site_admin': False}], 'requested_teams': [], 'labels': [{'id': 2284805061, 'node_id': 'MDU6TGFiZWwyMjg0ODA1MDYx', 'url': 'https://api.github.com/repos/microsoftgraph/msgraph-sdk-java/labels/dependencies', 'name': 'dependencies', 'color': '0366d6', 'default': False, 'description': 'Pull requests that update a dependency file'}, {'id': 2284805070, 'node_id': 'MDU6TGFiZWwyMjg0ODA1MDcw', 'url': 'https://api.github.com/repos/microsoftgraph/msgraph-sdk-java/labels/java', 'name': 'java', 'color': 'ffa221', 'default': False, 'description': 'Pull requests that update Java code'}], 'milestone': None, 'draft': False, 'commits_url': 'https://api.github.com/repos/microsoftgraph/msgraph-sdk-java/pulls/1057/commits', 'review_comments_url': 'https://api.github.com/repos/microsoftgraph/msgraph-sdk-java/pulls/1057/comments', 'review_comment_url': 'https://api.github.com/repos/microsoftgraph/msgraph-sdk-java/pulls/comments{/number}', 'comments_url': 'https://api.github.com/repos/microsoftgraph/msgraph-sdk-java/issues/1057/comments', 'statuses_url': 'https://api.github.com/repos/microsoftgraph/msgraph-sdk-java/statuses/1b60fca96bc95f2de3937b070f4bc105541aacaf', 'head': {'label': 'microsoftgraph:dependabot/gradle/android/org.mockito-mockito-inline-4.5.1', 'ref': 'dependabot/gradle/android/org.mockito-mockito-inline-4.5.1', 'sha': '1b60fca96bc95f2de3937b070f4bc105541aacaf', 'user': {'login': 'microsoftgraph', 'id': 17304259, 'node_id': 'MDEyOk9yZ2FuaXphdGlvbjE3MzA0MjU5', 'avatar_url': 'https://avatars.githubusercontent.com/u/17304259?v=4', 'gravatar_id': '', 'url': 'https://api.github.com/users/microsoftgraph', 'html_url': 'https://github.com/microsoftgraph', 'followers_url': 'https://api.github.com/users/microsoftgraph/followers', 'following_url': 'https://api.github.com/users/microsoftgraph/following{/other_user}', 'gists_url': 'https://api.github.com/users/microsoftgraph/gists{/gist_id}', 'starred_url': 'https://api.github.com/users/microsoftgraph/starred{/owner}{/repo}', 'subscriptions_url': 'https://api.github.com/users/microsoftgraph/subscriptions', 'organizations_url': 'https://api.github.com/users/microsoftgraph/orgs', 'repos_url': 'https://api.github.com/users/microsoftgraph/repos', 'events_url': 'https://api.github.com/users/microsoftgraph/events{/privacy}', 'received_events_url': 'https://api.github.com/users/microsoftgraph/received_events', 'type': 'Organization', 'site_admin': False}, 'repo': {'id': 103300409, 'node_id': 'MDEwOlJlcG9zaXRvcnkxMDMzMDA0MDk=', 'name': 'msgraph-sdk-java', 'full_name': 'microsoftgraph/msgraph-sdk-java', 'private': False, 'owner': {'login': 'microsoftgraph', 'id': 17304259, 'node_id': 'MDEyOk9yZ2FuaXphdGlvbjE3MzA0MjU5', 'avatar_url': 'https://avatars.githubusercontent.com/u/17304259?v=4', 'gravatar_id': '', 'url': 'https://api.github.com/users/microsoftgraph', 'html_url': 'https://github.com/microsoftgraph', 'followers_url': 'https://api.github.com/users/microsoftgraph/followers', 'following_url': 'https://api.github.com/users/microsoftgraph/following{/other_user}', 'gists_url': 'https://api.github.com/users/microsoftgraph/gists{/gist_id}', 'starred_url': 'https://api.github.com/users/microsoftgraph/starred{/owner}{/repo}', 'subscriptions_url': 'https://api.github.com/users/microsoftgraph/subscriptions', 'organizations_url': 'https://api.github.com/users/microsoftgraph/orgs', 'repos_url': 'https://api.github.com/users/microsoftgraph/repos', 'events_url': 'https://api.github.com/users/microsoftgraph/events{/privacy}', 'received_events_url': 'https://api.github.com/users/microsoftgraph/received_events', 'type': 'Organization', 'site_admin': False}, 'html_url': 'https://github.com/microsoftgraph/msgraph-sdk-java', 'description': 'Microsoft Graph SDK for Java', 'fork': False, 'url': 'https://api.github.com/repos/microsoftgraph/msgraph-sdk-java', 'forks_url': 'https://api.github.com/repos/microsoftgraph/msgraph-sdk-java/forks', 'keys_url': 'https://api.github.com/repos/microsoftgraph/msgraph-sdk-java/keys{/key_id}', 'collaborators_url': 'https://api.github.com/repos/microsoftgraph/msgraph-sdk-java/collaborators{/collaborator}', 'teams_url': 'https://api.github.com/repos/microsoftgraph/msgraph-sdk-java/teams', 'hooks_url': 'https://api.github.com/repos/microsoftgraph/msgraph-sdk-java/hooks', 'issue_events_url': 'https://api.github.com/repos/microsoftgraph/msgraph-sdk-java/issues/events{/number}', 'events_url': 'https://api.github.com/repos/microsoftgraph/msgraph-sdk-java/events', 'assignees_url': 'https://api.github.com/repos/microsoftgraph/msgraph-sdk-java/assignees{/user}', 'branches_url': 'https://api.github.com/repos/microsoftgraph/msgraph-sdk-java/branches{/branch}', 'tags_url': 'https://api.github.com/repos/microsoftgraph/msgraph-sdk-java/tags', 'blobs_url': 'https://api.github.com/repos/microsoftgraph/msgraph-sdk-java/git/blobs{/sha}', 'git_tags_url': 'https://api.github.com/repos/microsoftgraph/msgraph-sdk-java/git/tags{/sha}', 'git_refs_url': 'https://api.github.com/repos/microsoftgraph/msgraph-sdk-java/git/refs{/sha}', 'trees_url': 'https://api.github.com/repos/microsoftgraph/msgraph-sdk-java/git/trees{/sha}', 'statuses_url': 'https://api.github.com/repos/microsoftgraph/msgraph-sdk-java/statuses/{sha}', 'languages_url': 'https://api.github.com/repos/microsoftgraph/msgraph-sdk-java/languages', 'stargazers_url': 'https://api.github.com/repos/microsoftgraph/msgraph-sdk-java/stargazers', 'contributors_url': 'https://api.github.com/repos/microsoftgraph/msgraph-sdk-java/contributors', 'subscribers_url': 'https://api.github.com/repos/microsoftgraph/msgraph-sdk-java/subscribers', 'subscription_url': 'https://api.github.com/repos/microsoftgraph/msgraph-sdk-java/subscription', 'commits_url': 'https://api.github.com/repos/microsoftgraph/msgraph-sdk-java/commits{/sha}', 'git_commits_url': 'https://api.github.com/repos/microsoftgraph/msgraph-sdk-java/git/commits{/sha}', 'comments_url': 'https://api.github.com/repos/microsoftgraph/msgraph-sdk-java/comments{/number}', 'issue_comment_url': 'https://api.github.com/repos/microsoftgraph/msgraph-sdk-java/issues/comments{/number}', 'contents_url': 'https://api.github.com/repos/microsoftgraph/msgraph-sdk-java/contents/{+path}', 'compare_url': 'https://api.github.com/repos/microsoftgraph/msgraph-sdk-java/compare/{base}...{head}', 'merges_url': 'https://api.github.com/repos/microsoftgraph/msgraph-sdk-java/merges', 'archive_url': 'https://api.github.com/repos/microsoftgraph/msgraph-sdk-java/{archive_format}{/ref}', 'downloads_url': 'https://api.github.com/repos/microsoftgraph/msgraph-sdk-java/downloads', 'issues_url': 'https://api.github.com/repos/microsoftgraph/msgraph-sdk-java/issues{/number}', 'pulls_url': 'https://api.github.com/repos/microsoftgraph/msgraph-sdk-java/pulls{/number}', 'milestones_url': 'https://api.github.com/repos/microsoftgraph/msgraph-sdk-java/milestones{/number}', 'notifications_url': 'https://api.github.com/repos/microsoftgraph/msgraph-sdk-java/notifications{?since,all,participating}', 'labels_url': 'https://api.github.com/repos/microsoftgraph/msgraph-sdk-java/labels{/name}', 'releases_url': 'https://api.github.com/repos/microsoftgraph/msgraph-sdk-java/releases{/id}', 'deployments_url': 'https://api.github.com/repos/microsoftgraph/msgraph-sdk-java/deployments', 'created_at': '2017-09-12T17:20:15Z', 'updated_at': '2022-04-10T14:24:06Z', 'pushed_at': '2022-04-22T05:20:55Z', 'git_url': 'git://github.com/microsoftgraph/msgraph-sdk-java.git', 'ssh_url': 'git@github.com:microsoftgraph/msgraph-sdk-java.git', 'clone_url': 'https://github.com/microsoftgraph/msgraph-sdk-java.git', 'svn_url': 'https://github.com/microsoftgraph/msgraph-sdk-java', 'homepage': 'https://docs.microsoft.com/en-us/graph/sdks/sdks-overview', 'size': 58753, 'stargazers_count': 245, 'watchers_count': 245, 'language': 'Java', 'has_issues': True, 'has_projects': True, 'has_downloads': True, 'has_wiki': False, 'has_pages': False, 'forks_count': 102, 'mirror_url': None, 'archived': False, 'disabled': False, 'open_issues_count': 8, 'license': {'key': 'mit', 'name': 'MIT License', 'spdx_id': 'MIT', 'url': 'https://api.github.com/licenses/mit', 'node_id': 'MDc6TGljZW5zZTEz'}, 'allow_forking': True, 'is_template': False, 'topics': ['java', 'microsoft-graph', 'microsoft-graph-sdk', 'sdk'], 'visibility': 'public', 'forks': 102, 'open_issues': 8, 'watchers': 245, 'default_branch': 'dev'}}, 'base': {'label': 'microsoftgraph:dev', 'ref': 'dev', 'sha': 'b7600e8ee421f4d1ce2ca7f8a6894bcfee03d760', 'user': {'login': 'microsoftgraph', 'id': 17304259, 'node_id': 'MDEyOk9yZ2FuaXphdGlvbjE3MzA0MjU5', 'avatar_url': 'https://avatars.githubusercontent.com/u/17304259?v=4', 'gravatar_id': '', 'url': 'https://api.github.com/users/microsoftgraph', 'html_url': 'https://github.com/microsoftgraph', 'followers_url': 'https://api.github.com/users/microsoftgraph/followers', 'following_url': 'https://api.github.com/users/microsoftgraph/following{/other_user}', 'gists_url': 'https://api.github.com/users/microsoftgraph/gists{/gist_id}', 'starred_url': 'https://api.github.com/users/microsoftgraph/starred{/owner}{/repo}', 'subscriptions_url': 'https://api.github.com/users/microsoftgraph/subscriptions', 'organizations_url': 'https://api.github.com/users/microsoftgraph/orgs', 'repos_url': 'https://api.github.com/users/microsoftgraph/repos', 'events_url': 'https://api.github.com/users/microsoftgraph/events{/privacy}', 'received_events_url': 'https://api.github.com/users/microsoftgraph/received_events', 'type': 'Organization', 'site_admin': False}, 'repo': {'id': 103300409, 'node_id': 'MDEwOlJlcG9zaXRvcnkxMDMzMDA0MDk=', 'name': 'msgraph-sdk-java', 'full_name': 'microsoftgraph/msgraph-sdk-java', 'private': False, 'owner': {'login': 'microsoftgraph', 'id': 17304259, 'node_id': 'MDEyOk9yZ2FuaXphdGlvbjE3MzA0MjU5', 'avatar_url': 'https://avatars.githubusercontent.com/u/17304259?v=4', 'gravatar_id': '', 'url': 'https://api.github.com/users/microsoftgraph', 'html_url': 'https://github.com/microsoftgraph', 'followers_url': 'https://api.github.com/users/microsoftgraph/followers', 'following_url': 'https://api.github.com/users/microsoftgraph/following{/other_user}', 'gists_url': 'https://api.github.com/users/microsoftgraph/gists{/gist_id}', 'starred_url': 'https://api.github.com/users/microsoftgraph/starred{/owner}{/repo}', 'subscriptions_url': 'https://api.github.com/users/microsoftgraph/subscriptions', 'organizations_url': 'https://api.github.com/users/microsoftgraph/orgs', 'repos_url': 'https://api.github.com/users/microsoftgraph/repos', 'events_url': 'https://api.github.com/users/microsoftgraph/events{/privacy}', 'received_events_url': 'https://api.github.com/users/microsoftgraph/received_events', 'type': 'Organization', 'site_admin': False}, 'html_url': 'https://github.com/microsoftgraph/msgraph-sdk-java', 'description': 'Microsoft Graph SDK for Java', 'fork': False, 'url': 'https://api.github.com/repos/microsoftgraph/msgraph-sdk-java', 'forks_url': 'https://api.github.com/repos/microsoftgraph/msgraph-sdk-java/forks', 'keys_url': 'https://api.github.com/repos/microsoftgraph/msgraph-sdk-java/keys{/key_id}', 'collaborators_url': 'https://api.github.com/repos/microsoftgraph/msgraph-sdk-java/collaborators{/collaborator}', 'teams_url': 'https://api.github.com/repos/microsoftgraph/msgraph-sdk-java/teams', 'hooks_url': 'https://api.github.com/repos/microsoftgraph/msgraph-sdk-java/hooks', 'issue_events_url': 'https://api.github.com/repos/microsoftgraph/msgraph-sdk-java/issues/events{/number}', 'events_url': 'https://api.github.com/repos/microsoftgraph/msgraph-sdk-java/events', 'assignees_url': 'https://api.github.com/repos/microsoftgraph/msgraph-sdk-java/assignees{/user}', 'branches_url': 'https://api.github.com/repos/microsoftgraph/msgraph-sdk-java/branches{/branch}', 'tags_url': 'https://api.github.com/repos/microsoftgraph/msgraph-sdk-java/tags', 'blobs_url': 'https://api.github.com/repos/microsoftgraph/msgraph-sdk-java/git/blobs{/sha}', 'git_tags_url': 'https://api.github.com/repos/microsoftgraph/msgraph-sdk-java/git/tags{/sha}', 'git_refs_url': 'https://api.github.com/repos/microsoftgraph/msgraph-sdk-java/git/refs{/sha}', 'trees_url': 'https://api.github.com/repos/microsoftgraph/msgraph-sdk-java/git/trees{/sha}', 'statuses_url': 'https://api.github.com/repos/microsoftgraph/msgraph-sdk-java/statuses/{sha}', 'languages_url': 'https://api.github.com/repos/microsoftgraph/msgraph-sdk-java/languages', 'stargazers_url': 'https://api.github.com/repos/microsoftgraph/msgraph-sdk-java/stargazers', 'contributors_url': 'https://api.github.com/repos/microsoftgraph/msgraph-sdk-java/contributors', 'subscribers_url': 'https://api.github.com/repos/microsoftgraph/msgraph-sdk-java/subscribers', 'subscription_url': 'https://api.github.com/repos/microsoftgraph/msgraph-sdk-java/subscription', 'commits_url': 'https://api.github.com/repos/microsoftgraph/msgraph-sdk-java/commits{/sha}', 'git_commits_url': 'https://api.github.com/repos/microsoftgraph/msgraph-sdk-java/git/commits{/sha}', 'comments_url': 'https://api.github.com/repos/microsoftgraph/msgraph-sdk-java/comments{/number}', 'issue_comment_url': 'https://api.github.com/repos/microsoftgraph/msgraph-sdk-java/issues/comments{/number}', 'contents_url': 'https://api.github.com/repos/microsoftgraph/msgraph-sdk-java/contents/{+path}', 'compare_url': 'https://api.github.com/repos/microsoftgraph/msgraph-sdk-java/compare/{base}...{head}', 'merges_url': 'https://api.github.com/repos/microsoftgraph/msgraph-sdk-java/merges', 'archive_url': 'https://api.github.com/repos/microsoftgraph/msgraph-sdk-java/{archive_format}{/ref}', 'downloads_url': 'https://api.github.com/repos/microsoftgraph/msgraph-sdk-java/downloads', 'issues_url': 'https://api.github.com/repos/microsoftgraph/msgraph-sdk-java/issues{/number}', 'pulls_url': 'https://api.github.com/repos/microsoftgraph/msgraph-sdk-java/pulls{/number}', 'milestones_url': 'https://api.github.com/repos/microsoftgraph/msgraph-sdk-java/milestones{/number}', 'notifications_url': 'https://api.github.com/repos/microsoftgraph/msgraph-sdk-java/notifications{?since,all,participating}', 'labels_url': 'https://api.github.com/repos/microsoftgraph/msgraph-sdk-java/labels{/name}', 'releases_url': 'https://api.github.com/repos/microsoftgraph/msgraph-sdk-java/releases{/id}', 'deployments_url': 'https://api.github.com/repos/microsoftgraph/msgraph-sdk-java/deployments', 'created_at': '2017-09-12T17:20:15Z', 'updated_at': '2022-04-10T14:24:06Z', 'pushed_at': '2022-04-22T05:20:55Z', 'git_url': 'git://github.com/microsoftgraph/msgraph-sdk-java.git', 'ssh_url': 'git@github.com:microsoftgraph/msgraph-sdk-java.git', 'clone_url': 'https://github.com/microsoftgraph/msgraph-sdk-java.git', 'svn_url': 'https://github.com/microsoftgraph/msgraph-sdk-java', 'homepage': 'https://docs.microsoft.com/en-us/graph/sdks/sdks-overview', 'size': 58753, 'stargazers_count': 245, 'watchers_count': 245, 'language': 'Java', 'has_issues': True, 'has_projects': True, 'has_downloads': True, 'has_wiki': False, 'has_pages': False, 'forks_count': 102, 'mirror_url': None, 'archived': False, 'disabled': False, 'open_issues_count': 8, 'license': {'key': 'mit', 'name': 'MIT License', 'spdx_id': 'MIT', 'url': 'https://api.github.com/licenses/mit', 'node_id': 'MDc6TGljZW5zZTEz'}, 'allow_forking': True, 'is_template': False, 'topics': ['java', 'microsoft-graph', 'microsoft-graph-sdk', 'sdk'], 'visibility': 'public', 'forks': 102, 'open_issues': 8, 'watchers': 245, 'default_branch': 'dev'}}, '_links': {'self': {'href': 'https://api.github.com/repos/microsoftgraph/msgraph-sdk-java/pulls/1057'}, 'html': {'href': 'https://github.com/microsoftgraph/msgraph-sdk-java/pull/1057'}, 'issue': {'href': 'https://api.github.com/repos/microsoftgraph/msgraph-sdk-java/issues/1057'}, 'comments': {'href': 'https://api.github.com/repos/microsoftgraph/msgraph-sdk-java/issues/1057/comments'}, 'review_comments': {'href': 'https://api.github.com/repos/microsoftgraph/msgraph-sdk-java/pulls/1057/comments'}, 'review_comment': {'href': 'https://api.github.com/repos/microsoftgraph/msgraph-sdk-java/pulls/comments{/number}'}, 'commits': {'href': 'https://api.github.com/repos/microsoftgraph/msgraph-sdk-java/pulls/1057/commits'}, 'statuses': {'href': 'https://api.github.com/repos/microsoftgraph/msgraph-sdk-java/statuses/1b60fca96bc95f2de3937b070f4bc105541aacaf'}}, 'author_association': 'CONTRIBUTOR', 'auto_merge': None, 'active_lock_reason': None}}",created,Java
21421510551,PullRequestReviewEvent,microsoftgraph/msgraph-sdk-java-core,0.0,2022-04-22T16:09:59Z,"{'action': 'created', 'review': {'id': 950306780, 'node_id': 'PRR_kwDOCTce4M44pIfc', 'user': {'login': 'ramsessanchez', 'id': 63934382, 'node_id': 'MDQ6VXNlcjYzOTM0Mzgy', 'avatar_url': 'https://avatars.githubusercontent.com/u/63934382?v=4', 'gravatar_id': '', 'url': 'https://api.github.com/users/ramsessanchez', 'html_url': 'https://github.com/ramsessanchez', 'followers_url': 'https://api.github.com/users/ramsessanchez/followers', 'following_url': 'https://api.github.com/users/ramsessanchez/following{/other_user}', 'gists_url': 'https://api.github.com/users/ramsessanchez/gists{/gist_id}', 'starred_url': 'https://api.github.com/users/ramsessanchez/starred{/owner}{/repo}', 'subscriptions_url': 'https://api.github.com/users/ramsessanchez/subscriptions', 'organizations_url': 'https://api.github.com/users/ramsessanchez/orgs', 'repos_url': 'https://api.github.com/users/ramsessanchez/repos', 'events_url': 'https://api.github.com/users/ramsessanchez/events{/privacy}', 'received_events_url': 'https://api.github.com/users/ramsessanchez/received_events', 'type': 'User', 'site_admin': False}, 'body': '', 'commit_id': 'ffc3e6c305349dee2c35d746de5ada002bd27b41', 'submitted_at': '2022-04-22T16:09:59Z', 'state': 'approved', 'html_url': 'https://github.com/microsoftgraph/msgraph-sdk-java-core/pull/491#pullrequestreview-950306780', 'pull_request_url': 'https://api.github.com/repos/microsoftgraph/msgraph-sdk-java-core/pulls/491', 'author_association': 'CONTRIBUTOR', '_links': {'html': {'href': 'https://github.com/microsoftgraph/msgraph-sdk-java-core/pull/491#pullrequestreview-950306780'}, 'pull_request': {'href': 'https://api.github.com/repos/microsoftgraph/msgraph-sdk-java-core/pulls/491'}}}, 'pull_request': {'url': 'https://api.github.com/repos/microsoftgraph/msgraph-sdk-java-core/pulls/491', 'id': 916138100, 'node_id': 'PR_kwDOCTce4M42myh0', 'html_url': 'https://github.com/microsoftgraph/msgraph-sdk-java-core/pull/491', 'diff_url': 'https://github.com/microsoftgraph/msgraph-sdk-java-core/pull/491.diff', 'patch_url': 'https://github.com/microsoftgraph/msgraph-sdk-java-core/pull/491.patch', 'issue_url': 'https://api.github.com/repos/microsoftgraph/msgraph-sdk-java-core/issues/491', 'number': 491, 'state': 'open', 'locked': False, 'title': 'Bump mockito-inline from 4.5.0 to 4.5.1', 'user': {'login': 'dependabot[bot]', 'id': 49699333, 'node_id': 'MDM6Qm90NDk2OTkzMzM=', 'avatar_url': 'https://avatars.githubusercontent.com/in/29110?v=4', 'gravatar_id': '', 'url': 'https://api.github.com/users/dependabot%5Bbot%5D', 'html_url': 'https://github.com/apps/dependabot', 'followers_url': 'https://api.github.com/users/dependabot%5Bbot%5D/followers', 'following_url': 'https://api.github.com/users/dependabot%5Bbot%5D/following{/other_user}', 'gists_url': 'https://api.github.com/users/dependabot%5Bbot%5D/gists{/gist_id}', 'starred_url': 'https://api.github.com/users/dependabot%5Bbot%5D/starred{/owner}{/repo}', 'subscriptions_url': 'https://api.github.com/users/dependabot%5Bbot%5D/subscriptions', 'organizations_url': 'https://api.github.com/users/dependabot%5Bbot%5D/orgs', 'repos_url': 'https://api.github.com/users/dependabot%5Bbot%5D/repos', 'events_url': 'https://api.github.com/users/dependabot%5Bbot%5D/events{/privacy}', 'received_events_url': 'https://api.github.com/users/dependabot%5Bbot%5D/received_events', 'type': 'Bot', 'site_admin': False}, 'body': 'Bumps [mockito-inline](https://github.com/mockito/mockito) from 4.5.0 to 4.5.1.\n<details>\n<summary>Release notes</summary>\n<p><em>Sourced from <a href=""https://github.com/mockito/mockito/releases"">mockito-inline\'s releases</a>.</em></p>\n<blockquote>\n<h2>v4.5.1</h2>\n<p><!-- raw HTML omitted --><!-- raw HTML omitted --><em>Changelog generated by <a href=""https://github.com/shipkit/shipkit-changelog"">Shipkit Changelog Gradle Plugin</a></em><!-- raw HTML omitted --><!-- raw HTML omitted --></p>\n<h4>4.5.1</h4>\n<ul>\n<li>2022-04-21 - <a href=""https://github.com/mockito/mockito/compare/v4.5.0...v4.5.1"">2 commit(s)</a> by Jeremy Landis, dependabot[bot]</li>\n<li>Fixes <a href=""https://github-redirect.dependabot.com/mockito/mockito/issues/2623"">#2623</a>: Use zulu distribution and java 11 for release GHA job [(<a href=""https://github-redirect.dependabot.com/mockito/mockito/issues/2624"">#2624</a>)](<a href=""https://github-redirect.dependabot.com/mockito/mockito/pull/2624"">mockito/mockito#2624</a>)</li>\n<li>Missing errorprone module for 4.5.0 in central as release was done with jdk 8 [(<a href=""https://github-redirect.dependabot.com/mockito/mockito/issues/2623"">#2623</a>)](<a href=""https://github-redirect.dependabot.com/mockito/mockito/issues/2623"">mockito/mockito#2623</a>)</li>\n<li>Bump kotlinVersion from 1.6.20 to 1.6.21 [(<a href=""https://github-redirect.dependabot.com/mockito/mockito/issues/2622"">#2622</a>)](<a href=""https://github-redirect.dependabot.com/mockito/mockito/pull/2622"">mockito/mockito#2622</a>)</li>\n</ul>\n</blockquote>\n</details>\n<details>\n<summary>Commits</summary>\n<ul>\n<li><a href=""https://github.com/mockito/mockito/commit/737f0a3517256af6ade37fd0e776a2bb230de553""><code>737f0a3</code></a> Fixes <a href=""https://github-redirect.dependabot.com/mockito/mockito/issues/2623"">#2623</a>: Use zulu distribution and java 11 for release GHA job (<a href=""https://github-redirect.dependabot.com/mockito/mockito/issues/2624"">#2624</a>)</li>\n<li><a href=""https://github.com/mockito/mockito/commit/f48d794ad14982a134fd14dd2aef03477b699dc6""><code>f48d794</code></a> Bump kotlinVersion from 1.6.20 to 1.6.21 (<a href=""https://github-redirect.dependabot.com/mockito/mockito/issues/2622"">#2622</a>)</li>\n<li>See full diff in <a href=""https://github.com/mockito/mockito/compare/v4.5.0...v4.5.1"">compare view</a></li>\n</ul>\n</details>\n<br />\n\n\n[![Dependabot compatibility score](https://dependabot-badges.githubapp.com/badges/compatibility_score?dependency-name=org.mockito:mockito-inline&package-manager=gradle&previous-version=4.5.0&new-version=4.5.1)](https://docs.github.com/en/github/managing-security-vulnerabilities/about-dependabot-security-updates#about-compatibility-scores)\n\nDependabot will resolve any conflicts with this PR as long as you don\'t alter it yourself. You can also trigger a rebase manually by commenting `@dependabot rebase`.\n\n[//]: # (dependabot-automerge-start)\n[//]: # (dependabot-automerge-end)\n\n---\n\n<details>\n<summary>Dependabot commands and options</summary>\n<br />\n\nYou can trigger Dependabot actions by commenting on this PR:\n- `@dependabot rebase` will rebase this PR\n- `@dependabot recreate` will recreate this PR, overwriting any edits that have been made to it\n- `@dependabot merge` will merge this PR after your CI passes on it\n- `@dependabot squash and merge` will squash and merge this PR after your CI passes on it\n- `@dependabot cancel merge` will cancel a previously requested merge and block automerging\n- `@dependabot reopen` will reopen this PR if it is closed\n- `@dependabot close` will close this PR and stop Dependabot recreating it. You can achieve the same result by closing it manually\n- `@dependabot ignore this major version` will close this PR and stop Dependabot creating any more for this major version (unless you reopen the PR or upgrade to it yourself)\n- `@dependabot ignore this minor version` will close this PR and stop Dependabot creating any more for this minor version (unless you reopen the PR or upgrade to it yourself)\n- `@dependabot ignore this dependency` will close this PR and stop Dependabot creating any more for this dependency (unless you reopen the PR or upgrade to it yourself)\n\n\n</details>', 'created_at': '2022-04-22T08:03:53Z', 'updated_at': '2022-04-22T16:09:59Z', 'closed_at': None, 'merged_at': None, 'merge_commit_sha': '0418132fadc8efde2a5a7567fea1d20ff2a66175', 'assignee': None, 'assignees': [], 'requested_reviewers': [{'login': 'zengin', 'id': 803311, 'node_id': 'MDQ6VXNlcjgwMzMxMQ==', 'avatar_url': 'https://avatars.githubusercontent.com/u/803311?v=4', 'gravatar_id': '', 'url': 'https://api.github.com/users/zengin', 'html_url': 'https://github.com/zengin', 'followers_url': 'https://api.github.com/users/zengin/followers', 'following_url': 'https://api.github.com/users/zengin/following{/other_user}', 'gists_url': 'https://api.github.com/users/zengin/gists{/gist_id}', 'starred_url': 'https://api.github.com/users/zengin/starred{/owner}{/repo}', 'subscriptions_url': 'https://api.github.com/users/zengin/subscriptions', 'organizations_url': 'https://api.github.com/users/zengin/orgs', 'repos_url': 'https://api.github.com/users/zengin/repos', 'events_url': 'https://api.github.com/users/zengin/events{/privacy}', 'received_events_url': 'https://api.github.com/users/zengin/received_events', 'type': 'User', 'site_admin': False}, {'login': 'baywet', 'id': 7905502, 'node_id': 'MDQ6VXNlcjc5MDU1MDI=', 'avatar_url': 'https://avatars.githubusercontent.com/u/7905502?v=4', 'gravatar_id': '', 'url': 'https://api.github.com/users/baywet', 'html_url': 'https://github.com/baywet', 'followers_url': 'https://api.github.com/users/baywet/followers', 'following_url': 'https://api.github.com/users/baywet/following{/other_user}', 'gists_url': 'https://api.github.com/users/baywet/gists{/gist_id}', 'starred_url': 'https://api.github.com/users/baywet/starred{/owner}{/repo}', 'subscriptions_url': 'https://api.github.com/users/baywet/subscriptions', 'organizations_url': 'https://api.github.com/users/baywet/orgs', 'repos_url': 'https://api.github.com/users/baywet/repos', 'events_url': 'https://api.github.com/users/baywet/events{/privacy}', 'received_events_url': 'https://api.github.com/users/baywet/received_events', 'type': 'User', 'site_admin': False}, {'login': 'MIchaelMainer', 'id': 8527305, 'node_id': 'MDQ6VXNlcjg1MjczMDU=', 'avatar_url': 'https://avatars.githubusercontent.com/u/8527305?v=4', 'gravatar_id': '', 'url': 'https://api.github.com/users/MIchaelMainer', 'html_url': 'https://github.com/MIchaelMainer', 'followers_url': 'https://api.github.com/users/MIchaelMainer/followers', 'following_url': 'https://api.github.com/users/MIchaelMainer/following{/other_user}', 'gists_url': 'https://api.github.com/users/MIchaelMainer/gists{/gist_id}', 'starred_url': 'https://api.github.com/users/MIchaelMainer/starred{/owner}{/repo}', 'subscriptions_url': 'https://api.github.com/users/MIchaelMainer/subscriptions', 'organizations_url': 'https://api.github.com/users/MIchaelMainer/orgs', 'repos_url': 'https://api.github.com/users/MIchaelMainer/repos', 'events_url': 'https://api.github.com/users/MIchaelMainer/events{/privacy}', 'received_events_url': 'https://api.github.com/users/MIchaelMainer/received_events', 'type': 'User', 'site_admin': False}, {'login': 'ddyett', 'id': 20829981, 'node_id': 'MDQ6VXNlcjIwODI5OTgx', 'avatar_url': 'https://avatars.githubusercontent.com/u/20829981?v=4', 'gravatar_id': '', 'url': 'https://api.github.com/users/ddyett', 'html_url': 'https://github.com/ddyett', 'followers_url': 'https://api.github.com/users/ddyett/followers', 'following_url': 'https://api.github.com/users/ddyett/following{/other_user}', 'gists_url': 'https://api.github.com/users/ddyett/gists{/gist_id}', 'starred_url': 'https://api.github.com/users/ddyett/starred{/owner}{/repo}', 'subscriptions_url': 'https://api.github.com/users/ddyett/subscriptions', 'organizations_url': 'https://api.github.com/users/ddyett/orgs', 'repos_url': 'https://api.github.com/users/ddyett/repos', 'events_url': 'https://api.github.com/users/ddyett/events{/privacy}', 'received_events_url': 'https://api.github.com/users/ddyett/received_events', 'type': 'User', 'site_admin': False}, {'login': 'nikithauc', 'id': 23219007, 'node_id': 'MDQ6VXNlcjIzMjE5MDA3', 'avatar_url': 'https://avatars.githubusercontent.com/u/23219007?v=4', 'gravatar_id': '', 'url': 'https://api.github.com/users/nikithauc', 'html_url': 'https://github.com/nikithauc', 'followers_url': 'https://api.github.com/users/nikithauc/followers', 'following_url': 'https://api.github.com/users/nikithauc/following{/other_user}', 'gists_url': 'https://api.github.com/users/nikithauc/gists{/gist_id}', 'starred_url': 'https://api.github.com/users/nikithauc/starred{/owner}{/repo}', 'subscriptions_url': 'https://api.github.com/users/nikithauc/subscriptions', 'organizations_url': 'https://api.github.com/users/nikithauc/orgs', 'repos_url': 'https://api.github.com/users/nikithauc/repos', 'events_url': 'https://api.github.com/users/nikithauc/events{/privacy}', 'received_events_url': 'https://api.github.com/users/nikithauc/received_events', 'type': 'User', 'site_admin': False}], 'requested_teams': [], 'labels': [{'id': 2289202878, 'node_id': 'MDU6TGFiZWwyMjg5MjAyODc4', 'url': 'https://api.github.com/repos/microsoftgraph/msgraph-sdk-java-core/labels/dependencies', 'name': 'dependencies', 'color': '0366d6', 'default': False, 'description': 'Pull requests that update a dependency file'}, {'id': 2289202921, 'node_id': 'MDU6TGFiZWwyMjg5MjAyOTIx', 'url': 'https://api.github.com/repos/microsoftgraph/msgraph-sdk-java-core/labels/java', 'name': 'java', 'color': 'ffa221', 'default': False, 'description': 'Pull requests that update Java code'}], 'milestone': None, 'draft': False, 'commits_url': 'https://api.github.com/repos/microsoftgraph/msgraph-sdk-java-core/pulls/491/commits', 'review_comments_url': 'https://api.github.com/repos/microsoftgraph/msgraph-sdk-java-core/pulls/491/comments', 'review_comment_url': 'https://api.github.com/repos/microsoftgraph/msgraph-sdk-java-core/pulls/comments{/number}', 'comments_url': 'https://api.github.com/repos/microsoftgraph/msgraph-sdk-java-core/issues/491/comments', 'statuses_url': 'https://api.github.com/repos/microsoftgraph/msgraph-sdk-java-core/statuses/ffc3e6c305349dee2c35d746de5ada002bd27b41', 'head': {'label': 'microsoftgraph:dependabot/gradle/org.mockito-mockito-inline-4.5.1', 'ref': 'dependabot/gradle/org.mockito-mockito-inline-4.5.1', 'sha': 'ffc3e6c305349dee2c35d746de5ada002bd27b41', 'user': {'login': 'microsoftgraph', 'id': 17304259, 'node_id': 'MDEyOk9yZ2FuaXphdGlvbjE3MzA0MjU5', 'avatar_url': 'https://avatars.githubusercontent.com/u/17304259?v=4', 'gravatar_id': '', 'url': 'https://api.github.com/users/microsoftgraph', 'html_url': 'https://github.com/microsoftgraph', 'followers_url': 'https://api.github.com/users/microsoftgraph/followers', 'following_url': 'https://api.github.com/users/microsoftgraph/following{/other_user}', 'gists_url': 'https://api.github.com/users/microsoftgraph/gists{/gist_id}', 'starred_url': 'https://api.github.com/users/microsoftgraph/starred{/owner}{/repo}', 'subscriptions_url': 'https://api.github.com/users/microsoftgraph/subscriptions', 'organizations_url': 'https://api.github.com/users/microsoftgraph/orgs', 'repos_url': 'https://api.github.com/users/microsoftgraph/repos', 'events_url': 'https://api.github.com/users/microsoftgraph/events{/privacy}', 'received_events_url': 'https://api.github.com/users/microsoftgraph/received_events', 'type': 'Organization', 'site_admin': False}, 'repo': {'id': 154607328, 'node_id': 'MDEwOlJlcG9zaXRvcnkxNTQ2MDczMjg=', 'name': 'msgraph-sdk-java-core', 'full_name': 'microsoftgraph/msgraph-sdk-java-core', 'private': False, 'owner': {'login': 'microsoftgraph', 'id': 17304259, 'node_id': 'MDEyOk9yZ2FuaXphdGlvbjE3MzA0MjU5', 'avatar_url': 'https://avatars.githubusercontent.com/u/17304259?v=4', 'gravatar_id': '', 'url': 'https://api.github.com/users/microsoftgraph', 'html_url': 'https://github.com/microsoftgraph', 'followers_url': 'https://api.github.com/users/microsoftgraph/followers', 'following_url': 'https://api.github.com/users/microsoftgraph/following{/other_user}', 'gists_url': 'https://api.github.com/users/microsoftgraph/gists{/gist_id}', 'starred_url': 'https://api.github.com/users/microsoftgraph/starred{/owner}{/repo}', 'subscriptions_url': 'https://api.github.com/users/microsoftgraph/subscriptions', 'organizations_url': 'https://api.github.com/users/microsoftgraph/orgs', 'repos_url': 'https://api.github.com/users/microsoftgraph/repos', 'events_url': 'https://api.github.com/users/microsoftgraph/events{/privacy}', 'received_events_url': 'https://api.github.com/users/microsoftgraph/received_events', 'type': 'Organization', 'site_admin': False}, 'html_url': 'https://github.com/microsoftgraph/msgraph-sdk-java-core', 'description': 'Microsoft Graph SDK for Java - Core Library', 'fork': False, 'url': 'https://api.github.com/repos/microsoftgraph/msgraph-sdk-java-core', 'forks_url': 'https://api.github.com/repos/microsoftgraph/msgraph-sdk-java-core/forks', 'keys_url': 'https://api.github.com/repos/microsoftgraph/msgraph-sdk-java-core/keys{/key_id}', 'collaborators_url': 'https://api.github.com/repos/microsoftgraph/msgraph-sdk-java-core/collaborators{/collaborator}', 'teams_url': 'https://api.github.com/repos/microsoftgraph/msgraph-sdk-java-core/teams', 'hooks_url': 'https://api.github.com/repos/microsoftgraph/msgraph-sdk-java-core/hooks', 'issue_events_url': 'https://api.github.com/repos/microsoftgraph/msgraph-sdk-java-core/issues/events{/number}', 'events_url': 'https://api.github.com/repos/microsoftgraph/msgraph-sdk-java-core/events', 'assignees_url': 'https://api.github.com/repos/microsoftgraph/msgraph-sdk-java-core/assignees{/user}', 'branches_url': 'https://api.github.com/repos/microsoftgraph/msgraph-sdk-java-core/branches{/branch}', 'tags_url': 'https://api.github.com/repos/microsoftgraph/msgraph-sdk-java-core/tags', 'blobs_url': 'https://api.github.com/repos/microsoftgraph/msgraph-sdk-java-core/git/blobs{/sha}', 'git_tags_url': 'https://api.github.com/repos/microsoftgraph/msgraph-sdk-java-core/git/tags{/sha}', 'git_refs_url': 'https://api.github.com/repos/microsoftgraph/msgraph-sdk-java-core/git/refs{/sha}', 'trees_url': 'https://api.github.com/repos/microsoftgraph/msgraph-sdk-java-core/git/trees{/sha}', 'statuses_url': 'https://api.github.com/repos/microsoftgraph/msgraph-sdk-java-core/statuses/{sha}', 'languages_url': 'https://api.github.com/repos/microsoftgraph/msgraph-sdk-java-core/languages', 'stargazers_url': 'https://api.github.com/repos/microsoftgraph/msgraph-sdk-java-core/stargazers', 'contributors_url': 'https://api.github.com/repos/microsoftgraph/msgraph-sdk-java-core/contributors', 'subscribers_url': 'https://api.github.com/repos/microsoftgraph/msgraph-sdk-java-core/subscribers', 'subscription_url': 'https://api.github.com/repos/microsoftgraph/msgraph-sdk-java-core/subscription', 'commits_url': 'https://api.github.com/repos/microsoftgraph/msgraph-sdk-java-core/commits{/sha}', 'git_commits_url': 'https://api.github.com/repos/microsoftgraph/msgraph-sdk-java-core/git/commits{/sha}', 'comments_url': 'https://api.github.com/repos/microsoftgraph/msgraph-sdk-java-core/comments{/number}', 'issue_comment_url': 'https://api.github.com/repos/microsoftgraph/msgraph-sdk-java-core/issues/comments{/number}', 'contents_url': 'https://api.github.com/repos/microsoftgraph/msgraph-sdk-java-core/contents/{+path}', 'compare_url': 'https://api.github.com/repos/microsoftgraph/msgraph-sdk-java-core/compare/{base}...{head}', 'merges_url': 'https://api.github.com/repos/microsoftgraph/msgraph-sdk-java-core/merges', 'archive_url': 'https://api.github.com/repos/microsoftgraph/msgraph-sdk-java-core/{archive_format}{/ref}', 'downloads_url': 'https://api.github.com/repos/microsoftgraph/msgraph-sdk-java-core/downloads', 'issues_url': 'https://api.github.com/repos/microsoftgraph/msgraph-sdk-java-core/issues{/number}', 'pulls_url': 'https://api.github.com/repos/microsoftgraph/msgraph-sdk-java-core/pulls{/number}', 'milestones_url': 'https://api.github.com/repos/microsoftgraph/msgraph-sdk-java-core/milestones{/number}', 'notifications_url': 'https://api.github.com/repos/microsoftgraph/msgraph-sdk-java-core/notifications{?since,all,participating}', 'labels_url': 'https://api.github.com/repos/microsoftgraph/msgraph-sdk-java-core/labels{/name}', 'releases_url': 'https://api.github.com/repos/microsoftgraph/msgraph-sdk-java-core/releases{/id}', 'deployments_url': 'https://api.github.com/repos/microsoftgraph/msgraph-sdk-java-core/deployments', 'created_at': '2018-10-25T03:53:47Z', 'updated_at': '2022-04-22T09:16:17Z', 'pushed_at': '2022-04-22T16:00:55Z', 'git_url': 'git://github.com/microsoftgraph/msgraph-sdk-java-core.git', 'ssh_url': 'git@github.com:microsoftgraph/msgraph-sdk-java-core.git', 'clone_url': 'https://github.com/microsoftgraph/msgraph-sdk-java-core.git', 'svn_url': 'https://github.com/microsoftgraph/msgraph-sdk-java-core', 'homepage': 'https://docs.microsoft.com/en-us/graph/sdks/sdks-overview', 'size': 1625, 'stargazers_count': 24, 'watchers_count': 24, 'language': 'Java', 'has_issues': True, 'has_projects': True, 'has_downloads': True, 'has_wiki': False, 'has_pages': False, 'forks_count': 22, 'mirror_url': None, 'archived': False, 'disabled': False, 'open_issues_count': 21, 'license': {'key': 'mit', 'name': 'MIT License', 'spdx_id': 'MIT', 'url': 'https://api.github.com/licenses/mit', 'node_id': 'MDc6TGljZW5zZTEz'}, 'allow_forking': True, 'is_template': False, 'topics': ['hacktoberfest', 'java', 'microsoft-graph', 'sdk'], 'visibility': 'public', 'forks': 22, 'open_issues': 21, 'watchers': 24, 'default_branch': 'dev'}}, 'base': {'label': 'microsoftgraph:dev', 'ref': 'dev', 'sha': 'eac6902a38fef5e5eabd3912ef94b41b69020719', 'user': {'login': 'microsoftgraph', 'id': 17304259, 'node_id': 'MDEyOk9yZ2FuaXphdGlvbjE3MzA0MjU5', 'avatar_url': 'https://avatars.githubusercontent.com/u/17304259?v=4', 'gravatar_id': '', 'url': 'https://api.github.com/users/microsoftgraph', 'html_url': 'https://github.com/microsoftgraph', 'followers_url': 'https://api.github.com/users/microsoftgraph/followers', 'following_url': 'https://api.github.com/users/microsoftgraph/following{/other_user}', 'gists_url': 'https://api.github.com/users/microsoftgraph/gists{/gist_id}', 'starred_url': 'https://api.github.com/users/microsoftgraph/starred{/owner}{/repo}', 'subscriptions_url': 'https://api.github.com/users/microsoftgraph/subscriptions', 'organizations_url': 'https://api.github.com/users/microsoftgraph/orgs', 'repos_url': 'https://api.github.com/users/microsoftgraph/repos', 'events_url': 'https://api.github.com/users/microsoftgraph/events{/privacy}', 'received_events_url': 'https://api.github.com/users/microsoftgraph/received_events', 'type': 'Organization', 'site_admin': False}, 'repo': {'id': 154607328, 'node_id': 'MDEwOlJlcG9zaXRvcnkxNTQ2MDczMjg=', 'name': 'msgraph-sdk-java-core', 'full_name': 'microsoftgraph/msgraph-sdk-java-core', 'private': False, 'owner': {'login': 'microsoftgraph', 'id': 17304259, 'node_id': 'MDEyOk9yZ2FuaXphdGlvbjE3MzA0MjU5', 'avatar_url': 'https://avatars.githubusercontent.com/u/17304259?v=4', 'gravatar_id': '', 'url': 'https://api.github.com/users/microsoftgraph', 'html_url': 'https://github.com/microsoftgraph', 'followers_url': 'https://api.github.com/users/microsoftgraph/followers', 'following_url': 'https://api.github.com/users/microsoftgraph/following{/other_user}', 'gists_url': 'https://api.github.com/users/microsoftgraph/gists{/gist_id}', 'starred_url': 'https://api.github.com/users/microsoftgraph/starred{/owner}{/repo}', 'subscriptions_url': 'https://api.github.com/users/microsoftgraph/subscriptions', 'organizations_url': 'https://api.github.com/users/microsoftgraph/orgs', 'repos_url': 'https://api.github.com/users/microsoftgraph/repos', 'events_url': 'https://api.github.com/users/microsoftgraph/events{/privacy}', 'received_events_url': 'https://api.github.com/users/microsoftgraph/received_events', 'type': 'Organization', 'site_admin': False}, 'html_url': 'https://github.com/microsoftgraph/msgraph-sdk-java-core', 'description': 'Microsoft Graph SDK for Java - Core Library', 'fork': False, 'url': 'https://api.github.com/repos/microsoftgraph/msgraph-sdk-java-core', 'forks_url': 'https://api.github.com/repos/microsoftgraph/msgraph-sdk-java-core/forks', 'keys_url': 'https://api.github.com/repos/microsoftgraph/msgraph-sdk-java-core/keys{/key_id}', 'collaborators_url': 'https://api.github.com/repos/microsoftgraph/msgraph-sdk-java-core/collaborators{/collaborator}', 'teams_url': 'https://api.github.com/repos/microsoftgraph/msgraph-sdk-java-core/teams', 'hooks_url': 'https://api.github.com/repos/microsoftgraph/msgraph-sdk-java-core/hooks', 'issue_events_url': 'https://api.github.com/repos/microsoftgraph/msgraph-sdk-java-core/issues/events{/number}', 'events_url': 'https://api.github.com/repos/microsoftgraph/msgraph-sdk-java-core/events', 'assignees_url': 'https://api.github.com/repos/microsoftgraph/msgraph-sdk-java-core/assignees{/user}', 'branches_url': 'https://api.github.com/repos/microsoftgraph/msgraph-sdk-java-core/branches{/branch}', 'tags_url': 'https://api.github.com/repos/microsoftgraph/msgraph-sdk-java-core/tags', 'blobs_url': 'https://api.github.com/repos/microsoftgraph/msgraph-sdk-java-core/git/blobs{/sha}', 'git_tags_url': 'https://api.github.com/repos/microsoftgraph/msgraph-sdk-java-core/git/tags{/sha}', 'git_refs_url': 'https://api.github.com/repos/microsoftgraph/msgraph-sdk-java-core/git/refs{/sha}', 'trees_url': 'https://api.github.com/repos/microsoftgraph/msgraph-sdk-java-core/git/trees{/sha}', 'statuses_url': 'https://api.github.com/repos/microsoftgraph/msgraph-sdk-java-core/statuses/{sha}', 'languages_url': 'https://api.github.com/repos/microsoftgraph/msgraph-sdk-java-core/languages', 'stargazers_url': 'https://api.github.com/repos/microsoftgraph/msgraph-sdk-java-core/stargazers', 'contributors_url': 'https://api.github.com/repos/microsoftgraph/msgraph-sdk-java-core/contributors', 'subscribers_url': 'https://api.github.com/repos/microsoftgraph/msgraph-sdk-java-core/subscribers', 'subscription_url': 'https://api.github.com/repos/microsoftgraph/msgraph-sdk-java-core/subscription', 'commits_url': 'https://api.github.com/repos/microsoftgraph/msgraph-sdk-java-core/commits{/sha}', 'git_commits_url': 'https://api.github.com/repos/microsoftgraph/msgraph-sdk-java-core/git/commits{/sha}', 'comments_url': 'https://api.github.com/repos/microsoftgraph/msgraph-sdk-java-core/comments{/number}', 'issue_comment_url': 'https://api.github.com/repos/microsoftgraph/msgraph-sdk-java-core/issues/comments{/number}', 'contents_url': 'https://api.github.com/repos/microsoftgraph/msgraph-sdk-java-core/contents/{+path}', 'compare_url': 'https://api.github.com/repos/microsoftgraph/msgraph-sdk-java-core/compare/{base}...{head}', 'merges_url': 'https://api.github.com/repos/microsoftgraph/msgraph-sdk-java-core/merges', 'archive_url': 'https://api.github.com/repos/microsoftgraph/msgraph-sdk-java-core/{archive_format}{/ref}', 'downloads_url': 'https://api.github.com/repos/microsoftgraph/msgraph-sdk-java-core/downloads', 'issues_url': 'https://api.github.com/repos/microsoftgraph/msgraph-sdk-java-core/issues{/number}', 'pulls_url': 'https://api.github.com/repos/microsoftgraph/msgraph-sdk-java-core/pulls{/number}', 'milestones_url': 'https://api.github.com/repos/microsoftgraph/msgraph-sdk-java-core/milestones{/number}', 'notifications_url': 'https://api.github.com/repos/microsoftgraph/msgraph-sdk-java-core/notifications{?since,all,participating}', 'labels_url': 'https://api.github.com/repos/microsoftgraph/msgraph-sdk-java-core/labels{/name}', 'releases_url': 'https://api.github.com/repos/microsoftgraph/msgraph-sdk-java-core/releases{/id}', 'deployments_url': 'https://api.github.com/repos/microsoftgraph/msgraph-sdk-java-core/deployments', 'created_at': '2018-10-25T03:53:47Z', 'updated_at': '2022-04-22T09:16:17Z', 'pushed_at': '2022-04-22T16:00:55Z', 'git_url': 'git://github.com/microsoftgraph/msgraph-sdk-java-core.git', 'ssh_url': 'git@github.com:microsoftgraph/msgraph-sdk-java-core.git', 'clone_url': 'https://github.com/microsoftgraph/msgraph-sdk-java-core.git', 'svn_url': 'https://github.com/microsoftgraph/msgraph-sdk-java-core', 'homepage': 'https://docs.microsoft.com/en-us/graph/sdks/sdks-overview', 'size': 1625, 'stargazers_count': 24, 'watchers_count': 24, 'language': 'Java', 'has_issues': True, 'has_projects': True, 'has_downloads': True, 'has_wiki': False, 'has_pages': False, 'forks_count': 22, 'mirror_url': None, 'archived': False, 'disabled': False, 'open_issues_count': 21, 'license': {'key': 'mit', 'name': 'MIT License', 'spdx_id': 'MIT', 'url': 'https://api.github.com/licenses/mit', 'node_id': 'MDc6TGljZW5zZTEz'}, 'allow_forking': True, 'is_template': False, 'topics': ['hacktoberfest', 'java', 'microsoft-graph', 'sdk'], 'visibility': 'public', 'forks': 22, 'open_issues': 21, 'watchers': 24, 'default_branch': 'dev'}}, '_links': {'self': {'href': 'https://api.github.com/repos/microsoftgraph/msgraph-sdk-java-core/pulls/491'}, 'html': {'href': 'https://github.com/microsoftgraph/msgraph-sdk-java-core/pull/491'}, 'issue': {'href': 'https://api.github.com/repos/microsoftgraph/msgraph-sdk-java-core/issues/491'}, 'comments': {'href': 'https://api.github.com/repos/microsoftgraph/msgraph-sdk-java-core/issues/491/comments'}, 'review_comments': {'href': 'https://api.github.com/repos/microsoftgraph/msgraph-sdk-java-core/pulls/491/comments'}, 'review_comment': {'href': 'https://api.github.com/repos/microsoftgraph/msgraph-sdk-java-core/pulls/comments{/number}'}, 'commits': {'href': 'https://api.github.com/repos/microsoftgraph/msgraph-sdk-java-core/pulls/491/commits'}, 'statuses': {'href': 'https://api.github.com/repos/microsoftgraph/msgraph-sdk-java-core/statuses/ffc3e6c305349dee2c35d746de5ada002bd27b41'}}, 'author_association': 'CONTRIBUTOR', 'auto_merge': None, 'active_lock_reason': None}}",created,Java
21421505603,PullRequestReviewEvent,microsoftgraph/msgraph-sdk-java-core,0.0,2022-04-22T16:09:40Z,"{'action': 'created', 'review': {'id': 950306449, 'node_id': 'PRR_kwDOCTce4M44pIaR', 'user': {'login': 'ramsessanchez', 'id': 63934382, 'node_id': 'MDQ6VXNlcjYzOTM0Mzgy', 'avatar_url': 'https://avatars.githubusercontent.com/u/63934382?v=4', 'gravatar_id': '', 'url': 'https://api.github.com/users/ramsessanchez', 'html_url': 'https://github.com/ramsessanchez', 'followers_url': 'https://api.github.com/users/ramsessanchez/followers', 'following_url': 'https://api.github.com/users/ramsessanchez/following{/other_user}', 'gists_url': 'https://api.github.com/users/ramsessanchez/gists{/gist_id}', 'starred_url': 'https://api.github.com/users/ramsessanchez/starred{/owner}{/repo}', 'subscriptions_url': 'https://api.github.com/users/ramsessanchez/subscriptions', 'organizations_url': 'https://api.github.com/users/ramsessanchez/orgs', 'repos_url': 'https://api.github.com/users/ramsessanchez/repos', 'events_url': 'https://api.github.com/users/ramsessanchez/events{/privacy}', 'received_events_url': 'https://api.github.com/users/ramsessanchez/received_events', 'type': 'User', 'site_admin': False}, 'body': '', 'commit_id': '0f041f279c86b973cb987a1e5000f82c8e17ff75', 'submitted_at': '2022-04-22T16:09:40Z', 'state': 'approved', 'html_url': 'https://github.com/microsoftgraph/msgraph-sdk-java-core/pull/492#pullrequestreview-950306449', 'pull_request_url': 'https://api.github.com/repos/microsoftgraph/msgraph-sdk-java-core/pulls/492', 'author_association': 'CONTRIBUTOR', '_links': {'html': {'href': 'https://github.com/microsoftgraph/msgraph-sdk-java-core/pull/492#pullrequestreview-950306449'}, 'pull_request': {'href': 'https://api.github.com/repos/microsoftgraph/msgraph-sdk-java-core/pulls/492'}}}, 'pull_request': {'url': 'https://api.github.com/repos/microsoftgraph/msgraph-sdk-java-core/pulls/492', 'id': 916139085, 'node_id': 'PR_kwDOCTce4M42myxN', 'html_url': 'https://github.com/microsoftgraph/msgraph-sdk-java-core/pull/492', 'diff_url': 'https://github.com/microsoftgraph/msgraph-sdk-java-core/pull/492.diff', 'patch_url': 'https://github.com/microsoftgraph/msgraph-sdk-java-core/pull/492.patch', 'issue_url': 'https://api.github.com/repos/microsoftgraph/msgraph-sdk-java-core/issues/492', 'number': 492, 'state': 'open', 'locked': False, 'title': 'Bump android-actions/setup-android from 2.0.7 to 2.0.8', 'user': {'login': 'dependabot[bot]', 'id': 49699333, 'node_id': 'MDM6Qm90NDk2OTkzMzM=', 'avatar_url': 'https://avatars.githubusercontent.com/in/29110?v=4', 'gravatar_id': '', 'url': 'https://api.github.com/users/dependabot%5Bbot%5D', 'html_url': 'https://github.com/apps/dependabot', 'followers_url': 'https://api.github.com/users/dependabot%5Bbot%5D/followers', 'following_url': 'https://api.github.com/users/dependabot%5Bbot%5D/following{/other_user}', 'gists_url': 'https://api.github.com/users/dependabot%5Bbot%5D/gists{/gist_id}', 'starred_url': 'https://api.github.com/users/dependabot%5Bbot%5D/starred{/owner}{/repo}', 'subscriptions_url': 'https://api.github.com/users/dependabot%5Bbot%5D/subscriptions', 'organizations_url': 'https://api.github.com/users/dependabot%5Bbot%5D/orgs', 'repos_url': 'https://api.github.com/users/dependabot%5Bbot%5D/repos', 'events_url': 'https://api.github.com/users/dependabot%5Bbot%5D/events{/privacy}', 'received_events_url': 'https://api.github.com/users/dependabot%5Bbot%5D/received_events', 'type': 'Bot', 'site_admin': False}, 'body': 'Bumps [android-actions/setup-android](https://github.com/android-actions/setup-android) from 2.0.7 to 2.0.8.\n<details>\n<summary>Release notes</summary>\n<p><em>Sourced from <a href=""https://github.com/android-actions/setup-android/releases"">android-actions/setup-android\'s releases</a>.</em></p>\n<blockquote>\n<h2>v2.0.8</h2>\n<p>cmdline-tools updated to v6 (from v3). Thanks to <a href=""https://github.com/mikehardy""><code>@\u200bmikehardy</code></a></p>\n<p>Also updated npm dependencies</p>\n</blockquote>\n</details>\n<details>\n<summary>Commits</summary>\n<ul>\n<li><a href=""https://github.com/android-actions/setup-android/commit/47ea4897899df0e5b56c43707cf6585918579695""><code>47ea489</code></a> [CI] Disable run.yml</li>\n<li><a href=""https://github.com/android-actions/setup-android/commit/244317f5bb6fbdd85f10c693988213df4fdeec3c""><code>244317f</code></a> Rebuild dist/index.js after dependency update</li>\n<li><a href=""https://github.com/android-actions/setup-android/commit/5440ded976ec37d2693bc1bbd46aadd929f322ce""><code>5440ded</code></a> [ESLint] warn instead of error about English text in string literals</li>\n<li><a href=""https://github.com/android-actions/setup-android/commit/e94bbf69b53091519d1131be76785133229f7881""><code>e94bbf6</code></a> Update npm dependencies</li>\n<li><a href=""https://github.com/android-actions/setup-android/commit/98f14d164f835d633cdac1232ae813f6da92b4cd""><code>98f14d1</code></a> [CI][README.md] Update setup-java to v3</li>\n<li><a href=""https://github.com/android-actions/setup-android/commit/f56c207000dc7748ed17b593e0889d26fb792db8""><code>f56c207</code></a> [CI] Update actions/setup-node to v3 (sliding version, instead of 2.2.2)</li>\n<li><a href=""https://github.com/android-actions/setup-android/commit/a7d36b05d17886133807d578832bc8b62d983c8e""><code>a7d36b0</code></a> [CI][README.MD] Update actions/checkout to v3</li>\n<li><a href=""https://github.com/android-actions/setup-android/commit/20bad8a341810f0752053c6c7c7c2910e495e7ce""><code>20bad8a</code></a> [CI][Test] Update OS list</li>\n<li><a href=""https://github.com/android-actions/setup-android/commit/fc91ea75c17ca11a4ad9674eaed59859953a78b9""><code>fc91ea7</code></a> build(deps): bump tools version to v6 / 8092744</li>\n<li><a href=""https://github.com/android-actions/setup-android/commit/1685c3d8669829f192d94fcad89eba25ce558bb2""><code>1685c3d</code></a> workflow: code analysis</li>\n<li>Additional commits viewable in <a href=""https://github.com/android-actions/setup-android/compare/v2.0.7...v2.0.8"">compare view</a></li>\n</ul>\n</details>\n<br />\n\n\n[![Dependabot compatibility score](https://dependabot-badges.githubapp.com/badges/compatibility_score?dependency-name=android-actions/setup-android&package-manager=github_actions&previous-version=2.0.7&new-version=2.0.8)](https://docs.github.com/en/github/managing-security-vulnerabilities/about-dependabot-security-updates#about-compatibility-scores)\n\nDependabot will resolve any conflicts with this PR as long as you don\'t alter it yourself. You can also trigger a rebase manually by commenting `@dependabot rebase`.\n\n[//]: # (dependabot-automerge-start)\n[//]: # (dependabot-automerge-end)\n\n---\n\n<details>\n<summary>Dependabot commands and options</summary>\n<br />\n\nYou can trigger Dependabot actions by commenting on this PR:\n- `@dependabot rebase` will rebase this PR\n- `@dependabot recreate` will recreate this PR, overwriting any edits that have been made to it\n- `@dependabot merge` will merge this PR after your CI passes on it\n- `@dependabot squash and merge` will squash and merge this PR after your CI passes on it\n- `@dependabot cancel merge` will cancel a previously requested merge and block automerging\n- `@dependabot reopen` will reopen this PR if it is closed\n- `@dependabot close` will close this PR and stop Dependabot recreating it. You can achieve the same result by closing it manually\n- `@dependabot ignore this major version` will close this PR and stop Dependabot creating any more for this major version (unless you reopen the PR or upgrade to it yourself)\n- `@dependabot ignore this minor version` will close this PR and stop Dependabot creating any more for this minor version (unless you reopen the PR or upgrade to it yourself)\n- `@dependabot ignore this dependency` will close this PR and stop Dependabot creating any more for this dependency (unless you reopen the PR or upgrade to it yourself)\n\n\n</details>', 'created_at': '2022-04-22T08:05:06Z', 'updated_at': '2022-04-22T16:09:40Z', 'closed_at': None, 'merged_at': None, 'merge_commit_sha': '2c795309880a32a995e533c8cc352ff968b04528', 'assignee': None, 'assignees': [], 'requested_reviewers': [{'login': 'zengin', 'id': 803311, 'node_id': 'MDQ6VXNlcjgwMzMxMQ==', 'avatar_url': 'https://avatars.githubusercontent.com/u/803311?v=4', 'gravatar_id': '', 'url': 'https://api.github.com/users/zengin', 'html_url': 'https://github.com/zengin', 'followers_url': 'https://api.github.com/users/zengin/followers', 'following_url': 'https://api.github.com/users/zengin/following{/other_user}', 'gists_url': 'https://api.github.com/users/zengin/gists{/gist_id}', 'starred_url': 'https://api.github.com/users/zengin/starred{/owner}{/repo}', 'subscriptions_url': 'https://api.github.com/users/zengin/subscriptions', 'organizations_url': 'https://api.github.com/users/zengin/orgs', 'repos_url': 'https://api.github.com/users/zengin/repos', 'events_url': 'https://api.github.com/users/zengin/events{/privacy}', 'received_events_url': 'https://api.github.com/users/zengin/received_events', 'type': 'User', 'site_admin': False}, {'login': 'baywet', 'id': 7905502, 'node_id': 'MDQ6VXNlcjc5MDU1MDI=', 'avatar_url': 'https://avatars.githubusercontent.com/u/7905502?v=4', 'gravatar_id': '', 'url': 'https://api.github.com/users/baywet', 'html_url': 'https://github.com/baywet', 'followers_url': 'https://api.github.com/users/baywet/followers', 'following_url': 'https://api.github.com/users/baywet/following{/other_user}', 'gists_url': 'https://api.github.com/users/baywet/gists{/gist_id}', 'starred_url': 'https://api.github.com/users/baywet/starred{/owner}{/repo}', 'subscriptions_url': 'https://api.github.com/users/baywet/subscriptions', 'organizations_url': 'https://api.github.com/users/baywet/orgs', 'repos_url': 'https://api.github.com/users/baywet/repos', 'events_url': 'https://api.github.com/users/baywet/events{/privacy}', 'received_events_url': 'https://api.github.com/users/baywet/received_events', 'type': 'User', 'site_admin': False}, {'login': 'MIchaelMainer', 'id': 8527305, 'node_id': 'MDQ6VXNlcjg1MjczMDU=', 'avatar_url': 'https://avatars.githubusercontent.com/u/8527305?v=4', 'gravatar_id': '', 'url': 'https://api.github.com/users/MIchaelMainer', 'html_url': 'https://github.com/MIchaelMainer', 'followers_url': 'https://api.github.com/users/MIchaelMainer/followers', 'following_url': 'https://api.github.com/users/MIchaelMainer/following{/other_user}', 'gists_url': 'https://api.github.com/users/MIchaelMainer/gists{/gist_id}', 'starred_url': 'https://api.github.com/users/MIchaelMainer/starred{/owner}{/repo}', 'subscriptions_url': 'https://api.github.com/users/MIchaelMainer/subscriptions', 'organizations_url': 'https://api.github.com/users/MIchaelMainer/orgs', 'repos_url': 'https://api.github.com/users/MIchaelMainer/repos', 'events_url': 'https://api.github.com/users/MIchaelMainer/events{/privacy}', 'received_events_url': 'https://api.github.com/users/MIchaelMainer/received_events', 'type': 'User', 'site_admin': False}, {'login': 'ddyett', 'id': 20829981, 'node_id': 'MDQ6VXNlcjIwODI5OTgx', 'avatar_url': 'https://avatars.githubusercontent.com/u/20829981?v=4', 'gravatar_id': '', 'url': 'https://api.github.com/users/ddyett', 'html_url': 'https://github.com/ddyett', 'followers_url': 'https://api.github.com/users/ddyett/followers', 'following_url': 'https://api.github.com/users/ddyett/following{/other_user}', 'gists_url': 'https://api.github.com/users/ddyett/gists{/gist_id}', 'starred_url': 'https://api.github.com/users/ddyett/starred{/owner}{/repo}', 'subscriptions_url': 'https://api.github.com/users/ddyett/subscriptions', 'organizations_url': 'https://api.github.com/users/ddyett/orgs', 'repos_url': 'https://api.github.com/users/ddyett/repos', 'events_url': 'https://api.github.com/users/ddyett/events{/privacy}', 'received_events_url': 'https://api.github.com/users/ddyett/received_events', 'type': 'User', 'site_admin': False}, {'login': 'nikithauc', 'id': 23219007, 'node_id': 'MDQ6VXNlcjIzMjE5MDA3', 'avatar_url': 'https://avatars.githubusercontent.com/u/23219007?v=4', 'gravatar_id': '', 'url': 'https://api.github.com/users/nikithauc', 'html_url': 'https://github.com/nikithauc', 'followers_url': 'https://api.github.com/users/nikithauc/followers', 'following_url': 'https://api.github.com/users/nikithauc/following{/other_user}', 'gists_url': 'https://api.github.com/users/nikithauc/gists{/gist_id}', 'starred_url': 'https://api.github.com/users/nikithauc/starred{/owner}{/repo}', 'subscriptions_url': 'https://api.github.com/users/nikithauc/subscriptions', 'organizations_url': 'https://api.github.com/users/nikithauc/orgs', 'repos_url': 'https://api.github.com/users/nikithauc/repos', 'events_url': 'https://api.github.com/users/nikithauc/events{/privacy}', 'received_events_url': 'https://api.github.com/users/nikithauc/received_events', 'type': 'User', 'site_admin': False}], 'requested_teams': [], 'labels': [{'id': 2289202878, 'node_id': 'MDU6TGFiZWwyMjg5MjAyODc4', 'url': 'https://api.github.com/repos/microsoftgraph/msgraph-sdk-java-core/labels/dependencies', 'name': 'dependencies', 'color': '0366d6', 'default': False, 'description': 'Pull requests that update a dependency file'}, {'id': 2888235572, 'node_id': 'MDU6TGFiZWwyODg4MjM1NTcy', 'url': 'https://api.github.com/repos/microsoftgraph/msgraph-sdk-java-core/labels/github_actions', 'name': 'github_actions', 'color': '000000', 'default': False, 'description': 'Pull requests that update Github_actions code'}], 'milestone': None, 'draft': False, 'commits_url': 'https://api.github.com/repos/microsoftgraph/msgraph-sdk-java-core/pulls/492/commits', 'review_comments_url': 'https://api.github.com/repos/microsoftgraph/msgraph-sdk-java-core/pulls/492/comments', 'review_comment_url': 'https://api.github.com/repos/microsoftgraph/msgraph-sdk-java-core/pulls/comments{/number}', 'comments_url': 'https://api.github.com/repos/microsoftgraph/msgraph-sdk-java-core/issues/492/comments', 'statuses_url': 'https://api.github.com/repos/microsoftgraph/msgraph-sdk-java-core/statuses/0f041f279c86b973cb987a1e5000f82c8e17ff75', 'head': {'label': 'microsoftgraph:dependabot/github_actions/android-actions/setup-android-2.0.8', 'ref': 'dependabot/github_actions/android-actions/setup-android-2.0.8', 'sha': '0f041f279c86b973cb987a1e5000f82c8e17ff75', 'user': {'login': 'microsoftgraph', 'id': 17304259, 'node_id': 'MDEyOk9yZ2FuaXphdGlvbjE3MzA0MjU5', 'avatar_url': 'https://avatars.githubusercontent.com/u/17304259?v=4', 'gravatar_id': '', 'url': 'https://api.github.com/users/microsoftgraph', 'html_url': 'https://github.com/microsoftgraph', 'followers_url': 'https://api.github.com/users/microsoftgraph/followers', 'following_url': 'https://api.github.com/users/microsoftgraph/following{/other_user}', 'gists_url': 'https://api.github.com/users/microsoftgraph/gists{/gist_id}', 'starred_url': 'https://api.github.com/users/microsoftgraph/starred{/owner}{/repo}', 'subscriptions_url': 'https://api.github.com/users/microsoftgraph/subscriptions', 'organizations_url': 'https://api.github.com/users/microsoftgraph/orgs', 'repos_url': 'https://api.github.com/users/microsoftgraph/repos', 'events_url': 'https://api.github.com/users/microsoftgraph/events{/privacy}', 'received_events_url': 'https://api.github.com/users/microsoftgraph/received_events', 'type': 'Organization', 'site_admin': False}, 'repo': {'id': 154607328, 'node_id': 'MDEwOlJlcG9zaXRvcnkxNTQ2MDczMjg=', 'name': 'msgraph-sdk-java-core', 'full_name': 'microsoftgraph/msgraph-sdk-java-core', 'private': False, 'owner': {'login': 'microsoftgraph', 'id': 17304259, 'node_id': 'MDEyOk9yZ2FuaXphdGlvbjE3MzA0MjU5', 'avatar_url': 'https://avatars.githubusercontent.com/u/17304259?v=4', 'gravatar_id': '', 'url': 'https://api.github.com/users/microsoftgraph', 'html_url': 'https://github.com/microsoftgraph', 'followers_url': 'https://api.github.com/users/microsoftgraph/followers', 'following_url': 'https://api.github.com/users/microsoftgraph/following{/other_user}', 'gists_url': 'https://api.github.com/users/microsoftgraph/gists{/gist_id}', 'starred_url': 'https://api.github.com/users/microsoftgraph/starred{/owner}{/repo}', 'subscriptions_url': 'https://api.github.com/users/microsoftgraph/subscriptions', 'organizations_url': 'https://api.github.com/users/microsoftgraph/orgs', 'repos_url': 'https://api.github.com/users/microsoftgraph/repos', 'events_url': 'https://api.github.com/users/microsoftgraph/events{/privacy}', 'received_events_url': 'https://api.github.com/users/microsoftgraph/received_events', 'type': 'Organization', 'site_admin': False}, 'html_url': 'https://github.com/microsoftgraph/msgraph-sdk-java-core', 'description': 'Microsoft Graph SDK for Java - Core Library', 'fork': False, 'url': 'https://api.github.com/repos/microsoftgraph/msgraph-sdk-java-core', 'forks_url': 'https://api.github.com/repos/microsoftgraph/msgraph-sdk-java-core/forks', 'keys_url': 'https://api.github.com/repos/microsoftgraph/msgraph-sdk-java-core/keys{/key_id}', 'collaborators_url': 'https://api.github.com/repos/microsoftgraph/msgraph-sdk-java-core/collaborators{/collaborator}', 'teams_url': 'https://api.github.com/repos/microsoftgraph/msgraph-sdk-java-core/teams', 'hooks_url': 'https://api.github.com/repos/microsoftgraph/msgraph-sdk-java-core/hooks', 'issue_events_url': 'https://api.github.com/repos/microsoftgraph/msgraph-sdk-java-core/issues/events{/number}', 'events_url': 'https://api.github.com/repos/microsoftgraph/msgraph-sdk-java-core/events', 'assignees_url': 'https://api.github.com/repos/microsoftgraph/msgraph-sdk-java-core/assignees{/user}', 'branches_url': 'https://api.github.com/repos/microsoftgraph/msgraph-sdk-java-core/branches{/branch}', 'tags_url': 'https://api.github.com/repos/microsoftgraph/msgraph-sdk-java-core/tags', 'blobs_url': 'https://api.github.com/repos/microsoftgraph/msgraph-sdk-java-core/git/blobs{/sha}', 'git_tags_url': 'https://api.github.com/repos/microsoftgraph/msgraph-sdk-java-core/git/tags{/sha}', 'git_refs_url': 'https://api.github.com/repos/microsoftgraph/msgraph-sdk-java-core/git/refs{/sha}', 'trees_url': 'https://api.github.com/repos/microsoftgraph/msgraph-sdk-java-core/git/trees{/sha}', 'statuses_url': 'https://api.github.com/repos/microsoftgraph/msgraph-sdk-java-core/statuses/{sha}', 'languages_url': 'https://api.github.com/repos/microsoftgraph/msgraph-sdk-java-core/languages', 'stargazers_url': 'https://api.github.com/repos/microsoftgraph/msgraph-sdk-java-core/stargazers', 'contributors_url': 'https://api.github.com/repos/microsoftgraph/msgraph-sdk-java-core/contributors', 'subscribers_url': 'https://api.github.com/repos/microsoftgraph/msgraph-sdk-java-core/subscribers', 'subscription_url': 'https://api.github.com/repos/microsoftgraph/msgraph-sdk-java-core/subscription', 'commits_url': 'https://api.github.com/repos/microsoftgraph/msgraph-sdk-java-core/commits{/sha}', 'git_commits_url': 'https://api.github.com/repos/microsoftgraph/msgraph-sdk-java-core/git/commits{/sha}', 'comments_url': 'https://api.github.com/repos/microsoftgraph/msgraph-sdk-java-core/comments{/number}', 'issue_comment_url': 'https://api.github.com/repos/microsoftgraph/msgraph-sdk-java-core/issues/comments{/number}', 'contents_url': 'https://api.github.com/repos/microsoftgraph/msgraph-sdk-java-core/contents/{+path}', 'compare_url': 'https://api.github.com/repos/microsoftgraph/msgraph-sdk-java-core/compare/{base}...{head}', 'merges_url': 'https://api.github.com/repos/microsoftgraph/msgraph-sdk-java-core/merges', 'archive_url': 'https://api.github.com/repos/microsoftgraph/msgraph-sdk-java-core/{archive_format}{/ref}', 'downloads_url': 'https://api.github.com/repos/microsoftgraph/msgraph-sdk-java-core/downloads', 'issues_url': 'https://api.github.com/repos/microsoftgraph/msgraph-sdk-java-core/issues{/number}', 'pulls_url': 'https://api.github.com/repos/microsoftgraph/msgraph-sdk-java-core/pulls{/number}', 'milestones_url': 'https://api.github.com/repos/microsoftgraph/msgraph-sdk-java-core/milestones{/number}', 'notifications_url': 'https://api.github.com/repos/microsoftgraph/msgraph-sdk-java-core/notifications{?since,all,participating}', 'labels_url': 'https://api.github.com/repos/microsoftgraph/msgraph-sdk-java-core/labels{/name}', 'releases_url': 'https://api.github.com/repos/microsoftgraph/msgraph-sdk-java-core/releases{/id}', 'deployments_url': 'https://api.github.com/repos/microsoftgraph/msgraph-sdk-java-core/deployments', 'created_at': '2018-10-25T03:53:47Z', 'updated_at': '2022-04-22T09:16:17Z', 'pushed_at': '2022-04-22T16:00:55Z', 'git_url': 'git://github.com/microsoftgraph/msgraph-sdk-java-core.git', 'ssh_url': 'git@github.com:microsoftgraph/msgraph-sdk-java-core.git', 'clone_url': 'https://github.com/microsoftgraph/msgraph-sdk-java-core.git', 'svn_url': 'https://github.com/microsoftgraph/msgraph-sdk-java-core', 'homepage': 'https://docs.microsoft.com/en-us/graph/sdks/sdks-overview', 'size': 1625, 'stargazers_count': 24, 'watchers_count': 24, 'language': 'Java', 'has_issues': True, 'has_projects': True, 'has_downloads': True, 'has_wiki': False, 'has_pages': False, 'forks_count': 22, 'mirror_url': None, 'archived': False, 'disabled': False, 'open_issues_count': 21, 'license': {'key': 'mit', 'name': 'MIT License', 'spdx_id': 'MIT', 'url': 'https://api.github.com/licenses/mit', 'node_id': 'MDc6TGljZW5zZTEz'}, 'allow_forking': True, 'is_template': False, 'topics': ['hacktoberfest', 'java', 'microsoft-graph', 'sdk'], 'visibility': 'public', 'forks': 22, 'open_issues': 21, 'watchers': 24, 'default_branch': 'dev'}}, 'base': {'label': 'microsoftgraph:dev', 'ref': 'dev', 'sha': 'eac6902a38fef5e5eabd3912ef94b41b69020719', 'user': {'login': 'microsoftgraph', 'id': 17304259, 'node_id': 'MDEyOk9yZ2FuaXphdGlvbjE3MzA0MjU5', 'avatar_url': 'https://avatars.githubusercontent.com/u/17304259?v=4', 'gravatar_id': '', 'url': 'https://api.github.com/users/microsoftgraph', 'html_url': 'https://github.com/microsoftgraph', 'followers_url': 'https://api.github.com/users/microsoftgraph/followers', 'following_url': 'https://api.github.com/users/microsoftgraph/following{/other_user}', 'gists_url': 'https://api.github.com/users/microsoftgraph/gists{/gist_id}', 'starred_url': 'https://api.github.com/users/microsoftgraph/starred{/owner}{/repo}', 'subscriptions_url': 'https://api.github.com/users/microsoftgraph/subscriptions', 'organizations_url': 'https://api.github.com/users/microsoftgraph/orgs', 'repos_url': 'https://api.github.com/users/microsoftgraph/repos', 'events_url': 'https://api.github.com/users/microsoftgraph/events{/privacy}', 'received_events_url': 'https://api.github.com/users/microsoftgraph/received_events', 'type': 'Organization', 'site_admin': False}, 'repo': {'id': 154607328, 'node_id': 'MDEwOlJlcG9zaXRvcnkxNTQ2MDczMjg=', 'name': 'msgraph-sdk-java-core', 'full_name': 'microsoftgraph/msgraph-sdk-java-core', 'private': False, 'owner': {'login': 'microsoftgraph', 'id': 17304259, 'node_id': 'MDEyOk9yZ2FuaXphdGlvbjE3MzA0MjU5', 'avatar_url': 'https://avatars.githubusercontent.com/u/17304259?v=4', 'gravatar_id': '', 'url': 'https://api.github.com/users/microsoftgraph', 'html_url': 'https://github.com/microsoftgraph', 'followers_url': 'https://api.github.com/users/microsoftgraph/followers', 'following_url': 'https://api.github.com/users/microsoftgraph/following{/other_user}', 'gists_url': 'https://api.github.com/users/microsoftgraph/gists{/gist_id}', 'starred_url': 'https://api.github.com/users/microsoftgraph/starred{/owner}{/repo}', 'subscriptions_url': 'https://api.github.com/users/microsoftgraph/subscriptions', 'organizations_url': 'https://api.github.com/users/microsoftgraph/orgs', 'repos_url': 'https://api.github.com/users/microsoftgraph/repos', 'events_url': 'https://api.github.com/users/microsoftgraph/events{/privacy}', 'received_events_url': 'https://api.github.com/users/microsoftgraph/received_events', 'type': 'Organization', 'site_admin': False}, 'html_url': 'https://github.com/microsoftgraph/msgraph-sdk-java-core', 'description': 'Microsoft Graph SDK for Java - Core Library', 'fork': False, 'url': 'https://api.github.com/repos/microsoftgraph/msgraph-sdk-java-core', 'forks_url': 'https://api.github.com/repos/microsoftgraph/msgraph-sdk-java-core/forks', 'keys_url': 'https://api.github.com/repos/microsoftgraph/msgraph-sdk-java-core/keys{/key_id}', 'collaborators_url': 'https://api.github.com/repos/microsoftgraph/msgraph-sdk-java-core/collaborators{/collaborator}', 'teams_url': 'https://api.github.com/repos/microsoftgraph/msgraph-sdk-java-core/teams', 'hooks_url': 'https://api.github.com/repos/microsoftgraph/msgraph-sdk-java-core/hooks', 'issue_events_url': 'https://api.github.com/repos/microsoftgraph/msgraph-sdk-java-core/issues/events{/number}', 'events_url': 'https://api.github.com/repos/microsoftgraph/msgraph-sdk-java-core/events', 'assignees_url': 'https://api.github.com/repos/microsoftgraph/msgraph-sdk-java-core/assignees{/user}', 'branches_url': 'https://api.github.com/repos/microsoftgraph/msgraph-sdk-java-core/branches{/branch}', 'tags_url': 'https://api.github.com/repos/microsoftgraph/msgraph-sdk-java-core/tags', 'blobs_url': 'https://api.github.com/repos/microsoftgraph/msgraph-sdk-java-core/git/blobs{/sha}', 'git_tags_url': 'https://api.github.com/repos/microsoftgraph/msgraph-sdk-java-core/git/tags{/sha}', 'git_refs_url': 'https://api.github.com/repos/microsoftgraph/msgraph-sdk-java-core/git/refs{/sha}', 'trees_url': 'https://api.github.com/repos/microsoftgraph/msgraph-sdk-java-core/git/trees{/sha}', 'statuses_url': 'https://api.github.com/repos/microsoftgraph/msgraph-sdk-java-core/statuses/{sha}', 'languages_url': 'https://api.github.com/repos/microsoftgraph/msgraph-sdk-java-core/languages', 'stargazers_url': 'https://api.github.com/repos/microsoftgraph/msgraph-sdk-java-core/stargazers', 'contributors_url': 'https://api.github.com/repos/microsoftgraph/msgraph-sdk-java-core/contributors', 'subscribers_url': 'https://api.github.com/repos/microsoftgraph/msgraph-sdk-java-core/subscribers', 'subscription_url': 'https://api.github.com/repos/microsoftgraph/msgraph-sdk-java-core/subscription', 'commits_url': 'https://api.github.com/repos/microsoftgraph/msgraph-sdk-java-core/commits{/sha}', 'git_commits_url': 'https://api.github.com/repos/microsoftgraph/msgraph-sdk-java-core/git/commits{/sha}', 'comments_url': 'https://api.github.com/repos/microsoftgraph/msgraph-sdk-java-core/comments{/number}', 'issue_comment_url': 'https://api.github.com/repos/microsoftgraph/msgraph-sdk-java-core/issues/comments{/number}', 'contents_url': 'https://api.github.com/repos/microsoftgraph/msgraph-sdk-java-core/contents/{+path}', 'compare_url': 'https://api.github.com/repos/microsoftgraph/msgraph-sdk-java-core/compare/{base}...{head}', 'merges_url': 'https://api.github.com/repos/microsoftgraph/msgraph-sdk-java-core/merges', 'archive_url': 'https://api.github.com/repos/microsoftgraph/msgraph-sdk-java-core/{archive_format}{/ref}', 'downloads_url': 'https://api.github.com/repos/microsoftgraph/msgraph-sdk-java-core/downloads', 'issues_url': 'https://api.github.com/repos/microsoftgraph/msgraph-sdk-java-core/issues{/number}', 'pulls_url': 'https://api.github.com/repos/microsoftgraph/msgraph-sdk-java-core/pulls{/number}', 'milestones_url': 'https://api.github.com/repos/microsoftgraph/msgraph-sdk-java-core/milestones{/number}', 'notifications_url': 'https://api.github.com/repos/microsoftgraph/msgraph-sdk-java-core/notifications{?since,all,participating}', 'labels_url': 'https://api.github.com/repos/microsoftgraph/msgraph-sdk-java-core/labels{/name}', 'releases_url': 'https://api.github.com/repos/microsoftgraph/msgraph-sdk-java-core/releases{/id}', 'deployments_url': 'https://api.github.com/repos/microsoftgraph/msgraph-sdk-java-core/deployments', 'created_at': '2018-10-25T03:53:47Z', 'updated_at': '2022-04-22T09:16:17Z', 'pushed_at': '2022-04-22T16:00:55Z', 'git_url': 'git://github.com/microsoftgraph/msgraph-sdk-java-core.git', 'ssh_url': 'git@github.com:microsoftgraph/msgraph-sdk-java-core.git', 'clone_url': 'https://github.com/microsoftgraph/msgraph-sdk-java-core.git', 'svn_url': 'https://github.com/microsoftgraph/msgraph-sdk-java-core', 'homepage': 'https://docs.microsoft.com/en-us/graph/sdks/sdks-overview', 'size': 1625, 'stargazers_count': 24, 'watchers_count': 24, 'language': 'Java', 'has_issues': True, 'has_projects': True, 'has_downloads': True, 'has_wiki': False, 'has_pages': False, 'forks_count': 22, 'mirror_url': None, 'archived': False, 'disabled': False, 'open_issues_count': 21, 'license': {'key': 'mit', 'name': 'MIT License', 'spdx_id': 'MIT', 'url': 'https://api.github.com/licenses/mit', 'node_id': 'MDc6TGljZW5zZTEz'}, 'allow_forking': True, 'is_template': False, 'topics': ['hacktoberfest', 'java', 'microsoft-graph', 'sdk'], 'visibility': 'public', 'forks': 22, 'open_issues': 21, 'watchers': 24, 'default_branch': 'dev'}}, '_links': {'self': {'href': 'https://api.github.com/repos/microsoftgraph/msgraph-sdk-java-core/pulls/492'}, 'html': {'href': 'https://github.com/microsoftgraph/msgraph-sdk-java-core/pull/492'}, 'issue': {'href': 'https://api.github.com/repos/microsoftgraph/msgraph-sdk-java-core/issues/492'}, 'comments': {'href': 'https://api.github.com/repos/microsoftgraph/msgraph-sdk-java-core/issues/492/comments'}, 'review_comments': {'href': 'https://api.github.com/repos/microsoftgraph/msgraph-sdk-java-core/pulls/492/comments'}, 'review_comment': {'href': 'https://api.github.com/repos/microsoftgraph/msgraph-sdk-java-core/pulls/comments{/number}'}, 'commits': {'href': 'https://api.github.com/repos/microsoftgraph/msgraph-sdk-java-core/pulls/492/commits'}, 'statuses': {'href': 'https://api.github.com/repos/microsoftgraph/msgraph-sdk-java-core/statuses/0f041f279c86b973cb987a1e5000f82c8e17ff75'}}, 'author_association': 'CONTRIBUTOR', 'auto_merge': None, 'active_lock_reason': None}}",created,Java
21421500653,PullRequestReviewEvent,microsoftgraph/msgraph-sdk-java-core,0.0,2022-04-22T16:09:21Z,"{'action': 'created', 'review': {'id': 950306125, 'node_id': 'PRR_kwDOCTce4M44pIVN', 'user': {'login': 'ramsessanchez', 'id': 63934382, 'node_id': 'MDQ6VXNlcjYzOTM0Mzgy', 'avatar_url': 'https://avatars.githubusercontent.com/u/63934382?v=4', 'gravatar_id': '', 'url': 'https://api.github.com/users/ramsessanchez', 'html_url': 'https://github.com/ramsessanchez', 'followers_url': 'https://api.github.com/users/ramsessanchez/followers', 'following_url': 'https://api.github.com/users/ramsessanchez/following{/other_user}', 'gists_url': 'https://api.github.com/users/ramsessanchez/gists{/gist_id}', 'starred_url': 'https://api.github.com/users/ramsessanchez/starred{/owner}{/repo}', 'subscriptions_url': 'https://api.github.com/users/ramsessanchez/subscriptions', 'organizations_url': 'https://api.github.com/users/ramsessanchez/orgs', 'repos_url': 'https://api.github.com/users/ramsessanchez/repos', 'events_url': 'https://api.github.com/users/ramsessanchez/events{/privacy}', 'received_events_url': 'https://api.github.com/users/ramsessanchez/received_events', 'type': 'User', 'site_admin': False}, 'body': '', 'commit_id': '6ce68935b30960e6e842b0476840e6f52ccf7481', 'submitted_at': '2022-04-22T16:09:20Z', 'state': 'approved', 'html_url': 'https://github.com/microsoftgraph/msgraph-sdk-java-core/pull/493#pullrequestreview-950306125', 'pull_request_url': 'https://api.github.com/repos/microsoftgraph/msgraph-sdk-java-core/pulls/493', 'author_association': 'CONTRIBUTOR', '_links': {'html': {'href': 'https://github.com/microsoftgraph/msgraph-sdk-java-core/pull/493#pullrequestreview-950306125'}, 'pull_request': {'href': 'https://api.github.com/repos/microsoftgraph/msgraph-sdk-java-core/pulls/493'}}}, 'pull_request': {'url': 'https://api.github.com/repos/microsoftgraph/msgraph-sdk-java-core/pulls/493', 'id': 916149997, 'node_id': 'PR_kwDOCTce4M42m1bt', 'html_url': 'https://github.com/microsoftgraph/msgraph-sdk-java-core/pull/493', 'diff_url': 'https://github.com/microsoftgraph/msgraph-sdk-java-core/pull/493.diff', 'patch_url': 'https://github.com/microsoftgraph/msgraph-sdk-java-core/pull/493.patch', 'issue_url': 'https://api.github.com/repos/microsoftgraph/msgraph-sdk-java-core/issues/493', 'number': 493, 'state': 'open', 'locked': False, 'title': 'Bump mockito-inline from 4.5.0 to 4.5.1', 'user': {'login': 'dependabot[bot]', 'id': 49699333, 'node_id': 'MDM6Qm90NDk2OTkzMzM=', 'avatar_url': 'https://avatars.githubusercontent.com/in/29110?v=4', 'gravatar_id': '', 'url': 'https://api.github.com/users/dependabot%5Bbot%5D', 'html_url': 'https://github.com/apps/dependabot', 'followers_url': 'https://api.github.com/users/dependabot%5Bbot%5D/followers', 'following_url': 'https://api.github.com/users/dependabot%5Bbot%5D/following{/other_user}', 'gists_url': 'https://api.github.com/users/dependabot%5Bbot%5D/gists{/gist_id}', 'starred_url': 'https://api.github.com/users/dependabot%5Bbot%5D/starred{/owner}{/repo}', 'subscriptions_url': 'https://api.github.com/users/dependabot%5Bbot%5D/subscriptions', 'organizations_url': 'https://api.github.com/users/dependabot%5Bbot%5D/orgs', 'repos_url': 'https://api.github.com/users/dependabot%5Bbot%5D/repos', 'events_url': 'https://api.github.com/users/dependabot%5Bbot%5D/events{/privacy}', 'received_events_url': 'https://api.github.com/users/dependabot%5Bbot%5D/received_events', 'type': 'Bot', 'site_admin': False}, 'body': 'Bumps [mockito-inline](https://github.com/mockito/mockito) from 4.5.0 to 4.5.1.\n<details>\n<summary>Release notes</summary>\n<p><em>Sourced from <a href=""https://github.com/mockito/mockito/releases"">mockito-inline\'s releases</a>.</em></p>\n<blockquote>\n<h2>v4.5.1</h2>\n<p><!-- raw HTML omitted --><!-- raw HTML omitted --><em>Changelog generated by <a href=""https://github.com/shipkit/shipkit-changelog"">Shipkit Changelog Gradle Plugin</a></em><!-- raw HTML omitted --><!-- raw HTML omitted --></p>\n<h4>4.5.1</h4>\n<ul>\n<li>2022-04-21 - <a href=""https://github.com/mockito/mockito/compare/v4.5.0...v4.5.1"">2 commit(s)</a> by Jeremy Landis, dependabot[bot]</li>\n<li>Fixes <a href=""https://github-redirect.dependabot.com/mockito/mockito/issues/2623"">#2623</a>: Use zulu distribution and java 11 for release GHA job [(<a href=""https://github-redirect.dependabot.com/mockito/mockito/issues/2624"">#2624</a>)](<a href=""https://github-redirect.dependabot.com/mockito/mockito/pull/2624"">mockito/mockito#2624</a>)</li>\n<li>Missing errorprone module for 4.5.0 in central as release was done with jdk 8 [(<a href=""https://github-redirect.dependabot.com/mockito/mockito/issues/2623"">#2623</a>)](<a href=""https://github-redirect.dependabot.com/mockito/mockito/issues/2623"">mockito/mockito#2623</a>)</li>\n<li>Bump kotlinVersion from 1.6.20 to 1.6.21 [(<a href=""https://github-redirect.dependabot.com/mockito/mockito/issues/2622"">#2622</a>)](<a href=""https://github-redirect.dependabot.com/mockito/mockito/pull/2622"">mockito/mockito#2622</a>)</li>\n</ul>\n</blockquote>\n</details>\n<details>\n<summary>Commits</summary>\n<ul>\n<li><a href=""https://github.com/mockito/mockito/commit/737f0a3517256af6ade37fd0e776a2bb230de553""><code>737f0a3</code></a> Fixes <a href=""https://github-redirect.dependabot.com/mockito/mockito/issues/2623"">#2623</a>: Use zulu distribution and java 11 for release GHA job (<a href=""https://github-redirect.dependabot.com/mockito/mockito/issues/2624"">#2624</a>)</li>\n<li><a href=""https://github.com/mockito/mockito/commit/f48d794ad14982a134fd14dd2aef03477b699dc6""><code>f48d794</code></a> Bump kotlinVersion from 1.6.20 to 1.6.21 (<a href=""https://github-redirect.dependabot.com/mockito/mockito/issues/2622"">#2622</a>)</li>\n<li>See full diff in <a href=""https://github.com/mockito/mockito/compare/v4.5.0...v4.5.1"">compare view</a></li>\n</ul>\n</details>\n<br />\n\n\n[![Dependabot compatibility score](https://dependabot-badges.githubapp.com/badges/compatibility_score?dependency-name=org.mockito:mockito-inline&package-manager=maven&previous-version=4.5.0&new-version=4.5.1)](https://docs.github.com/en/github/managing-security-vulnerabilities/about-dependabot-security-updates#about-compatibility-scores)\n\nDependabot will resolve any conflicts with this PR as long as you don\'t alter it yourself. You can also trigger a rebase manually by commenting `@dependabot rebase`.\n\n[//]: # (dependabot-automerge-start)\n[//]: # (dependabot-automerge-end)\n\n---\n\n<details>\n<summary>Dependabot commands and options</summary>\n<br />\n\nYou can trigger Dependabot actions by commenting on this PR:\n- `@dependabot rebase` will rebase this PR\n- `@dependabot recreate` will recreate this PR, overwriting any edits that have been made to it\n- `@dependabot merge` will merge this PR after your CI passes on it\n- `@dependabot squash and merge` will squash and merge this PR after your CI passes on it\n- `@dependabot cancel merge` will cancel a previously requested merge and block automerging\n- `@dependabot reopen` will reopen this PR if it is closed\n- `@dependabot close` will close this PR and stop Dependabot recreating it. You can achieve the same result by closing it manually\n- `@dependabot ignore this major version` will close this PR and stop Dependabot creating any more for this major version (unless you reopen the PR or upgrade to it yourself)\n- `@dependabot ignore this minor version` will close this PR and stop Dependabot creating any more for this minor version (unless you reopen the PR or upgrade to it yourself)\n- `@dependabot ignore this dependency` will close this PR and stop Dependabot creating any more for this dependency (unless you reopen the PR or upgrade to it yourself)\n\n\n</details>', 'created_at': '2022-04-22T08:11:18Z', 'updated_at': '2022-04-22T16:09:20Z', 'closed_at': None, 'merged_at': None, 'merge_commit_sha': 'f58bde972d6b7ec33f462b05ebac37b0797b7add', 'assignee': None, 'assignees': [], 'requested_reviewers': [{'login': 'zengin', 'id': 803311, 'node_id': 'MDQ6VXNlcjgwMzMxMQ==', 'avatar_url': 'https://avatars.githubusercontent.com/u/803311?v=4', 'gravatar_id': '', 'url': 'https://api.github.com/users/zengin', 'html_url': 'https://github.com/zengin', 'followers_url': 'https://api.github.com/users/zengin/followers', 'following_url': 'https://api.github.com/users/zengin/following{/other_user}', 'gists_url': 'https://api.github.com/users/zengin/gists{/gist_id}', 'starred_url': 'https://api.github.com/users/zengin/starred{/owner}{/repo}', 'subscriptions_url': 'https://api.github.com/users/zengin/subscriptions', 'organizations_url': 'https://api.github.com/users/zengin/orgs', 'repos_url': 'https://api.github.com/users/zengin/repos', 'events_url': 'https://api.github.com/users/zengin/events{/privacy}', 'received_events_url': 'https://api.github.com/users/zengin/received_events', 'type': 'User', 'site_admin': False}, {'login': 'baywet', 'id': 7905502, 'node_id': 'MDQ6VXNlcjc5MDU1MDI=', 'avatar_url': 'https://avatars.githubusercontent.com/u/7905502?v=4', 'gravatar_id': '', 'url': 'https://api.github.com/users/baywet', 'html_url': 'https://github.com/baywet', 'followers_url': 'https://api.github.com/users/baywet/followers', 'following_url': 'https://api.github.com/users/baywet/following{/other_user}', 'gists_url': 'https://api.github.com/users/baywet/gists{/gist_id}', 'starred_url': 'https://api.github.com/users/baywet/starred{/owner}{/repo}', 'subscriptions_url': 'https://api.github.com/users/baywet/subscriptions', 'organizations_url': 'https://api.github.com/users/baywet/orgs', 'repos_url': 'https://api.github.com/users/baywet/repos', 'events_url': 'https://api.github.com/users/baywet/events{/privacy}', 'received_events_url': 'https://api.github.com/users/baywet/received_events', 'type': 'User', 'site_admin': False}, {'login': 'MIchaelMainer', 'id': 8527305, 'node_id': 'MDQ6VXNlcjg1MjczMDU=', 'avatar_url': 'https://avatars.githubusercontent.com/u/8527305?v=4', 'gravatar_id': '', 'url': 'https://api.github.com/users/MIchaelMainer', 'html_url': 'https://github.com/MIchaelMainer', 'followers_url': 'https://api.github.com/users/MIchaelMainer/followers', 'following_url': 'https://api.github.com/users/MIchaelMainer/following{/other_user}', 'gists_url': 'https://api.github.com/users/MIchaelMainer/gists{/gist_id}', 'starred_url': 'https://api.github.com/users/MIchaelMainer/starred{/owner}{/repo}', 'subscriptions_url': 'https://api.github.com/users/MIchaelMainer/subscriptions', 'organizations_url': 'https://api.github.com/users/MIchaelMainer/orgs', 'repos_url': 'https://api.github.com/users/MIchaelMainer/repos', 'events_url': 'https://api.github.com/users/MIchaelMainer/events{/privacy}', 'received_events_url': 'https://api.github.com/users/MIchaelMainer/received_events', 'type': 'User', 'site_admin': False}, {'login': 'ddyett', 'id': 20829981, 'node_id': 'MDQ6VXNlcjIwODI5OTgx', 'avatar_url': 'https://avatars.githubusercontent.com/u/20829981?v=4', 'gravatar_id': '', 'url': 'https://api.github.com/users/ddyett', 'html_url': 'https://github.com/ddyett', 'followers_url': 'https://api.github.com/users/ddyett/followers', 'following_url': 'https://api.github.com/users/ddyett/following{/other_user}', 'gists_url': 'https://api.github.com/users/ddyett/gists{/gist_id}', 'starred_url': 'https://api.github.com/users/ddyett/starred{/owner}{/repo}', 'subscriptions_url': 'https://api.github.com/users/ddyett/subscriptions', 'organizations_url': 'https://api.github.com/users/ddyett/orgs', 'repos_url': 'https://api.github.com/users/ddyett/repos', 'events_url': 'https://api.github.com/users/ddyett/events{/privacy}', 'received_events_url': 'https://api.github.com/users/ddyett/received_events', 'type': 'User', 'site_admin': False}, {'login': 'nikithauc', 'id': 23219007, 'node_id': 'MDQ6VXNlcjIzMjE5MDA3', 'avatar_url': 'https://avatars.githubusercontent.com/u/23219007?v=4', 'gravatar_id': '', 'url': 'https://api.github.com/users/nikithauc', 'html_url': 'https://github.com/nikithauc', 'followers_url': 'https://api.github.com/users/nikithauc/followers', 'following_url': 'https://api.github.com/users/nikithauc/following{/other_user}', 'gists_url': 'https://api.github.com/users/nikithauc/gists{/gist_id}', 'starred_url': 'https://api.github.com/users/nikithauc/starred{/owner}{/repo}', 'subscriptions_url': 'https://api.github.com/users/nikithauc/subscriptions', 'organizations_url': 'https://api.github.com/users/nikithauc/orgs', 'repos_url': 'https://api.github.com/users/nikithauc/repos', 'events_url': 'https://api.github.com/users/nikithauc/events{/privacy}', 'received_events_url': 'https://api.github.com/users/nikithauc/received_events', 'type': 'User', 'site_admin': False}], 'requested_teams': [], 'labels': [{'id': 2289202878, 'node_id': 'MDU6TGFiZWwyMjg5MjAyODc4', 'url': 'https://api.github.com/repos/microsoftgraph/msgraph-sdk-java-core/labels/dependencies', 'name': 'dependencies', 'color': '0366d6', 'default': False, 'description': 'Pull requests that update a dependency file'}, {'id': 2289202921, 'node_id': 'MDU6TGFiZWwyMjg5MjAyOTIx', 'url': 'https://api.github.com/repos/microsoftgraph/msgraph-sdk-java-core/labels/java', 'name': 'java', 'color': 'ffa221', 'default': False, 'description': 'Pull requests that update Java code'}], 'milestone': None, 'draft': False, 'commits_url': 'https://api.github.com/repos/microsoftgraph/msgraph-sdk-java-core/pulls/493/commits', 'review_comments_url': 'https://api.github.com/repos/microsoftgraph/msgraph-sdk-java-core/pulls/493/comments', 'review_comment_url': 'https://api.github.com/repos/microsoftgraph/msgraph-sdk-java-core/pulls/comments{/number}', 'comments_url': 'https://api.github.com/repos/microsoftgraph/msgraph-sdk-java-core/issues/493/comments', 'statuses_url': 'https://api.github.com/repos/microsoftgraph/msgraph-sdk-java-core/statuses/6ce68935b30960e6e842b0476840e6f52ccf7481', 'head': {'label': 'microsoftgraph:dependabot/maven/org.mockito-mockito-inline-4.5.1', 'ref': 'dependabot/maven/org.mockito-mockito-inline-4.5.1', 'sha': '6ce68935b30960e6e842b0476840e6f52ccf7481', 'user': {'login': 'microsoftgraph', 'id': 17304259, 'node_id': 'MDEyOk9yZ2FuaXphdGlvbjE3MzA0MjU5', 'avatar_url': 'https://avatars.githubusercontent.com/u/17304259?v=4', 'gravatar_id': '', 'url': 'https://api.github.com/users/microsoftgraph', 'html_url': 'https://github.com/microsoftgraph', 'followers_url': 'https://api.github.com/users/microsoftgraph/followers', 'following_url': 'https://api.github.com/users/microsoftgraph/following{/other_user}', 'gists_url': 'https://api.github.com/users/microsoftgraph/gists{/gist_id}', 'starred_url': 'https://api.github.com/users/microsoftgraph/starred{/owner}{/repo}', 'subscriptions_url': 'https://api.github.com/users/microsoftgraph/subscriptions', 'organizations_url': 'https://api.github.com/users/microsoftgraph/orgs', 'repos_url': 'https://api.github.com/users/microsoftgraph/repos', 'events_url': 'https://api.github.com/users/microsoftgraph/events{/privacy}', 'received_events_url': 'https://api.github.com/users/microsoftgraph/received_events', 'type': 'Organization', 'site_admin': False}, 'repo': {'id': 154607328, 'node_id': 'MDEwOlJlcG9zaXRvcnkxNTQ2MDczMjg=', 'name': 'msgraph-sdk-java-core', 'full_name': 'microsoftgraph/msgraph-sdk-java-core', 'private': False, 'owner': {'login': 'microsoftgraph', 'id': 17304259, 'node_id': 'MDEyOk9yZ2FuaXphdGlvbjE3MzA0MjU5', 'avatar_url': 'https://avatars.githubusercontent.com/u/17304259?v=4', 'gravatar_id': '', 'url': 'https://api.github.com/users/microsoftgraph', 'html_url': 'https://github.com/microsoftgraph', 'followers_url': 'https://api.github.com/users/microsoftgraph/followers', 'following_url': 'https://api.github.com/users/microsoftgraph/following{/other_user}', 'gists_url': 'https://api.github.com/users/microsoftgraph/gists{/gist_id}', 'starred_url': 'https://api.github.com/users/microsoftgraph/starred{/owner}{/repo}', 'subscriptions_url': 'https://api.github.com/users/microsoftgraph/subscriptions', 'organizations_url': 'https://api.github.com/users/microsoftgraph/orgs', 'repos_url': 'https://api.github.com/users/microsoftgraph/repos', 'events_url': 'https://api.github.com/users/microsoftgraph/events{/privacy}', 'received_events_url': 'https://api.github.com/users/microsoftgraph/received_events', 'type': 'Organization', 'site_admin': False}, 'html_url': 'https://github.com/microsoftgraph/msgraph-sdk-java-core', 'description': 'Microsoft Graph SDK for Java - Core Library', 'fork': False, 'url': 'https://api.github.com/repos/microsoftgraph/msgraph-sdk-java-core', 'forks_url': 'https://api.github.com/repos/microsoftgraph/msgraph-sdk-java-core/forks', 'keys_url': 'https://api.github.com/repos/microsoftgraph/msgraph-sdk-java-core/keys{/key_id}', 'collaborators_url': 'https://api.github.com/repos/microsoftgraph/msgraph-sdk-java-core/collaborators{/collaborator}', 'teams_url': 'https://api.github.com/repos/microsoftgraph/msgraph-sdk-java-core/teams', 'hooks_url': 'https://api.github.com/repos/microsoftgraph/msgraph-sdk-java-core/hooks', 'issue_events_url': 'https://api.github.com/repos/microsoftgraph/msgraph-sdk-java-core/issues/events{/number}', 'events_url': 'https://api.github.com/repos/microsoftgraph/msgraph-sdk-java-core/events', 'assignees_url': 'https://api.github.com/repos/microsoftgraph/msgraph-sdk-java-core/assignees{/user}', 'branches_url': 'https://api.github.com/repos/microsoftgraph/msgraph-sdk-java-core/branches{/branch}', 'tags_url': 'https://api.github.com/repos/microsoftgraph/msgraph-sdk-java-core/tags', 'blobs_url': 'https://api.github.com/repos/microsoftgraph/msgraph-sdk-java-core/git/blobs{/sha}', 'git_tags_url': 'https://api.github.com/repos/microsoftgraph/msgraph-sdk-java-core/git/tags{/sha}', 'git_refs_url': 'https://api.github.com/repos/microsoftgraph/msgraph-sdk-java-core/git/refs{/sha}', 'trees_url': 'https://api.github.com/repos/microsoftgraph/msgraph-sdk-java-core/git/trees{/sha}', 'statuses_url': 'https://api.github.com/repos/microsoftgraph/msgraph-sdk-java-core/statuses/{sha}', 'languages_url': 'https://api.github.com/repos/microsoftgraph/msgraph-sdk-java-core/languages', 'stargazers_url': 'https://api.github.com/repos/microsoftgraph/msgraph-sdk-java-core/stargazers', 'contributors_url': 'https://api.github.com/repos/microsoftgraph/msgraph-sdk-java-core/contributors', 'subscribers_url': 'https://api.github.com/repos/microsoftgraph/msgraph-sdk-java-core/subscribers', 'subscription_url': 'https://api.github.com/repos/microsoftgraph/msgraph-sdk-java-core/subscription', 'commits_url': 'https://api.github.com/repos/microsoftgraph/msgraph-sdk-java-core/commits{/sha}', 'git_commits_url': 'https://api.github.com/repos/microsoftgraph/msgraph-sdk-java-core/git/commits{/sha}', 'comments_url': 'https://api.github.com/repos/microsoftgraph/msgraph-sdk-java-core/comments{/number}', 'issue_comment_url': 'https://api.github.com/repos/microsoftgraph/msgraph-sdk-java-core/issues/comments{/number}', 'contents_url': 'https://api.github.com/repos/microsoftgraph/msgraph-sdk-java-core/contents/{+path}', 'compare_url': 'https://api.github.com/repos/microsoftgraph/msgraph-sdk-java-core/compare/{base}...{head}', 'merges_url': 'https://api.github.com/repos/microsoftgraph/msgraph-sdk-java-core/merges', 'archive_url': 'https://api.github.com/repos/microsoftgraph/msgraph-sdk-java-core/{archive_format}{/ref}', 'downloads_url': 'https://api.github.com/repos/microsoftgraph/msgraph-sdk-java-core/downloads', 'issues_url': 'https://api.github.com/repos/microsoftgraph/msgraph-sdk-java-core/issues{/number}', 'pulls_url': 'https://api.github.com/repos/microsoftgraph/msgraph-sdk-java-core/pulls{/number}', 'milestones_url': 'https://api.github.com/repos/microsoftgraph/msgraph-sdk-java-core/milestones{/number}', 'notifications_url': 'https://api.github.com/repos/microsoftgraph/msgraph-sdk-java-core/notifications{?since,all,participating}', 'labels_url': 'https://api.github.com/repos/microsoftgraph/msgraph-sdk-java-core/labels{/name}', 'releases_url': 'https://api.github.com/repos/microsoftgraph/msgraph-sdk-java-core/releases{/id}', 'deployments_url': 'https://api.github.com/repos/microsoftgraph/msgraph-sdk-java-core/deployments', 'created_at': '2018-10-25T03:53:47Z', 'updated_at': '2022-04-22T09:16:17Z', 'pushed_at': '2022-04-22T16:00:55Z', 'git_url': 'git://github.com/microsoftgraph/msgraph-sdk-java-core.git', 'ssh_url': 'git@github.com:microsoftgraph/msgraph-sdk-java-core.git', 'clone_url': 'https://github.com/microsoftgraph/msgraph-sdk-java-core.git', 'svn_url': 'https://github.com/microsoftgraph/msgraph-sdk-java-core', 'homepage': 'https://docs.microsoft.com/en-us/graph/sdks/sdks-overview', 'size': 1625, 'stargazers_count': 24, 'watchers_count': 24, 'language': 'Java', 'has_issues': True, 'has_projects': True, 'has_downloads': True, 'has_wiki': False, 'has_pages': False, 'forks_count': 22, 'mirror_url': None, 'archived': False, 'disabled': False, 'open_issues_count': 21, 'license': {'key': 'mit', 'name': 'MIT License', 'spdx_id': 'MIT', 'url': 'https://api.github.com/licenses/mit', 'node_id': 'MDc6TGljZW5zZTEz'}, 'allow_forking': True, 'is_template': False, 'topics': ['hacktoberfest', 'java', 'microsoft-graph', 'sdk'], 'visibility': 'public', 'forks': 22, 'open_issues': 21, 'watchers': 24, 'default_branch': 'dev'}}, 'base': {'label': 'microsoftgraph:dev', 'ref': 'dev', 'sha': 'eac6902a38fef5e5eabd3912ef94b41b69020719', 'user': {'login': 'microsoftgraph', 'id': 17304259, 'node_id': 'MDEyOk9yZ2FuaXphdGlvbjE3MzA0MjU5', 'avatar_url': 'https://avatars.githubusercontent.com/u/17304259?v=4', 'gravatar_id': '', 'url': 'https://api.github.com/users/microsoftgraph', 'html_url': 'https://github.com/microsoftgraph', 'followers_url': 'https://api.github.com/users/microsoftgraph/followers', 'following_url': 'https://api.github.com/users/microsoftgraph/following{/other_user}', 'gists_url': 'https://api.github.com/users/microsoftgraph/gists{/gist_id}', 'starred_url': 'https://api.github.com/users/microsoftgraph/starred{/owner}{/repo}', 'subscriptions_url': 'https://api.github.com/users/microsoftgraph/subscriptions', 'organizations_url': 'https://api.github.com/users/microsoftgraph/orgs', 'repos_url': 'https://api.github.com/users/microsoftgraph/repos', 'events_url': 'https://api.github.com/users/microsoftgraph/events{/privacy}', 'received_events_url': 'https://api.github.com/users/microsoftgraph/received_events', 'type': 'Organization', 'site_admin': False}, 'repo': {'id': 154607328, 'node_id': 'MDEwOlJlcG9zaXRvcnkxNTQ2MDczMjg=', 'name': 'msgraph-sdk-java-core', 'full_name': 'microsoftgraph/msgraph-sdk-java-core', 'private': False, 'owner': {'login': 'microsoftgraph', 'id': 17304259, 'node_id': 'MDEyOk9yZ2FuaXphdGlvbjE3MzA0MjU5', 'avatar_url': 'https://avatars.githubusercontent.com/u/17304259?v=4', 'gravatar_id': '', 'url': 'https://api.github.com/users/microsoftgraph', 'html_url': 'https://github.com/microsoftgraph', 'followers_url': 'https://api.github.com/users/microsoftgraph/followers', 'following_url': 'https://api.github.com/users/microsoftgraph/following{/other_user}', 'gists_url': 'https://api.github.com/users/microsoftgraph/gists{/gist_id}', 'starred_url': 'https://api.github.com/users/microsoftgraph/starred{/owner}{/repo}', 'subscriptions_url': 'https://api.github.com/users/microsoftgraph/subscriptions', 'organizations_url': 'https://api.github.com/users/microsoftgraph/orgs', 'repos_url': 'https://api.github.com/users/microsoftgraph/repos', 'events_url': 'https://api.github.com/users/microsoftgraph/events{/privacy}', 'received_events_url': 'https://api.github.com/users/microsoftgraph/received_events', 'type': 'Organization', 'site_admin': False}, 'html_url': 'https://github.com/microsoftgraph/msgraph-sdk-java-core', 'description': 'Microsoft Graph SDK for Java - Core Library', 'fork': False, 'url': 'https://api.github.com/repos/microsoftgraph/msgraph-sdk-java-core', 'forks_url': 'https://api.github.com/repos/microsoftgraph/msgraph-sdk-java-core/forks', 'keys_url': 'https://api.github.com/repos/microsoftgraph/msgraph-sdk-java-core/keys{/key_id}', 'collaborators_url': 'https://api.github.com/repos/microsoftgraph/msgraph-sdk-java-core/collaborators{/collaborator}', 'teams_url': 'https://api.github.com/repos/microsoftgraph/msgraph-sdk-java-core/teams', 'hooks_url': 'https://api.github.com/repos/microsoftgraph/msgraph-sdk-java-core/hooks', 'issue_events_url': 'https://api.github.com/repos/microsoftgraph/msgraph-sdk-java-core/issues/events{/number}', 'events_url': 'https://api.github.com/repos/microsoftgraph/msgraph-sdk-java-core/events', 'assignees_url': 'https://api.github.com/repos/microsoftgraph/msgraph-sdk-java-core/assignees{/user}', 'branches_url': 'https://api.github.com/repos/microsoftgraph/msgraph-sdk-java-core/branches{/branch}', 'tags_url': 'https://api.github.com/repos/microsoftgraph/msgraph-sdk-java-core/tags', 'blobs_url': 'https://api.github.com/repos/microsoftgraph/msgraph-sdk-java-core/git/blobs{/sha}', 'git_tags_url': 'https://api.github.com/repos/microsoftgraph/msgraph-sdk-java-core/git/tags{/sha}', 'git_refs_url': 'https://api.github.com/repos/microsoftgraph/msgraph-sdk-java-core/git/refs{/sha}', 'trees_url': 'https://api.github.com/repos/microsoftgraph/msgraph-sdk-java-core/git/trees{/sha}', 'statuses_url': 'https://api.github.com/repos/microsoftgraph/msgraph-sdk-java-core/statuses/{sha}', 'languages_url': 'https://api.github.com/repos/microsoftgraph/msgraph-sdk-java-core/languages', 'stargazers_url': 'https://api.github.com/repos/microsoftgraph/msgraph-sdk-java-core/stargazers', 'contributors_url': 'https://api.github.com/repos/microsoftgraph/msgraph-sdk-java-core/contributors', 'subscribers_url': 'https://api.github.com/repos/microsoftgraph/msgraph-sdk-java-core/subscribers', 'subscription_url': 'https://api.github.com/repos/microsoftgraph/msgraph-sdk-java-core/subscription', 'commits_url': 'https://api.github.com/repos/microsoftgraph/msgraph-sdk-java-core/commits{/sha}', 'git_commits_url': 'https://api.github.com/repos/microsoftgraph/msgraph-sdk-java-core/git/commits{/sha}', 'comments_url': 'https://api.github.com/repos/microsoftgraph/msgraph-sdk-java-core/comments{/number}', 'issue_comment_url': 'https://api.github.com/repos/microsoftgraph/msgraph-sdk-java-core/issues/comments{/number}', 'contents_url': 'https://api.github.com/repos/microsoftgraph/msgraph-sdk-java-core/contents/{+path}', 'compare_url': 'https://api.github.com/repos/microsoftgraph/msgraph-sdk-java-core/compare/{base}...{head}', 'merges_url': 'https://api.github.com/repos/microsoftgraph/msgraph-sdk-java-core/merges', 'archive_url': 'https://api.github.com/repos/microsoftgraph/msgraph-sdk-java-core/{archive_format}{/ref}', 'downloads_url': 'https://api.github.com/repos/microsoftgraph/msgraph-sdk-java-core/downloads', 'issues_url': 'https://api.github.com/repos/microsoftgraph/msgraph-sdk-java-core/issues{/number}', 'pulls_url': 'https://api.github.com/repos/microsoftgraph/msgraph-sdk-java-core/pulls{/number}', 'milestones_url': 'https://api.github.com/repos/microsoftgraph/msgraph-sdk-java-core/milestones{/number}', 'notifications_url': 'https://api.github.com/repos/microsoftgraph/msgraph-sdk-java-core/notifications{?since,all,participating}', 'labels_url': 'https://api.github.com/repos/microsoftgraph/msgraph-sdk-java-core/labels{/name}', 'releases_url': 'https://api.github.com/repos/microsoftgraph/msgraph-sdk-java-core/releases{/id}', 'deployments_url': 'https://api.github.com/repos/microsoftgraph/msgraph-sdk-java-core/deployments', 'created_at': '2018-10-25T03:53:47Z', 'updated_at': '2022-04-22T09:16:17Z', 'pushed_at': '2022-04-22T16:00:55Z', 'git_url': 'git://github.com/microsoftgraph/msgraph-sdk-java-core.git', 'ssh_url': 'git@github.com:microsoftgraph/msgraph-sdk-java-core.git', 'clone_url': 'https://github.com/microsoftgraph/msgraph-sdk-java-core.git', 'svn_url': 'https://github.com/microsoftgraph/msgraph-sdk-java-core', 'homepage': 'https://docs.microsoft.com/en-us/graph/sdks/sdks-overview', 'size': 1625, 'stargazers_count': 24, 'watchers_count': 24, 'language': 'Java', 'has_issues': True, 'has_projects': True, 'has_downloads': True, 'has_wiki': False, 'has_pages': False, 'forks_count': 22, 'mirror_url': None, 'archived': False, 'disabled': False, 'open_issues_count': 21, 'license': {'key': 'mit', 'name': 'MIT License', 'spdx_id': 'MIT', 'url': 'https://api.github.com/licenses/mit', 'node_id': 'MDc6TGljZW5zZTEz'}, 'allow_forking': True, 'is_template': False, 'topics': ['hacktoberfest', 'java', 'microsoft-graph', 'sdk'], 'visibility': 'public', 'forks': 22, 'open_issues': 21, 'watchers': 24, 'default_branch': 'dev'}}, '_links': {'self': {'href': 'https://api.github.com/repos/microsoftgraph/msgraph-sdk-java-core/pulls/493'}, 'html': {'href': 'https://github.com/microsoftgraph/msgraph-sdk-java-core/pull/493'}, 'issue': {'href': 'https://api.github.com/repos/microsoftgraph/msgraph-sdk-java-core/issues/493'}, 'comments': {'href': 'https://api.github.com/repos/microsoftgraph/msgraph-sdk-java-core/issues/493/comments'}, 'review_comments': {'href': 'https://api.github.com/repos/microsoftgraph/msgraph-sdk-java-core/pulls/493/comments'}, 'review_comment': {'href': 'https://api.github.com/repos/microsoftgraph/msgraph-sdk-java-core/pulls/comments{/number}'}, 'commits': {'href': 'https://api.github.com/repos/microsoftgraph/msgraph-sdk-java-core/pulls/493/commits'}, 'statuses': {'href': 'https://api.github.com/repos/microsoftgraph/msgraph-sdk-java-core/statuses/6ce68935b30960e6e842b0476840e6f52ccf7481'}}, 'author_association': 'CONTRIBUTOR', 'auto_merge': None, 'active_lock_reason': None}}",created,Java
21421365817,PullRequestEvent,microsoftgraph/msgraph-sdk-java-core,0.0,2022-04-22T16:00:55Z,"{'action': 'opened', 'number': 495, 'pull_request': {'url': 'https://api.github.com/repos/microsoftgraph/msgraph-sdk-java-core/pulls/495', 'id': 916599493, 'node_id': 'PR_kwDOCTce4M42ojLF', 'html_url': 'https://github.com/microsoftgraph/msgraph-sdk-java-core/pull/495', 'diff_url': 'https://github.com/microsoftgraph/msgraph-sdk-java-core/pull/495.diff', 'patch_url': 'https://github.com/microsoftgraph/msgraph-sdk-java-core/pull/495.patch', 'issue_url': 'https://api.github.com/repos/microsoftgraph/msgraph-sdk-java-core/issues/495', 'number': 495, 'state': 'open', 'locked': False, 'title': 'Update sonarcloud.yml', 'user': {'login': 'ramsessanchez', 'id': 63934382, 'node_id': 'MDQ6VXNlcjYzOTM0Mzgy', 'avatar_url': 'https://avatars.githubusercontent.com/u/63934382?v=4', 'gravatar_id': '', 'url': 'https://api.github.com/users/ramsessanchez', 'html_url': 'https://github.com/ramsessanchez', 'followers_url': 'https://api.github.com/users/ramsessanchez/followers', 'following_url': 'https://api.github.com/users/ramsessanchez/following{/other_user}', 'gists_url': 'https://api.github.com/users/ramsessanchez/gists{/gist_id}', 'starred_url': 'https://api.github.com/users/ramsessanchez/starred{/owner}{/repo}', 'subscriptions_url': 'https://api.github.com/users/ramsessanchez/subscriptions', 'organizations_url': 'https://api.github.com/users/ramsessanchez/orgs', 'repos_url': 'https://api.github.com/users/ramsessanchez/repos', 'events_url': 'https://api.github.com/users/ramsessanchez/events{/privacy}', 'received_events_url': 'https://api.github.com/users/ramsessanchez/received_events', 'type': 'User', 'site_admin': False}, 'body': ""Fix 'Set up Jdk' job which is failing on pr's\r\n\r\n"", 'created_at': '2022-04-22T16:00:54Z', 'updated_at': '2022-04-22T16:00:54Z', 'closed_at': None, 'merged_at': None, 'merge_commit_sha': None, 'assignee': None, 'assignees': [], 'requested_reviewers': [], 'requested_teams': [], 'labels': [], 'milestone': None, 'draft': False, 'commits_url': 'https://api.github.com/repos/microsoftgraph/msgraph-sdk-java-core/pulls/495/commits', 'review_comments_url': 'https://api.github.com/repos/microsoftgraph/msgraph-sdk-java-core/pulls/495/comments', 'review_comment_url': 'https://api.github.com/repos/microsoftgraph/msgraph-sdk-java-core/pulls/comments{/number}', 'comments_url': 'https://api.github.com/repos/microsoftgraph/msgraph-sdk-java-core/issues/495/comments', 'statuses_url': 'https://api.github.com/repos/microsoftgraph/msgraph-sdk-java-core/statuses/de9f8e4c498825b7e8447dec0d930e503f680e60', 'head': {'label': 'microsoftgraph:ramsessanchez-patch-1', 'ref': 'ramsessanchez-patch-1', 'sha': 'de9f8e4c498825b7e8447dec0d930e503f680e60', 'user': {'login': 'microsoftgraph', 'id': 17304259, 'node_id': 'MDEyOk9yZ2FuaXphdGlvbjE3MzA0MjU5', 'avatar_url': 'https://avatars.githubusercontent.com/u/17304259?v=4', 'gravatar_id': '', 'url': 'https://api.github.com/users/microsoftgraph', 'html_url': 'https://github.com/microsoftgraph', 'followers_url': 'https://api.github.com/users/microsoftgraph/followers', 'following_url': 'https://api.github.com/users/microsoftgraph/following{/other_user}', 'gists_url': 'https://api.github.com/users/microsoftgraph/gists{/gist_id}', 'starred_url': 'https://api.github.com/users/microsoftgraph/starred{/owner}{/repo}', 'subscriptions_url': 'https://api.github.com/users/microsoftgraph/subscriptions', 'organizations_url': 'https://api.github.com/users/microsoftgraph/orgs', 'repos_url': 'https://api.github.com/users/microsoftgraph/repos', 'events_url': 'https://api.github.com/users/microsoftgraph/events{/privacy}', 'received_events_url': 'https://api.github.com/users/microsoftgraph/received_events', 'type': 'Organization', 'site_admin': False}, 'repo': {'id': 154607328, 'node_id': 'MDEwOlJlcG9zaXRvcnkxNTQ2MDczMjg=', 'name': 'msgraph-sdk-java-core', 'full_name': 'microsoftgraph/msgraph-sdk-java-core', 'private': False, 'owner': {'login': 'microsoftgraph', 'id': 17304259, 'node_id': 'MDEyOk9yZ2FuaXphdGlvbjE3MzA0MjU5', 'avatar_url': 'https://avatars.githubusercontent.com/u/17304259?v=4', 'gravatar_id': '', 'url': 'https://api.github.com/users/microsoftgraph', 'html_url': 'https://github.com/microsoftgraph', 'followers_url': 'https://api.github.com/users/microsoftgraph/followers', 'following_url': 'https://api.github.com/users/microsoftgraph/following{/other_user}', 'gists_url': 'https://api.github.com/users/microsoftgraph/gists{/gist_id}', 'starred_url': 'https://api.github.com/users/microsoftgraph/starred{/owner}{/repo}', 'subscriptions_url': 'https://api.github.com/users/microsoftgraph/subscriptions', 'organizations_url': 'https://api.github.com/users/microsoftgraph/orgs', 'repos_url': 'https://api.github.com/users/microsoftgraph/repos', 'events_url': 'https://api.github.com/users/microsoftgraph/events{/privacy}', 'received_events_url': 'https://api.github.com/users/microsoftgraph/received_events', 'type': 'Organization', 'site_admin': False}, 'html_url': 'https://github.com/microsoftgraph/msgraph-sdk-java-core', 'description': 'Microsoft Graph SDK for Java - Core Library', 'fork': False, 'url': 'https://api.github.com/repos/microsoftgraph/msgraph-sdk-java-core', 'forks_url': 'https://api.github.com/repos/microsoftgraph/msgraph-sdk-java-core/forks', 'keys_url': 'https://api.github.com/repos/microsoftgraph/msgraph-sdk-java-core/keys{/key_id}', 'collaborators_url': 'https://api.github.com/repos/microsoftgraph/msgraph-sdk-java-core/collaborators{/collaborator}', 'teams_url': 'https://api.github.com/repos/microsoftgraph/msgraph-sdk-java-core/teams', 'hooks_url': 'https://api.github.com/repos/microsoftgraph/msgraph-sdk-java-core/hooks', 'issue_events_url': 'https://api.github.com/repos/microsoftgraph/msgraph-sdk-java-core/issues/events{/number}', 'events_url': 'https://api.github.com/repos/microsoftgraph/msgraph-sdk-java-core/events', 'assignees_url': 'https://api.github.com/repos/microsoftgraph/msgraph-sdk-java-core/assignees{/user}', 'branches_url': 'https://api.github.com/repos/microsoftgraph/msgraph-sdk-java-core/branches{/branch}', 'tags_url': 'https://api.github.com/repos/microsoftgraph/msgraph-sdk-java-core/tags', 'blobs_url': 'https://api.github.com/repos/microsoftgraph/msgraph-sdk-java-core/git/blobs{/sha}', 'git_tags_url': 'https://api.github.com/repos/microsoftgraph/msgraph-sdk-java-core/git/tags{/sha}', 'git_refs_url': 'https://api.github.com/repos/microsoftgraph/msgraph-sdk-java-core/git/refs{/sha}', 'trees_url': 'https://api.github.com/repos/microsoftgraph/msgraph-sdk-java-core/git/trees{/sha}', 'statuses_url': 'https://api.github.com/repos/microsoftgraph/msgraph-sdk-java-core/statuses/{sha}', 'languages_url': 'https://api.github.com/repos/microsoftgraph/msgraph-sdk-java-core/languages', 'stargazers_url': 'https://api.github.com/repos/microsoftgraph/msgraph-sdk-java-core/stargazers', 'contributors_url': 'https://api.github.com/repos/microsoftgraph/msgraph-sdk-java-core/contributors', 'subscribers_url': 'https://api.github.com/repos/microsoftgraph/msgraph-sdk-java-core/subscribers', 'subscription_url': 'https://api.github.com/repos/microsoftgraph/msgraph-sdk-java-core/subscription', 'commits_url': 'https://api.github.com/repos/microsoftgraph/msgraph-sdk-java-core/commits{/sha}', 'git_commits_url': 'https://api.github.com/repos/microsoftgraph/msgraph-sdk-java-core/git/commits{/sha}', 'comments_url': 'https://api.github.com/repos/microsoftgraph/msgraph-sdk-java-core/comments{/number}', 'issue_comment_url': 'https://api.github.com/repos/microsoftgraph/msgraph-sdk-java-core/issues/comments{/number}', 'contents_url': 'https://api.github.com/repos/microsoftgraph/msgraph-sdk-java-core/contents/{+path}', 'compare_url': 'https://api.github.com/repos/microsoftgraph/msgraph-sdk-java-core/compare/{base}...{head}', 'merges_url': 'https://api.github.com/repos/microsoftgraph/msgraph-sdk-java-core/merges', 'archive_url': 'https://api.github.com/repos/microsoftgraph/msgraph-sdk-java-core/{archive_format}{/ref}', 'downloads_url': 'https://api.github.com/repos/microsoftgraph/msgraph-sdk-java-core/downloads', 'issues_url': 'https://api.github.com/repos/microsoftgraph/msgraph-sdk-java-core/issues{/number}', 'pulls_url': 'https://api.github.com/repos/microsoftgraph/msgraph-sdk-java-core/pulls{/number}', 'milestones_url': 'https://api.github.com/repos/microsoftgraph/msgraph-sdk-java-core/milestones{/number}', 'notifications_url': 'https://api.github.com/repos/microsoftgraph/msgraph-sdk-java-core/notifications{?since,all,participating}', 'labels_url': 'https://api.github.com/repos/microsoftgraph/msgraph-sdk-java-core/labels{/name}', 'releases_url': 'https://api.github.com/repos/microsoftgraph/msgraph-sdk-java-core/releases{/id}', 'deployments_url': 'https://api.github.com/repos/microsoftgraph/msgraph-sdk-java-core/deployments', 'created_at': '2018-10-25T03:53:47Z', 'updated_at': '2022-04-22T09:16:17Z', 'pushed_at': '2022-04-22T16:00:55Z', 'git_url': 'git://github.com/microsoftgraph/msgraph-sdk-java-core.git', 'ssh_url': 'git@github.com:microsoftgraph/msgraph-sdk-java-core.git', 'clone_url': 'https://github.com/microsoftgraph/msgraph-sdk-java-core.git', 'svn_url': 'https://github.com/microsoftgraph/msgraph-sdk-java-core', 'homepage': 'https://docs.microsoft.com/en-us/graph/sdks/sdks-overview', 'size': 1625, 'stargazers_count': 24, 'watchers_count': 24, 'language': 'Java', 'has_issues': True, 'has_projects': True, 'has_downloads': True, 'has_wiki': False, 'has_pages': False, 'forks_count': 22, 'mirror_url': None, 'archived': False, 'disabled': False, 'open_issues_count': 21, 'license': {'key': 'mit', 'name': 'MIT License', 'spdx_id': 'MIT', 'url': 'https://api.github.com/licenses/mit', 'node_id': 'MDc6TGljZW5zZTEz'}, 'allow_forking': True, 'is_template': False, 'topics': ['hacktoberfest', 'java', 'microsoft-graph', 'sdk'], 'visibility': 'public', 'forks': 22, 'open_issues': 21, 'watchers': 24, 'default_branch': 'dev'}}, 'base': {'label': 'microsoftgraph:dev', 'ref': 'dev', 'sha': 'eac6902a38fef5e5eabd3912ef94b41b69020719', 'user': {'login': 'microsoftgraph', 'id': 17304259, 'node_id': 'MDEyOk9yZ2FuaXphdGlvbjE3MzA0MjU5', 'avatar_url': 'https://avatars.githubusercontent.com/u/17304259?v=4', 'gravatar_id': '', 'url': 'https://api.github.com/users/microsoftgraph', 'html_url': 'https://github.com/microsoftgraph', 'followers_url': 'https://api.github.com/users/microsoftgraph/followers', 'following_url': 'https://api.github.com/users/microsoftgraph/following{/other_user}', 'gists_url': 'https://api.github.com/users/microsoftgraph/gists{/gist_id}', 'starred_url': 'https://api.github.com/users/microsoftgraph/starred{/owner}{/repo}', 'subscriptions_url': 'https://api.github.com/users/microsoftgraph/subscriptions', 'organizations_url': 'https://api.github.com/users/microsoftgraph/orgs', 'repos_url': 'https://api.github.com/users/microsoftgraph/repos', 'events_url': 'https://api.github.com/users/microsoftgraph/events{/privacy}', 'received_events_url': 'https://api.github.com/users/microsoftgraph/received_events', 'type': 'Organization', 'site_admin': False}, 'repo': {'id': 154607328, 'node_id': 'MDEwOlJlcG9zaXRvcnkxNTQ2MDczMjg=', 'name': 'msgraph-sdk-java-core', 'full_name': 'microsoftgraph/msgraph-sdk-java-core', 'private': False, 'owner': {'login': 'microsoftgraph', 'id': 17304259, 'node_id': 'MDEyOk9yZ2FuaXphdGlvbjE3MzA0MjU5', 'avatar_url': 'https://avatars.githubusercontent.com/u/17304259?v=4', 'gravatar_id': '', 'url': 'https://api.github.com/users/microsoftgraph', 'html_url': 'https://github.com/microsoftgraph', 'followers_url': 'https://api.github.com/users/microsoftgraph/followers', 'following_url': 'https://api.github.com/users/microsoftgraph/following{/other_user}', 'gists_url': 'https://api.github.com/users/microsoftgraph/gists{/gist_id}', 'starred_url': 'https://api.github.com/users/microsoftgraph/starred{/owner}{/repo}', 'subscriptions_url': 'https://api.github.com/users/microsoftgraph/subscriptions', 'organizations_url': 'https://api.github.com/users/microsoftgraph/orgs', 'repos_url': 'https://api.github.com/users/microsoftgraph/repos', 'events_url': 'https://api.github.com/users/microsoftgraph/events{/privacy}', 'received_events_url': 'https://api.github.com/users/microsoftgraph/received_events', 'type': 'Organization', 'site_admin': False}, 'html_url': 'https://github.com/microsoftgraph/msgraph-sdk-java-core', 'description': 'Microsoft Graph SDK for Java - Core Library', 'fork': False, 'url': 'https://api.github.com/repos/microsoftgraph/msgraph-sdk-java-core', 'forks_url': 'https://api.github.com/repos/microsoftgraph/msgraph-sdk-java-core/forks', 'keys_url': 'https://api.github.com/repos/microsoftgraph/msgraph-sdk-java-core/keys{/key_id}', 'collaborators_url': 'https://api.github.com/repos/microsoftgraph/msgraph-sdk-java-core/collaborators{/collaborator}', 'teams_url': 'https://api.github.com/repos/microsoftgraph/msgraph-sdk-java-core/teams', 'hooks_url': 'https://api.github.com/repos/microsoftgraph/msgraph-sdk-java-core/hooks', 'issue_events_url': 'https://api.github.com/repos/microsoftgraph/msgraph-sdk-java-core/issues/events{/number}', 'events_url': 'https://api.github.com/repos/microsoftgraph/msgraph-sdk-java-core/events', 'assignees_url': 'https://api.github.com/repos/microsoftgraph/msgraph-sdk-java-core/assignees{/user}', 'branches_url': 'https://api.github.com/repos/microsoftgraph/msgraph-sdk-java-core/branches{/branch}', 'tags_url': 'https://api.github.com/repos/microsoftgraph/msgraph-sdk-java-core/tags', 'blobs_url': 'https://api.github.com/repos/microsoftgraph/msgraph-sdk-java-core/git/blobs{/sha}', 'git_tags_url': 'https://api.github.com/repos/microsoftgraph/msgraph-sdk-java-core/git/tags{/sha}', 'git_refs_url': 'https://api.github.com/repos/microsoftgraph/msgraph-sdk-java-core/git/refs{/sha}', 'trees_url': 'https://api.github.com/repos/microsoftgraph/msgraph-sdk-java-core/git/trees{/sha}', 'statuses_url': 'https://api.github.com/repos/microsoftgraph/msgraph-sdk-java-core/statuses/{sha}', 'languages_url': 'https://api.github.com/repos/microsoftgraph/msgraph-sdk-java-core/languages', 'stargazers_url': 'https://api.github.com/repos/microsoftgraph/msgraph-sdk-java-core/stargazers', 'contributors_url': 'https://api.github.com/repos/microsoftgraph/msgraph-sdk-java-core/contributors', 'subscribers_url': 'https://api.github.com/repos/microsoftgraph/msgraph-sdk-java-core/subscribers', 'subscription_url': 'https://api.github.com/repos/microsoftgraph/msgraph-sdk-java-core/subscription', 'commits_url': 'https://api.github.com/repos/microsoftgraph/msgraph-sdk-java-core/commits{/sha}', 'git_commits_url': 'https://api.github.com/repos/microsoftgraph/msgraph-sdk-java-core/git/commits{/sha}', 'comments_url': 'https://api.github.com/repos/microsoftgraph/msgraph-sdk-java-core/comments{/number}', 'issue_comment_url': 'https://api.github.com/repos/microsoftgraph/msgraph-sdk-java-core/issues/comments{/number}', 'contents_url': 'https://api.github.com/repos/microsoftgraph/msgraph-sdk-java-core/contents/{+path}', 'compare_url': 'https://api.github.com/repos/microsoftgraph/msgraph-sdk-java-core/compare/{base}...{head}', 'merges_url': 'https://api.github.com/repos/microsoftgraph/msgraph-sdk-java-core/merges', 'archive_url': 'https://api.github.com/repos/microsoftgraph/msgraph-sdk-java-core/{archive_format}{/ref}', 'downloads_url': 'https://api.github.com/repos/microsoftgraph/msgraph-sdk-java-core/downloads', 'issues_url': 'https://api.github.com/repos/microsoftgraph/msgraph-sdk-java-core/issues{/number}', 'pulls_url': 'https://api.github.com/repos/microsoftgraph/msgraph-sdk-java-core/pulls{/number}', 'milestones_url': 'https://api.github.com/repos/microsoftgraph/msgraph-sdk-java-core/milestones{/number}', 'notifications_url': 'https://api.github.com/repos/microsoftgraph/msgraph-sdk-java-core/notifications{?since,all,participating}', 'labels_url': 'https://api.github.com/repos/microsoftgraph/msgraph-sdk-java-core/labels{/name}', 'releases_url': 'https://api.github.com/repos/microsoftgraph/msgraph-sdk-java-core/releases{/id}', 'deployments_url': 'https://api.github.com/repos/microsoftgraph/msgraph-sdk-java-core/deployments', 'created_at': '2018-10-25T03:53:47Z', 'updated_at': '2022-04-22T09:16:17Z', 'pushed_at': '2022-04-22T16:00:55Z', 'git_url': 'git://github.com/microsoftgraph/msgraph-sdk-java-core.git', 'ssh_url': 'git@github.com:microsoftgraph/msgraph-sdk-java-core.git', 'clone_url': 'https://github.com/microsoftgraph/msgraph-sdk-java-core.git', 'svn_url': 'https://github.com/microsoftgraph/msgraph-sdk-java-core', 'homepage': 'https://docs.microsoft.com/en-us/graph/sdks/sdks-overview', 'size': 1625, 'stargazers_count': 24, 'watchers_count': 24, 'language': 'Java', 'has_issues': True, 'has_projects': True, 'has_downloads': True, 'has_wiki': False, 'has_pages': False, 'forks_count': 22, 'mirror_url': None, 'archived': False, 'disabled': False, 'open_issues_count': 21, 'license': {'key': 'mit', 'name': 'MIT License', 'spdx_id': 'MIT', 'url': 'https://api.github.com/licenses/mit', 'node_id': 'MDc6TGljZW5zZTEz'}, 'allow_forking': True, 'is_template': False, 'topics': ['hacktoberfest', 'java', 'microsoft-graph', 'sdk'], 'visibility': 'public', 'forks': 22, 'open_issues': 21, 'watchers': 24, 'default_branch': 'dev'}}, '_links': {'self': {'href': 'https://api.github.com/repos/microsoftgraph/msgraph-sdk-java-core/pulls/495'}, 'html': {'href': 'https://github.com/microsoftgraph/msgraph-sdk-java-core/pull/495'}, 'issue': {'href': 'https://api.github.com/repos/microsoftgraph/msgraph-sdk-java-core/issues/495'}, 'comments': {'href': 'https://api.github.com/repos/microsoftgraph/msgraph-sdk-java-core/issues/495/comments'}, 'review_comments': {'href': 'https://api.github.com/repos/microsoftgraph/msgraph-sdk-java-core/pulls/495/comments'}, 'review_comment': {'href': 'https://api.github.com/repos/microsoftgraph/msgraph-sdk-java-core/pulls/comments{/number}'}, 'commits': {'href': 'https://api.github.com/repos/microsoftgraph/msgraph-sdk-java-core/pulls/495/commits'}, 'statuses': {'href': 'https://api.github.com/repos/microsoftgraph/msgraph-sdk-java-core/statuses/de9f8e4c498825b7e8447dec0d930e503f680e60'}}, 'author_association': 'CONTRIBUTOR', 'auto_merge': None, 'active_lock_reason': None, 'merged': False, 'mergeable': None, 'rebaseable': None, 'mergeable_state': 'unknown', 'merged_by': None, 'comments': 0, 'review_comments': 0, 'maintainer_can_modify': False, 'commits': 1, 'additions': 5, 'deletions': 3, 'changed_files': 1}}",opened,Java
21421363015,CreateEvent,microsoftgraph/msgraph-sdk-java-core,0.0,2022-04-22T16:00:45Z,"{'ref': 'ramsessanchez-patch-1', 'ref_type': 'branch', 'master_branch': 'dev', 'description': 'Microsoft Graph SDK for Java - Core Library', 'pusher_type': 'user'}",,Java
21421305547,PullRequestReviewEvent,microsoftgraph/msgraph-sdk-java-core,0.0,2022-04-22T15:57:19Z,"{'action': 'created', 'review': {'id': 950293355, 'node_id': 'PRR_kwDOCTce4M44pFNr', 'user': {'login': 'ramsessanchez', 'id': 63934382, 'node_id': 'MDQ6VXNlcjYzOTM0Mzgy', 'avatar_url': 'https://avatars.githubusercontent.com/u/63934382?v=4', 'gravatar_id': '', 'url': 'https://api.github.com/users/ramsessanchez', 'html_url': 'https://github.com/ramsessanchez', 'followers_url': 'https://api.github.com/users/ramsessanchez/followers', 'following_url': 'https://api.github.com/users/ramsessanchez/following{/other_user}', 'gists_url': 'https://api.github.com/users/ramsessanchez/gists{/gist_id}', 'starred_url': 'https://api.github.com/users/ramsessanchez/starred{/owner}{/repo}', 'subscriptions_url': 'https://api.github.com/users/ramsessanchez/subscriptions', 'organizations_url': 'https://api.github.com/users/ramsessanchez/orgs', 'repos_url': 'https://api.github.com/users/ramsessanchez/repos', 'events_url': 'https://api.github.com/users/ramsessanchez/events{/privacy}', 'received_events_url': 'https://api.github.com/users/ramsessanchez/received_events', 'type': 'User', 'site_admin': False}, 'body': '', 'commit_id': '97e5cbe15770bddf58c43a2cb18cdee5da1e5a47', 'submitted_at': '2022-04-22T15:57:18Z', 'state': 'approved', 'html_url': 'https://github.com/microsoftgraph/msgraph-sdk-java-core/pull/494#pullrequestreview-950293355', 'pull_request_url': 'https://api.github.com/repos/microsoftgraph/msgraph-sdk-java-core/pulls/494', 'author_association': 'CONTRIBUTOR', '_links': {'html': {'href': 'https://github.com/microsoftgraph/msgraph-sdk-java-core/pull/494#pullrequestreview-950293355'}, 'pull_request': {'href': 'https://api.github.com/repos/microsoftgraph/msgraph-sdk-java-core/pulls/494'}}}, 'pull_request': {'url': 'https://api.github.com/repos/microsoftgraph/msgraph-sdk-java-core/pulls/494', 'id': 916162423, 'node_id': 'PR_kwDOCTce4M42m4d3', 'html_url': 'https://github.com/microsoftgraph/msgraph-sdk-java-core/pull/494', 'diff_url': 'https://github.com/microsoftgraph/msgraph-sdk-java-core/pull/494.diff', 'patch_url': 'https://github.com/microsoftgraph/msgraph-sdk-java-core/pull/494.patch', 'issue_url': 'https://api.github.com/repos/microsoftgraph/msgraph-sdk-java-core/issues/494', 'number': 494, 'state': 'open', 'locked': False, 'title': 'Bump mockito-inline from 4.5.0 to 4.5.1 in /android', 'user': {'login': 'dependabot[bot]', 'id': 49699333, 'node_id': 'MDM6Qm90NDk2OTkzMzM=', 'avatar_url': 'https://avatars.githubusercontent.com/in/29110?v=4', 'gravatar_id': '', 'url': 'https://api.github.com/users/dependabot%5Bbot%5D', 'html_url': 'https://github.com/apps/dependabot', 'followers_url': 'https://api.github.com/users/dependabot%5Bbot%5D/followers', 'following_url': 'https://api.github.com/users/dependabot%5Bbot%5D/following{/other_user}', 'gists_url': 'https://api.github.com/users/dependabot%5Bbot%5D/gists{/gist_id}', 'starred_url': 'https://api.github.com/users/dependabot%5Bbot%5D/starred{/owner}{/repo}', 'subscriptions_url': 'https://api.github.com/users/dependabot%5Bbot%5D/subscriptions', 'organizations_url': 'https://api.github.com/users/dependabot%5Bbot%5D/orgs', 'repos_url': 'https://api.github.com/users/dependabot%5Bbot%5D/repos', 'events_url': 'https://api.github.com/users/dependabot%5Bbot%5D/events{/privacy}', 'received_events_url': 'https://api.github.com/users/dependabot%5Bbot%5D/received_events', 'type': 'Bot', 'site_admin': False}, 'body': 'Bumps [mockito-inline](https://github.com/mockito/mockito) from 4.5.0 to 4.5.1.\n<details>\n<summary>Release notes</summary>\n<p><em>Sourced from <a href=""https://github.com/mockito/mockito/releases"">mockito-inline\'s releases</a>.</em></p>\n<blockquote>\n<h2>v4.5.1</h2>\n<p><!-- raw HTML omitted --><!-- raw HTML omitted --><em>Changelog generated by <a href=""https://github.com/shipkit/shipkit-changelog"">Shipkit Changelog Gradle Plugin</a></em><!-- raw HTML omitted --><!-- raw HTML omitted --></p>\n<h4>4.5.1</h4>\n<ul>\n<li>2022-04-21 - <a href=""https://github.com/mockito/mockito/compare/v4.5.0...v4.5.1"">2 commit(s)</a> by Jeremy Landis, dependabot[bot]</li>\n<li>Fixes <a href=""https://github-redirect.dependabot.com/mockito/mockito/issues/2623"">#2623</a>: Use zulu distribution and java 11 for release GHA job [(<a href=""https://github-redirect.dependabot.com/mockito/mockito/issues/2624"">#2624</a>)](<a href=""https://github-redirect.dependabot.com/mockito/mockito/pull/2624"">mockito/mockito#2624</a>)</li>\n<li>Missing errorprone module for 4.5.0 in central as release was done with jdk 8 [(<a href=""https://github-redirect.dependabot.com/mockito/mockito/issues/2623"">#2623</a>)](<a href=""https://github-redirect.dependabot.com/mockito/mockito/issues/2623"">mockito/mockito#2623</a>)</li>\n<li>Bump kotlinVersion from 1.6.20 to 1.6.21 [(<a href=""https://github-redirect.dependabot.com/mockito/mockito/issues/2622"">#2622</a>)](<a href=""https://github-redirect.dependabot.com/mockito/mockito/pull/2622"">mockito/mockito#2622</a>)</li>\n</ul>\n</blockquote>\n</details>\n<details>\n<summary>Commits</summary>\n<ul>\n<li><a href=""https://github.com/mockito/mockito/commit/737f0a3517256af6ade37fd0e776a2bb230de553""><code>737f0a3</code></a> Fixes <a href=""https://github-redirect.dependabot.com/mockito/mockito/issues/2623"">#2623</a>: Use zulu distribution and java 11 for release GHA job (<a href=""https://github-redirect.dependabot.com/mockito/mockito/issues/2624"">#2624</a>)</li>\n<li><a href=""https://github.com/mockito/mockito/commit/f48d794ad14982a134fd14dd2aef03477b699dc6""><code>f48d794</code></a> Bump kotlinVersion from 1.6.20 to 1.6.21 (<a href=""https://github-redirect.dependabot.com/mockito/mockito/issues/2622"">#2622</a>)</li>\n<li>See full diff in <a href=""https://github.com/mockito/mockito/compare/v4.5.0...v4.5.1"">compare view</a></li>\n</ul>\n</details>\n<br />\n\n\n[![Dependabot compatibility score](https://dependabot-badges.githubapp.com/badges/compatibility_score?dependency-name=org.mockito:mockito-inline&package-manager=gradle&previous-version=4.5.0&new-version=4.5.1)](https://docs.github.com/en/github/managing-security-vulnerabilities/about-dependabot-security-updates#about-compatibility-scores)\n\nDependabot will resolve any conflicts with this PR as long as you don\'t alter it yourself. You can also trigger a rebase manually by commenting `@dependabot rebase`.\n\n[//]: # (dependabot-automerge-start)\n[//]: # (dependabot-automerge-end)\n\n---\n\n<details>\n<summary>Dependabot commands and options</summary>\n<br />\n\nYou can trigger Dependabot actions by commenting on this PR:\n- `@dependabot rebase` will rebase this PR\n- `@dependabot recreate` will recreate this PR, overwriting any edits that have been made to it\n- `@dependabot merge` will merge this PR after your CI passes on it\n- `@dependabot squash and merge` will squash and merge this PR after your CI passes on it\n- `@dependabot cancel merge` will cancel a previously requested merge and block automerging\n- `@dependabot reopen` will reopen this PR if it is closed\n- `@dependabot close` will close this PR and stop Dependabot recreating it. You can achieve the same result by closing it manually\n- `@dependabot ignore this major version` will close this PR and stop Dependabot creating any more for this major version (unless you reopen the PR or upgrade to it yourself)\n- `@dependabot ignore this minor version` will close this PR and stop Dependabot creating any more for this minor version (unless you reopen the PR or upgrade to it yourself)\n- `@dependabot ignore this dependency` will close this PR and stop Dependabot creating any more for this dependency (unless you reopen the PR or upgrade to it yourself)\n\n\n</details>', 'created_at': '2022-04-22T08:24:59Z', 'updated_at': '2022-04-22T15:57:18Z', 'closed_at': None, 'merged_at': None, 'merge_commit_sha': '1c747ea65102c2965fc4517b348f8bd10b7ac5ac', 'assignee': None, 'assignees': [], 'requested_reviewers': [{'login': 'zengin', 'id': 803311, 'node_id': 'MDQ6VXNlcjgwMzMxMQ==', 'avatar_url': 'https://avatars.githubusercontent.com/u/803311?v=4', 'gravatar_id': '', 'url': 'https://api.github.com/users/zengin', 'html_url': 'https://github.com/zengin', 'followers_url': 'https://api.github.com/users/zengin/followers', 'following_url': 'https://api.github.com/users/zengin/following{/other_user}', 'gists_url': 'https://api.github.com/users/zengin/gists{/gist_id}', 'starred_url': 'https://api.github.com/users/zengin/starred{/owner}{/repo}', 'subscriptions_url': 'https://api.github.com/users/zengin/subscriptions', 'organizations_url': 'https://api.github.com/users/zengin/orgs', 'repos_url': 'https://api.github.com/users/zengin/repos', 'events_url': 'https://api.github.com/users/zengin/events{/privacy}', 'received_events_url': 'https://api.github.com/users/zengin/received_events', 'type': 'User', 'site_admin': False}, {'login': 'baywet', 'id': 7905502, 'node_id': 'MDQ6VXNlcjc5MDU1MDI=', 'avatar_url': 'https://avatars.githubusercontent.com/u/7905502?v=4', 'gravatar_id': '', 'url': 'https://api.github.com/users/baywet', 'html_url': 'https://github.com/baywet', 'followers_url': 'https://api.github.com/users/baywet/followers', 'following_url': 'https://api.github.com/users/baywet/following{/other_user}', 'gists_url': 'https://api.github.com/users/baywet/gists{/gist_id}', 'starred_url': 'https://api.github.com/users/baywet/starred{/owner}{/repo}', 'subscriptions_url': 'https://api.github.com/users/baywet/subscriptions', 'organizations_url': 'https://api.github.com/users/baywet/orgs', 'repos_url': 'https://api.github.com/users/baywet/repos', 'events_url': 'https://api.github.com/users/baywet/events{/privacy}', 'received_events_url': 'https://api.github.com/users/baywet/received_events', 'type': 'User', 'site_admin': False}, {'login': 'MIchaelMainer', 'id': 8527305, 'node_id': 'MDQ6VXNlcjg1MjczMDU=', 'avatar_url': 'https://avatars.githubusercontent.com/u/8527305?v=4', 'gravatar_id': '', 'url': 'https://api.github.com/users/MIchaelMainer', 'html_url': 'https://github.com/MIchaelMainer', 'followers_url': 'https://api.github.com/users/MIchaelMainer/followers', 'following_url': 'https://api.github.com/users/MIchaelMainer/following{/other_user}', 'gists_url': 'https://api.github.com/users/MIchaelMainer/gists{/gist_id}', 'starred_url': 'https://api.github.com/users/MIchaelMainer/starred{/owner}{/repo}', 'subscriptions_url': 'https://api.github.com/users/MIchaelMainer/subscriptions', 'organizations_url': 'https://api.github.com/users/MIchaelMainer/orgs', 'repos_url': 'https://api.github.com/users/MIchaelMainer/repos', 'events_url': 'https://api.github.com/users/MIchaelMainer/events{/privacy}', 'received_events_url': 'https://api.github.com/users/MIchaelMainer/received_events', 'type': 'User', 'site_admin': False}, {'login': 'ddyett', 'id': 20829981, 'node_id': 'MDQ6VXNlcjIwODI5OTgx', 'avatar_url': 'https://avatars.githubusercontent.com/u/20829981?v=4', 'gravatar_id': '', 'url': 'https://api.github.com/users/ddyett', 'html_url': 'https://github.com/ddyett', 'followers_url': 'https://api.github.com/users/ddyett/followers', 'following_url': 'https://api.github.com/users/ddyett/following{/other_user}', 'gists_url': 'https://api.github.com/users/ddyett/gists{/gist_id}', 'starred_url': 'https://api.github.com/users/ddyett/starred{/owner}{/repo}', 'subscriptions_url': 'https://api.github.com/users/ddyett/subscriptions', 'organizations_url': 'https://api.github.com/users/ddyett/orgs', 'repos_url': 'https://api.github.com/users/ddyett/repos', 'events_url': 'https://api.github.com/users/ddyett/events{/privacy}', 'received_events_url': 'https://api.github.com/users/ddyett/received_events', 'type': 'User', 'site_admin': False}, {'login': 'nikithauc', 'id': 23219007, 'node_id': 'MDQ6VXNlcjIzMjE5MDA3', 'avatar_url': 'https://avatars.githubusercontent.com/u/23219007?v=4', 'gravatar_id': '', 'url': 'https://api.github.com/users/nikithauc', 'html_url': 'https://github.com/nikithauc', 'followers_url': 'https://api.github.com/users/nikithauc/followers', 'following_url': 'https://api.github.com/users/nikithauc/following{/other_user}', 'gists_url': 'https://api.github.com/users/nikithauc/gists{/gist_id}', 'starred_url': 'https://api.github.com/users/nikithauc/starred{/owner}{/repo}', 'subscriptions_url': 'https://api.github.com/users/nikithauc/subscriptions', 'organizations_url': 'https://api.github.com/users/nikithauc/orgs', 'repos_url': 'https://api.github.com/users/nikithauc/repos', 'events_url': 'https://api.github.com/users/nikithauc/events{/privacy}', 'received_events_url': 'https://api.github.com/users/nikithauc/received_events', 'type': 'User', 'site_admin': False}], 'requested_teams': [], 'labels': [{'id': 2289202878, 'node_id': 'MDU6TGFiZWwyMjg5MjAyODc4', 'url': 'https://api.github.com/repos/microsoftgraph/msgraph-sdk-java-core/labels/dependencies', 'name': 'dependencies', 'color': '0366d6', 'default': False, 'description': 'Pull requests that update a dependency file'}, {'id': 2289202921, 'node_id': 'MDU6TGFiZWwyMjg5MjAyOTIx', 'url': 'https://api.github.com/repos/microsoftgraph/msgraph-sdk-java-core/labels/java', 'name': 'java', 'color': 'ffa221', 'default': False, 'description': 'Pull requests that update Java code'}], 'milestone': None, 'draft': False, 'commits_url': 'https://api.github.com/repos/microsoftgraph/msgraph-sdk-java-core/pulls/494/commits', 'review_comments_url': 'https://api.github.com/repos/microsoftgraph/msgraph-sdk-java-core/pulls/494/comments', 'review_comment_url': 'https://api.github.com/repos/microsoftgraph/msgraph-sdk-java-core/pulls/comments{/number}', 'comments_url': 'https://api.github.com/repos/microsoftgraph/msgraph-sdk-java-core/issues/494/comments', 'statuses_url': 'https://api.github.com/repos/microsoftgraph/msgraph-sdk-java-core/statuses/97e5cbe15770bddf58c43a2cb18cdee5da1e5a47', 'head': {'label': 'microsoftgraph:dependabot/gradle/android/org.mockito-mockito-inline-4.5.1', 'ref': 'dependabot/gradle/android/org.mockito-mockito-inline-4.5.1', 'sha': '97e5cbe15770bddf58c43a2cb18cdee5da1e5a47', 'user': {'login': 'microsoftgraph', 'id': 17304259, 'node_id': 'MDEyOk9yZ2FuaXphdGlvbjE3MzA0MjU5', 'avatar_url': 'https://avatars.githubusercontent.com/u/17304259?v=4', 'gravatar_id': '', 'url': 'https://api.github.com/users/microsoftgraph', 'html_url': 'https://github.com/microsoftgraph', 'followers_url': 'https://api.github.com/users/microsoftgraph/followers', 'following_url': 'https://api.github.com/users/microsoftgraph/following{/other_user}', 'gists_url': 'https://api.github.com/users/microsoftgraph/gists{/gist_id}', 'starred_url': 'https://api.github.com/users/microsoftgraph/starred{/owner}{/repo}', 'subscriptions_url': 'https://api.github.com/users/microsoftgraph/subscriptions', 'organizations_url': 'https://api.github.com/users/microsoftgraph/orgs', 'repos_url': 'https://api.github.com/users/microsoftgraph/repos', 'events_url': 'https://api.github.com/users/microsoftgraph/events{/privacy}', 'received_events_url': 'https://api.github.com/users/microsoftgraph/received_events', 'type': 'Organization', 'site_admin': False}, 'repo': {'id': 154607328, 'node_id': 'MDEwOlJlcG9zaXRvcnkxNTQ2MDczMjg=', 'name': 'msgraph-sdk-java-core', 'full_name': 'microsoftgraph/msgraph-sdk-java-core', 'private': False, 'owner': {'login': 'microsoftgraph', 'id': 17304259, 'node_id': 'MDEyOk9yZ2FuaXphdGlvbjE3MzA0MjU5', 'avatar_url': 'https://avatars.githubusercontent.com/u/17304259?v=4', 'gravatar_id': '', 'url': 'https://api.github.com/users/microsoftgraph', 'html_url': 'https://github.com/microsoftgraph', 'followers_url': 'https://api.github.com/users/microsoftgraph/followers', 'following_url': 'https://api.github.com/users/microsoftgraph/following{/other_user}', 'gists_url': 'https://api.github.com/users/microsoftgraph/gists{/gist_id}', 'starred_url': 'https://api.github.com/users/microsoftgraph/starred{/owner}{/repo}', 'subscriptions_url': 'https://api.github.com/users/microsoftgraph/subscriptions', 'organizations_url': 'https://api.github.com/users/microsoftgraph/orgs', 'repos_url': 'https://api.github.com/users/microsoftgraph/repos', 'events_url': 'https://api.github.com/users/microsoftgraph/events{/privacy}', 'received_events_url': 'https://api.github.com/users/microsoftgraph/received_events', 'type': 'Organization', 'site_admin': False}, 'html_url': 'https://github.com/microsoftgraph/msgraph-sdk-java-core', 'description': 'Microsoft Graph SDK for Java - Core Library', 'fork': False, 'url': 'https://api.github.com/repos/microsoftgraph/msgraph-sdk-java-core', 'forks_url': 'https://api.github.com/repos/microsoftgraph/msgraph-sdk-java-core/forks', 'keys_url': 'https://api.github.com/repos/microsoftgraph/msgraph-sdk-java-core/keys{/key_id}', 'collaborators_url': 'https://api.github.com/repos/microsoftgraph/msgraph-sdk-java-core/collaborators{/collaborator}', 'teams_url': 'https://api.github.com/repos/microsoftgraph/msgraph-sdk-java-core/teams', 'hooks_url': 'https://api.github.com/repos/microsoftgraph/msgraph-sdk-java-core/hooks', 'issue_events_url': 'https://api.github.com/repos/microsoftgraph/msgraph-sdk-java-core/issues/events{/number}', 'events_url': 'https://api.github.com/repos/microsoftgraph/msgraph-sdk-java-core/events', 'assignees_url': 'https://api.github.com/repos/microsoftgraph/msgraph-sdk-java-core/assignees{/user}', 'branches_url': 'https://api.github.com/repos/microsoftgraph/msgraph-sdk-java-core/branches{/branch}', 'tags_url': 'https://api.github.com/repos/microsoftgraph/msgraph-sdk-java-core/tags', 'blobs_url': 'https://api.github.com/repos/microsoftgraph/msgraph-sdk-java-core/git/blobs{/sha}', 'git_tags_url': 'https://api.github.com/repos/microsoftgraph/msgraph-sdk-java-core/git/tags{/sha}', 'git_refs_url': 'https://api.github.com/repos/microsoftgraph/msgraph-sdk-java-core/git/refs{/sha}', 'trees_url': 'https://api.github.com/repos/microsoftgraph/msgraph-sdk-java-core/git/trees{/sha}', 'statuses_url': 'https://api.github.com/repos/microsoftgraph/msgraph-sdk-java-core/statuses/{sha}', 'languages_url': 'https://api.github.com/repos/microsoftgraph/msgraph-sdk-java-core/languages', 'stargazers_url': 'https://api.github.com/repos/microsoftgraph/msgraph-sdk-java-core/stargazers', 'contributors_url': 'https://api.github.com/repos/microsoftgraph/msgraph-sdk-java-core/contributors', 'subscribers_url': 'https://api.github.com/repos/microsoftgraph/msgraph-sdk-java-core/subscribers', 'subscription_url': 'https://api.github.com/repos/microsoftgraph/msgraph-sdk-java-core/subscription', 'commits_url': 'https://api.github.com/repos/microsoftgraph/msgraph-sdk-java-core/commits{/sha}', 'git_commits_url': 'https://api.github.com/repos/microsoftgraph/msgraph-sdk-java-core/git/commits{/sha}', 'comments_url': 'https://api.github.com/repos/microsoftgraph/msgraph-sdk-java-core/comments{/number}', 'issue_comment_url': 'https://api.github.com/repos/microsoftgraph/msgraph-sdk-java-core/issues/comments{/number}', 'contents_url': 'https://api.github.com/repos/microsoftgraph/msgraph-sdk-java-core/contents/{+path}', 'compare_url': 'https://api.github.com/repos/microsoftgraph/msgraph-sdk-java-core/compare/{base}...{head}', 'merges_url': 'https://api.github.com/repos/microsoftgraph/msgraph-sdk-java-core/merges', 'archive_url': 'https://api.github.com/repos/microsoftgraph/msgraph-sdk-java-core/{archive_format}{/ref}', 'downloads_url': 'https://api.github.com/repos/microsoftgraph/msgraph-sdk-java-core/downloads', 'issues_url': 'https://api.github.com/repos/microsoftgraph/msgraph-sdk-java-core/issues{/number}', 'pulls_url': 'https://api.github.com/repos/microsoftgraph/msgraph-sdk-java-core/pulls{/number}', 'milestones_url': 'https://api.github.com/repos/microsoftgraph/msgraph-sdk-java-core/milestones{/number}', 'notifications_url': 'https://api.github.com/repos/microsoftgraph/msgraph-sdk-java-core/notifications{?since,all,participating}', 'labels_url': 'https://api.github.com/repos/microsoftgraph/msgraph-sdk-java-core/labels{/name}', 'releases_url': 'https://api.github.com/repos/microsoftgraph/msgraph-sdk-java-core/releases{/id}', 'deployments_url': 'https://api.github.com/repos/microsoftgraph/msgraph-sdk-java-core/deployments', 'created_at': '2018-10-25T03:53:47Z', 'updated_at': '2022-04-22T09:16:17Z', 'pushed_at': '2022-04-22T08:24:59Z', 'git_url': 'git://github.com/microsoftgraph/msgraph-sdk-java-core.git', 'ssh_url': 'git@github.com:microsoftgraph/msgraph-sdk-java-core.git', 'clone_url': 'https://github.com/microsoftgraph/msgraph-sdk-java-core.git', 'svn_url': 'https://github.com/microsoftgraph/msgraph-sdk-java-core', 'homepage': 'https://docs.microsoft.com/en-us/graph/sdks/sdks-overview', 'size': 1625, 'stargazers_count': 24, 'watchers_count': 24, 'language': 'Java', 'has_issues': True, 'has_projects': True, 'has_downloads': True, 'has_wiki': False, 'has_pages': False, 'forks_count': 22, 'mirror_url': None, 'archived': False, 'disabled': False, 'open_issues_count': 20, 'license': {'key': 'mit', 'name': 'MIT License', 'spdx_id': 'MIT', 'url': 'https://api.github.com/licenses/mit', 'node_id': 'MDc6TGljZW5zZTEz'}, 'allow_forking': True, 'is_template': False, 'topics': ['hacktoberfest', 'java', 'microsoft-graph', 'sdk'], 'visibility': 'public', 'forks': 22, 'open_issues': 20, 'watchers': 24, 'default_branch': 'dev'}}, 'base': {'label': 'microsoftgraph:dev', 'ref': 'dev', 'sha': 'eac6902a38fef5e5eabd3912ef94b41b69020719', 'user': {'login': 'microsoftgraph', 'id': 17304259, 'node_id': 'MDEyOk9yZ2FuaXphdGlvbjE3MzA0MjU5', 'avatar_url': 'https://avatars.githubusercontent.com/u/17304259?v=4', 'gravatar_id': '', 'url': 'https://api.github.com/users/microsoftgraph', 'html_url': 'https://github.com/microsoftgraph', 'followers_url': 'https://api.github.com/users/microsoftgraph/followers', 'following_url': 'https://api.github.com/users/microsoftgraph/following{/other_user}', 'gists_url': 'https://api.github.com/users/microsoftgraph/gists{/gist_id}', 'starred_url': 'https://api.github.com/users/microsoftgraph/starred{/owner}{/repo}', 'subscriptions_url': 'https://api.github.com/users/microsoftgraph/subscriptions', 'organizations_url': 'https://api.github.com/users/microsoftgraph/orgs', 'repos_url': 'https://api.github.com/users/microsoftgraph/repos', 'events_url': 'https://api.github.com/users/microsoftgraph/events{/privacy}', 'received_events_url': 'https://api.github.com/users/microsoftgraph/received_events', 'type': 'Organization', 'site_admin': False}, 'repo': {'id': 154607328, 'node_id': 'MDEwOlJlcG9zaXRvcnkxNTQ2MDczMjg=', 'name': 'msgraph-sdk-java-core', 'full_name': 'microsoftgraph/msgraph-sdk-java-core', 'private': False, 'owner': {'login': 'microsoftgraph', 'id': 17304259, 'node_id': 'MDEyOk9yZ2FuaXphdGlvbjE3MzA0MjU5', 'avatar_url': 'https://avatars.githubusercontent.com/u/17304259?v=4', 'gravatar_id': '', 'url': 'https://api.github.com/users/microsoftgraph', 'html_url': 'https://github.com/microsoftgraph', 'followers_url': 'https://api.github.com/users/microsoftgraph/followers', 'following_url': 'https://api.github.com/users/microsoftgraph/following{/other_user}', 'gists_url': 'https://api.github.com/users/microsoftgraph/gists{/gist_id}', 'starred_url': 'https://api.github.com/users/microsoftgraph/starred{/owner}{/repo}', 'subscriptions_url': 'https://api.github.com/users/microsoftgraph/subscriptions', 'organizations_url': 'https://api.github.com/users/microsoftgraph/orgs', 'repos_url': 'https://api.github.com/users/microsoftgraph/repos', 'events_url': 'https://api.github.com/users/microsoftgraph/events{/privacy}', 'received_events_url': 'https://api.github.com/users/microsoftgraph/received_events', 'type': 'Organization', 'site_admin': False}, 'html_url': 'https://github.com/microsoftgraph/msgraph-sdk-java-core', 'description': 'Microsoft Graph SDK for Java - Core Library', 'fork': False, 'url': 'https://api.github.com/repos/microsoftgraph/msgraph-sdk-java-core', 'forks_url': 'https://api.github.com/repos/microsoftgraph/msgraph-sdk-java-core/forks', 'keys_url': 'https://api.github.com/repos/microsoftgraph/msgraph-sdk-java-core/keys{/key_id}', 'collaborators_url': 'https://api.github.com/repos/microsoftgraph/msgraph-sdk-java-core/collaborators{/collaborator}', 'teams_url': 'https://api.github.com/repos/microsoftgraph/msgraph-sdk-java-core/teams', 'hooks_url': 'https://api.github.com/repos/microsoftgraph/msgraph-sdk-java-core/hooks', 'issue_events_url': 'https://api.github.com/repos/microsoftgraph/msgraph-sdk-java-core/issues/events{/number}', 'events_url': 'https://api.github.com/repos/microsoftgraph/msgraph-sdk-java-core/events', 'assignees_url': 'https://api.github.com/repos/microsoftgraph/msgraph-sdk-java-core/assignees{/user}', 'branches_url': 'https://api.github.com/repos/microsoftgraph/msgraph-sdk-java-core/branches{/branch}', 'tags_url': 'https://api.github.com/repos/microsoftgraph/msgraph-sdk-java-core/tags', 'blobs_url': 'https://api.github.com/repos/microsoftgraph/msgraph-sdk-java-core/git/blobs{/sha}', 'git_tags_url': 'https://api.github.com/repos/microsoftgraph/msgraph-sdk-java-core/git/tags{/sha}', 'git_refs_url': 'https://api.github.com/repos/microsoftgraph/msgraph-sdk-java-core/git/refs{/sha}', 'trees_url': 'https://api.github.com/repos/microsoftgraph/msgraph-sdk-java-core/git/trees{/sha}', 'statuses_url': 'https://api.github.com/repos/microsoftgraph/msgraph-sdk-java-core/statuses/{sha}', 'languages_url': 'https://api.github.com/repos/microsoftgraph/msgraph-sdk-java-core/languages', 'stargazers_url': 'https://api.github.com/repos/microsoftgraph/msgraph-sdk-java-core/stargazers', 'contributors_url': 'https://api.github.com/repos/microsoftgraph/msgraph-sdk-java-core/contributors', 'subscribers_url': 'https://api.github.com/repos/microsoftgraph/msgraph-sdk-java-core/subscribers', 'subscription_url': 'https://api.github.com/repos/microsoftgraph/msgraph-sdk-java-core/subscription', 'commits_url': 'https://api.github.com/repos/microsoftgraph/msgraph-sdk-java-core/commits{/sha}', 'git_commits_url': 'https://api.github.com/repos/microsoftgraph/msgraph-sdk-java-core/git/commits{/sha}', 'comments_url': 'https://api.github.com/repos/microsoftgraph/msgraph-sdk-java-core/comments{/number}', 'issue_comment_url': 'https://api.github.com/repos/microsoftgraph/msgraph-sdk-java-core/issues/comments{/number}', 'contents_url': 'https://api.github.com/repos/microsoftgraph/msgraph-sdk-java-core/contents/{+path}', 'compare_url': 'https://api.github.com/repos/microsoftgraph/msgraph-sdk-java-core/compare/{base}...{head}', 'merges_url': 'https://api.github.com/repos/microsoftgraph/msgraph-sdk-java-core/merges', 'archive_url': 'https://api.github.com/repos/microsoftgraph/msgraph-sdk-java-core/{archive_format}{/ref}', 'downloads_url': 'https://api.github.com/repos/microsoftgraph/msgraph-sdk-java-core/downloads', 'issues_url': 'https://api.github.com/repos/microsoftgraph/msgraph-sdk-java-core/issues{/number}', 'pulls_url': 'https://api.github.com/repos/microsoftgraph/msgraph-sdk-java-core/pulls{/number}', 'milestones_url': 'https://api.github.com/repos/microsoftgraph/msgraph-sdk-java-core/milestones{/number}', 'notifications_url': 'https://api.github.com/repos/microsoftgraph/msgraph-sdk-java-core/notifications{?since,all,participating}', 'labels_url': 'https://api.github.com/repos/microsoftgraph/msgraph-sdk-java-core/labels{/name}', 'releases_url': 'https://api.github.com/repos/microsoftgraph/msgraph-sdk-java-core/releases{/id}', 'deployments_url': 'https://api.github.com/repos/microsoftgraph/msgraph-sdk-java-core/deployments', 'created_at': '2018-10-25T03:53:47Z', 'updated_at': '2022-04-22T09:16:17Z', 'pushed_at': '2022-04-22T08:24:59Z', 'git_url': 'git://github.com/microsoftgraph/msgraph-sdk-java-core.git', 'ssh_url': 'git@github.com:microsoftgraph/msgraph-sdk-java-core.git', 'clone_url': 'https://github.com/microsoftgraph/msgraph-sdk-java-core.git', 'svn_url': 'https://github.com/microsoftgraph/msgraph-sdk-java-core', 'homepage': 'https://docs.microsoft.com/en-us/graph/sdks/sdks-overview', 'size': 1625, 'stargazers_count': 24, 'watchers_count': 24, 'language': 'Java', 'has_issues': True, 'has_projects': True, 'has_downloads': True, 'has_wiki': False, 'has_pages': False, 'forks_count': 22, 'mirror_url': None, 'archived': False, 'disabled': False, 'open_issues_count': 20, 'license': {'key': 'mit', 'name': 'MIT License', 'spdx_id': 'MIT', 'url': 'https://api.github.com/licenses/mit', 'node_id': 'MDc6TGljZW5zZTEz'}, 'allow_forking': True, 'is_template': False, 'topics': ['hacktoberfest', 'java', 'microsoft-graph', 'sdk'], 'visibility': 'public', 'forks': 22, 'open_issues': 20, 'watchers': 24, 'default_branch': 'dev'}}, '_links': {'self': {'href': 'https://api.github.com/repos/microsoftgraph/msgraph-sdk-java-core/pulls/494'}, 'html': {'href': 'https://github.com/microsoftgraph/msgraph-sdk-java-core/pull/494'}, 'issue': {'href': 'https://api.github.com/repos/microsoftgraph/msgraph-sdk-java-core/issues/494'}, 'comments': {'href': 'https://api.github.com/repos/microsoftgraph/msgraph-sdk-java-core/issues/494/comments'}, 'review_comments': {'href': 'https://api.github.com/repos/microsoftgraph/msgraph-sdk-java-core/pulls/494/comments'}, 'review_comment': {'href': 'https://api.github.com/repos/microsoftgraph/msgraph-sdk-java-core/pulls/comments{/number}'}, 'commits': {'href': 'https://api.github.com/repos/microsoftgraph/msgraph-sdk-java-core/pulls/494/commits'}, 'statuses': {'href': 'https://api.github.com/repos/microsoftgraph/msgraph-sdk-java-core/statuses/97e5cbe15770bddf58c43a2cb18cdee5da1e5a47'}}, 'author_association': 'CONTRIBUTOR', 'auto_merge': None, 'active_lock_reason': None}}",created,Java
21409230877,IssueCommentEvent,microsoftgraph/msgraph-sdk-java,0.0,2022-04-22T02:42:28Z,"{'action': 'created', 'issue': {'url': 'https://api.github.com/repos/microsoftgraph/msgraph-sdk-java/issues/1045', 'repository_url': 'https://api.github.com/repos/microsoftgraph/msgraph-sdk-java', 'labels_url': 'https://api.github.com/repos/microsoftgraph/msgraph-sdk-java/issues/1045/labels{/name}', 'comments_url': 'https://api.github.com/repos/microsoftgraph/msgraph-sdk-java/issues/1045/comments', 'events_url': 'https://api.github.com/repos/microsoftgraph/msgraph-sdk-java/issues/1045/events', 'html_url': 'https://github.com/microsoftgraph/msgraph-sdk-java/issues/1045', 'id': 1201796503, 'node_id': 'I_kwDOBig9Oc5HofWX', 'number': 1045, 'title': 'Getting sockettimedout error when accessing graph API using Proxy', 'user': {'login': 'ponns94', 'id': 39656985, 'node_id': 'MDQ6VXNlcjM5NjU2OTg1', 'avatar_url': 'https://avatars.githubusercontent.com/u/39656985?v=4', 'gravatar_id': '', 'url': 'https://api.github.com/users/ponns94', 'html_url': 'https://github.com/ponns94', 'followers_url': 'https://api.github.com/users/ponns94/followers', 'following_url': 'https://api.github.com/users/ponns94/following{/other_user}', 'gists_url': 'https://api.github.com/users/ponns94/gists{/gist_id}', 'starred_url': 'https://api.github.com/users/ponns94/starred{/owner}{/repo}', 'subscriptions_url': 'https://api.github.com/users/ponns94/subscriptions', 'organizations_url': 'https://api.github.com/users/ponns94/orgs', 'repos_url': 'https://api.github.com/users/ponns94/repos', 'events_url': 'https://api.github.com/users/ponns94/events{/privacy}', 'received_events_url': 'https://api.github.com/users/ponns94/received_events', 'type': 'User', 'site_admin': False}, 'labels': [{'id': 1575412316, 'node_id': 'MDU6TGFiZWwxNTc1NDEyMzE2', 'url': 'https://api.github.com/repos/microsoftgraph/msgraph-sdk-java/labels/Needs:%20Attention%20:wave:', 'name': 'Needs: Attention :wave:', 'color': 'ededed', 'default': False, 'description': None}], 'state': 'open', 'locked': False, 'assignee': {'login': 'ramsessanchez', 'id': 63934382, 'node_id': 'MDQ6VXNlcjYzOTM0Mzgy', 'avatar_url': 'https://avatars.githubusercontent.com/u/63934382?v=4', 'gravatar_id': '', 'url': 'https://api.github.com/users/ramsessanchez', 'html_url': 'https://github.com/ramsessanchez', 'followers_url': 'https://api.github.com/users/ramsessanchez/followers', 'following_url': 'https://api.github.com/users/ramsessanchez/following{/other_user}', 'gists_url': 'https://api.github.com/users/ramsessanchez/gists{/gist_id}', 'starred_url': 'https://api.github.com/users/ramsessanchez/starred{/owner}{/repo}', 'subscriptions_url': 'https://api.github.com/users/ramsessanchez/subscriptions', 'organizations_url': 'https://api.github.com/users/ramsessanchez/orgs', 'repos_url': 'https://api.github.com/users/ramsessanchez/repos', 'events_url': 'https://api.github.com/users/ramsessanchez/events{/privacy}', 'received_events_url': 'https://api.github.com/users/ramsessanchez/received_events', 'type': 'User', 'site_admin': False}, 'assignees': [{'login': 'ramsessanchez', 'id': 63934382, 'node_id': 'MDQ6VXNlcjYzOTM0Mzgy', 'avatar_url': 'https://avatars.githubusercontent.com/u/63934382?v=4', 'gravatar_id': '', 'url': 'https://api.github.com/users/ramsessanchez', 'html_url': 'https://github.com/ramsessanchez', 'followers_url': 'https://api.github.com/users/ramsessanchez/followers', 'following_url': 'https://api.github.com/users/ramsessanchez/following{/other_user}', 'gists_url': 'https://api.github.com/users/ramsessanchez/gists{/gist_id}', 'starred_url': 'https://api.github.com/users/ramsessanchez/starred{/owner}{/repo}', 'subscriptions_url': 'https://api.github.com/users/ramsessanchez/subscriptions', 'organizations_url': 'https://api.github.com/users/ramsessanchez/orgs', 'repos_url': 'https://api.github.com/users/ramsessanchez/repos', 'events_url': 'https://api.github.com/users/ramsessanchez/events{/privacy}', 'received_events_url': 'https://api.github.com/users/ramsessanchez/received_events', 'type': 'User', 'site_admin': False}], 'milestone': None, 'comments': 3, 'created_at': '2022-04-12T12:45:03Z', 'updated_at': '2022-04-22T02:42:28Z', 'closed_at': None, 'author_association': 'NONE', 'active_lock_reason': None, 'body': '<!-- Read me before you submit this issue\r\n\r\nFirst off, thank you for taking the time to open this issue! We do appreciate it. Please bear with us if we don\'t get to this right away.\r\n\r\nIf this is a question about the Microsoft Graph service API, or a question about how to use this SDK, please post your question to StackOverflow with the [microsoftgraph] tag.\r\nhttps://stackoverflow.com/questions/tagged/microsoft-graph\r\n\r\nThis repo is for the Microsoft Graph Java SDK. Issues opened in this repo should only target this SDK.\r\n\r\nBefore you open this issue, did you:\r\n- Search the issues to determine whether someone already opened this issue?\r\n- Search StackOverflow for an answer?\r\n- Capture the repro steps and gather the information requested in the steps below to reproduce your scenario?\r\n- Review the samples under github.com/microsoftgraph? They can help for some scenarios.\r\n- Take a look at the functional tests in this repo? They may have an example for you. See the [functional tests](https://github.com/microsoftgraph/msgraph-sdk-java/tree/master/src/test/java/com/microsoft/graph/functional)\r\n\r\nPlease provide the following before submitting this issue:\r\n- Expected behavior. Please provide **links to the specific [Microsoft Graph documentation](https://developer.microsoft.com/en-us/graph/docs/concepts/overview)** you used to determine the expected behavior. \r\n- Actual behavior. Provide error codes, stack information, and a [Fiddler](http://www.telerik.com/fiddler) capture of the request and response (please remove personally identifiable information before posting).\r\n- Steps to reproduce the behavior. Include your code, IDE versions, client library versions, and any other information that might be helpful to understand your scenario.\r\n-->\r\n\r\nI am using custom authentication provider ( Implemented based on nimbus ) and trying to access graph api using proxy. My code is\r\n\r\nProxy proxy = new Proxy(Proxy.Type.HTTP, new InetSocketAddress(""host"", port));\r\n        final Authenticator proxyAuthenticator = new Authenticator() {\r\n            @Nullable\r\n            @Override\r\n            public Request authenticate(@Nullable Route route, @Nonnull Response response) throws IOException {\r\n                String credentials = Credentials.basic(""username"", ""password"");\r\n                return response.request().newBuilder().header(""Proxy-Authorization"", credentials).build();\r\n            }\r\n        };\r\n\r\n        HttpLoggingInterceptor loggingInterceptor = new HttpLoggingInterceptor(new GraphAPILogger());\r\n        loggingInterceptor.setLevel(HttpLoggingInterceptor.Level.BODY);\r\n\r\n        OkHttpClient httpClient = HttpClients.createDefault(new BaseAuthenticationProvider(){\r\n            @Nonnull\r\n            public CompletableFuture<String> getAuthorizationTokenAsync(@Nonnull final URL requestUrl) {\r\n                if(this.shouldAuthenticateRequestWithUrl(requestUrl)) {\r\n                    return CompletableFuture.completedFuture(GraphUtil.getInstance().getAccessToken());\r\n                } else {\r\n                    return CompletableFuture.completedFuture(null);\r\n                }\r\n            }\r\n        }).newBuilder().proxy(proxy).proxyAuthenticator(proxyAuthenticator).addNetworkInterceptor(loggingInterceptor).addInterceptor(loggingInterceptor).build();\r\n        GraphServiceClient<Request> graphServiceClient = GraphServiceClient.builder().httpClient(httpClient).buildClient();\r\n        User me = graphServiceClient.me().buildRequest().get();\r\n\r\n### Expected behavior\r\n\r\nI should get the user properties\r\n\r\n\r\n### Actual behavior\r\n\r\nINFO: <-- HTTP FAILED: java.net.SocketTimeoutException: timeout\r\nException in thread ""main"" com.microsoft.graph.core.ClientException: Error executing the request\r\n\tat com.microsoft.graph.http.CoreHttpProvider.sendRequestInternal(CoreHttpProvider.java:411)\r\n\tat com.microsoft.graph.http.CoreHttpProvider.send(CoreHttpProvider.java:226)\r\n\tat com.microsoft.graph.http.CoreHttpProvider.send(CoreHttpProvider.java:203)\r\n\tat com.microsoft.graph.http.BaseRequest.send(BaseRequest.java:335)\r\n\tat com.microsoft.graph.requests.UserRequest.get(UserRequest.java:138)\r\n\tat com.manageengine.servicedesk.mail.core.Test.uploadAttachmentInSession(Test.java:139)\r\n\tat com.manageengine.servicedesk.mail.core.Test.main(Test.java:85)\r\nCaused by: java.net.SocketTimeoutException: timeout\r\n\tat okio.SocketAsyncTimeout.newTimeoutException(JvmOkio.kt:143)\r\n\tat okio.AsyncTimeout.access$newTimeoutException(AsyncTimeout.kt:162)\r\n\tat okio.AsyncTimeout$source$1.read(AsyncTimeout.kt:335)\r\n\tat okio.RealBufferedSource.indexOf(RealBufferedSource.kt:427)\r\n\tat okio.RealBufferedSource.readUtf8LineStrict(RealBufferedSource.kt:320)\r\n\tat okhttp3.internal.http1.HeadersReader.readLine(HeadersReader.kt:29)\r\n\tat okhttp3.internal.http1.Http1ExchangeCodec.readResponseHeaders(Http1ExchangeCodec.kt:178)\r\n\tat okhttp3.internal.connection.RealConnection.createTunnel(RealConnection.kt:457)\r\n\tat okhttp3.internal.connection.RealConnection.connectTunnel(RealConnection.kt:262)\r\n\tat okhttp3.internal.connection.RealConnection.connect(RealConnection.kt:201)\r\n\tat okhttp3.internal.connection.ExchangeFinder.findConnection(ExchangeFinder.kt:226)\r\n\tat okhttp3.internal.connection.ExchangeFinder.findHealthyConnection(ExchangeFinder.kt:106)\r\n\tat okhttp3.internal.connection.ExchangeFinder.find(ExchangeFinder.kt:74)\r\n\tat okhttp3.internal.connection.RealCall.initExchange$okhttp(RealCall.kt:255)\r\n\tat okhttp3.internal.connection.ConnectInterceptor.intercept(ConnectInterceptor.kt:32)\r\n\tat okhttp3.internal.http.RealInterceptorChain.proceed(RealInterceptorChain.kt:109)\r\n\tat okhttp3.internal.cache.CacheInterceptor.intercept(CacheInterceptor.kt:95)\r\n\tat okhttp3.internal.http.RealInterceptorChain.proceed(RealInterceptorChain.kt:109)\r\n\tat okhttp3.internal.http.BridgeInterceptor.intercept(BridgeInterceptor.kt:83)\r\n\tat okhttp3.internal.http.RealInterceptorChain.proceed(RealInterceptorChain.kt:109)\r\n\tat okhttp3.internal.http.RetryAndFollowUpInterceptor.intercept(RetryAndFollowUpInterceptor.kt:76)\r\n\tat okhttp3.internal.http.RealInterceptorChain.proceed(RealInterceptorChain.kt:109)\r\n\tat okhttp3.logging.HttpLoggingInterceptor.intercept(HttpLoggingInterceptor.kt:221)\r\n\tat okhttp3.internal.http.RealInterceptorChain.proceed(RealInterceptorChain.kt:109)\r\n\tat com.microsoft.graph.httpcore.RedirectHandler.intercept(RedirectHandler.java:137)\r\n\tat okhttp3.internal.http.RealInterceptorChain.proceed(RealInterceptorChain.kt:109)\r\n\tat com.microsoft.graph.httpcore.RetryHandler.intercept(RetryHandler.java:177)\r\n\tat okhttp3.internal.http.RealInterceptorChain.proceed(RealInterceptorChain.kt:109)\r\n\tat com.microsoft.graph.httpcore.AuthenticationHandler.intercept(AuthenticationHandler.java:59)\r\n\tat okhttp3.internal.http.RealInterceptorChain.proceed(RealInterceptorChain.kt:109)\r\n\tat com.microsoft.graph.httpcore.TelemetryHandler.intercept(TelemetryHandler.java:69)\r\n\tat okhttp3.internal.http.RealInterceptorChain.proceed(RealInterceptorChain.kt:109)\r\n\tat okhttp3.internal.connection.RealCall.getResponseWithInterceptorChain$okhttp(RealCall.kt:201)\r\n\tat okhttp3.internal.connection.RealCall.execute(RealCall.kt:154)\r\n\tat com.microsoft.graph.http.CoreHttpProvider.sendRequestInternal(CoreHttpProvider.java:408)\r\n\t... 6 more\r\nCaused by: java.net.SocketTimeoutException: Read timed out\r\n\tat java.net.SocketInputStream.socketRead0(Native Method)\r\n\tat java.net.SocketInputStream.socketRead(SocketInputStream.java:116)\r\n\tat java.net.SocketInputStream.read(SocketInputStream.java:171)\r\n\tat java.net.SocketInputStream.read(SocketInputStream.java:141)\r\n\tat okio.InputStreamSource.read(JvmOkio.kt:90)\r\n\tat okio.AsyncTimeout$source$1.read(AsyncTimeout.kt:129)\r\n\t... 38 more\r\n\r\n\r\n### Steps to reproduce the behavior\r\n\r\nPlease let me know what am I missing here.\r\n\r\n', 'reactions': {'url': 'https://api.github.com/repos/microsoftgraph/msgraph-sdk-java/issues/1045/reactions', 'total_count': 0, '+1': 0, '-1': 0, 'laugh': 0, 'hooray': 0, 'confused': 0, 'heart': 0, 'rocket': 0, 'eyes': 0}, 'timeline_url': 'https://api.github.com/repos/microsoftgraph/msgraph-sdk-java/issues/1045/timeline', 'performed_via_github_app': None}, 'comment': {'url': 'https://api.github.com/repos/microsoftgraph/msgraph-sdk-java/issues/comments/1105946618', 'html_url': 'https://github.com/microsoftgraph/msgraph-sdk-java/issues/1045#issuecomment-1105946618', 'issue_url': 'https://api.github.com/repos/microsoftgraph/msgraph-sdk-java/issues/1045', 'id': 1105946618, 'node_id': 'IC_kwDOBig9Oc5B62f6', 'user': {'login': 'ramsessanchez', 'id': 63934382, 'node_id': 'MDQ6VXNlcjYzOTM0Mzgy', 'avatar_url': 'https://avatars.githubusercontent.com/u/63934382?v=4', 'gravatar_id': '', 'url': 'https://api.github.com/users/ramsessanchez', 'html_url': 'https://github.com/ramsessanchez', 'followers_url': 'https://api.github.com/users/ramsessanchez/followers', 'following_url': 'https://api.github.com/users/ramsessanchez/following{/other_user}', 'gists_url': 'https://api.github.com/users/ramsessanchez/gists{/gist_id}', 'starred_url': 'https://api.github.com/users/ramsessanchez/starred{/owner}{/repo}', 'subscriptions_url': 'https://api.github.com/users/ramsessanchez/subscriptions', 'organizations_url': 'https://api.github.com/users/ramsessanchez/orgs', 'repos_url': 'https://api.github.com/users/ramsessanchez/repos', 'events_url': 'https://api.github.com/users/ramsessanchez/events{/privacy}', 'received_events_url': 'https://api.github.com/users/ramsessanchez/received_events', 'type': 'User', 'site_admin': False}, 'created_at': '2022-04-22T02:42:28Z', 'updated_at': '2022-04-22T02:42:28Z', 'author_association': 'CONTRIBUTOR', 'body': '@ponns94 Yes, you can remove the azure-core dependency since you are opting to not use azure identity for authentication. \r\nAlso, I suspect there may be an issue in the chaining of several calls being made. Could you try retrieving the token/authenticating prior to creating the client, ie rather than nesting the calls. I suspect there may be an issue with the sequence of the calls since the rest of your code seems to be correctly written based on the documentation: \r\nhttps://docs.microsoft.com/en-us/graph/sdks/customize-client?tabs=java#configuring-the-http-proxy-for-the-client', 'reactions': {'url': 'https://api.github.com/repos/microsoftgraph/msgraph-sdk-java/issues/comments/1105946618/reactions', 'total_count': 0, '+1': 0, '-1': 0, 'laugh': 0, 'hooray': 0, 'confused': 0, 'heart': 0, 'rocket': 0, 'eyes': 0}, 'performed_via_github_app': None}}",created,Java
21409003314,PullRequestEvent,microsoftgraph/msgraph-sdk-java-core,0.0,2022-04-22T02:17:28Z,"{'action': 'opened', 'number': 490, 'pull_request': {'url': 'https://api.github.com/repos/microsoftgraph/msgraph-sdk-java-core/pulls/490', 'id': 915941331, 'node_id': 'PR_kwDOCTce4M42mCfT', 'html_url': 'https://github.com/microsoftgraph/msgraph-sdk-java-core/pull/490', 'diff_url': 'https://github.com/microsoftgraph/msgraph-sdk-java-core/pull/490.diff', 'patch_url': 'https://github.com/microsoftgraph/msgraph-sdk-java-core/pull/490.patch', 'issue_url': 'https://api.github.com/repos/microsoftgraph/msgraph-sdk-java-core/issues/490', 'number': 490, 'state': 'open', 'locked': False, 'title': 'V3/telemetry', 'user': {'login': 'ramsessanchez', 'id': 63934382, 'node_id': 'MDQ6VXNlcjYzOTM0Mzgy', 'avatar_url': 'https://avatars.githubusercontent.com/u/63934382?v=4', 'gravatar_id': '', 'url': 'https://api.github.com/users/ramsessanchez', 'html_url': 'https://github.com/ramsessanchez', 'followers_url': 'https://api.github.com/users/ramsessanchez/followers', 'following_url': 'https://api.github.com/users/ramsessanchez/following{/other_user}', 'gists_url': 'https://api.github.com/users/ramsessanchez/gists{/gist_id}', 'starred_url': 'https://api.github.com/users/ramsessanchez/starred{/owner}{/repo}', 'subscriptions_url': 'https://api.github.com/users/ramsessanchez/subscriptions', 'organizations_url': 'https://api.github.com/users/ramsessanchez/orgs', 'repos_url': 'https://api.github.com/users/ramsessanchez/repos', 'events_url': 'https://api.github.com/users/ramsessanchez/events{/privacy}', 'received_events_url': 'https://api.github.com/users/ramsessanchez/received_events', 'type': 'User', 'site_admin': False}, 'body': 'Preparing Core v3.0.0 to comply with the updated telemetryHandler spec. \r\n', 'created_at': '2022-04-22T02:17:28Z', 'updated_at': '2022-04-22T02:17:28Z', 'closed_at': None, 'merged_at': None, 'merge_commit_sha': None, 'assignee': None, 'assignees': [], 'requested_reviewers': [], 'requested_teams': [], 'labels': [], 'milestone': None, 'draft': False, 'commits_url': 'https://api.github.com/repos/microsoftgraph/msgraph-sdk-java-core/pulls/490/commits', 'review_comments_url': 'https://api.github.com/repos/microsoftgraph/msgraph-sdk-java-core/pulls/490/comments', 'review_comment_url': 'https://api.github.com/repos/microsoftgraph/msgraph-sdk-java-core/pulls/comments{/number}', 'comments_url': 'https://api.github.com/repos/microsoftgraph/msgraph-sdk-java-core/issues/490/comments', 'statuses_url': 'https://api.github.com/repos/microsoftgraph/msgraph-sdk-java-core/statuses/e1d97146c14594ba7622e77c41d0e8a77433b8e9', 'head': {'label': 'microsoftgraph:v3/telemetry', 'ref': 'v3/telemetry', 'sha': 'e1d97146c14594ba7622e77c41d0e8a77433b8e9', 'user': {'login': 'microsoftgraph', 'id': 17304259, 'node_id': 'MDEyOk9yZ2FuaXphdGlvbjE3MzA0MjU5', 'avatar_url': 'https://avatars.githubusercontent.com/u/17304259?v=4', 'gravatar_id': '', 'url': 'https://api.github.com/users/microsoftgraph', 'html_url': 'https://github.com/microsoftgraph', 'followers_url': 'https://api.github.com/users/microsoftgraph/followers', 'following_url': 'https://api.github.com/users/microsoftgraph/following{/other_user}', 'gists_url': 'https://api.github.com/users/microsoftgraph/gists{/gist_id}', 'starred_url': 'https://api.github.com/users/microsoftgraph/starred{/owner}{/repo}', 'subscriptions_url': 'https://api.github.com/users/microsoftgraph/subscriptions', 'organizations_url': 'https://api.github.com/users/microsoftgraph/orgs', 'repos_url': 'https://api.github.com/users/microsoftgraph/repos', 'events_url': 'https://api.github.com/users/microsoftgraph/events{/privacy}', 'received_events_url': 'https://api.github.com/users/microsoftgraph/received_events', 'type': 'Organization', 'site_admin': False}, 'repo': {'id': 154607328, 'node_id': 'MDEwOlJlcG9zaXRvcnkxNTQ2MDczMjg=', 'name': 'msgraph-sdk-java-core', 'full_name': 'microsoftgraph/msgraph-sdk-java-core', 'private': False, 'owner': {'login': 'microsoftgraph', 'id': 17304259, 'node_id': 'MDEyOk9yZ2FuaXphdGlvbjE3MzA0MjU5', 'avatar_url': 'https://avatars.githubusercontent.com/u/17304259?v=4', 'gravatar_id': '', 'url': 'https://api.github.com/users/microsoftgraph', 'html_url': 'https://github.com/microsoftgraph', 'followers_url': 'https://api.github.com/users/microsoftgraph/followers', 'following_url': 'https://api.github.com/users/microsoftgraph/following{/other_user}', 'gists_url': 'https://api.github.com/users/microsoftgraph/gists{/gist_id}', 'starred_url': 'https://api.github.com/users/microsoftgraph/starred{/owner}{/repo}', 'subscriptions_url': 'https://api.github.com/users/microsoftgraph/subscriptions', 'organizations_url': 'https://api.github.com/users/microsoftgraph/orgs', 'repos_url': 'https://api.github.com/users/microsoftgraph/repos', 'events_url': 'https://api.github.com/users/microsoftgraph/events{/privacy}', 'received_events_url': 'https://api.github.com/users/microsoftgraph/received_events', 'type': 'Organization', 'site_admin': False}, 'html_url': 'https://github.com/microsoftgraph/msgraph-sdk-java-core', 'description': 'Microsoft Graph SDK for Java - Core Library', 'fork': False, 'url': 'https://api.github.com/repos/microsoftgraph/msgraph-sdk-java-core', 'forks_url': 'https://api.github.com/repos/microsoftgraph/msgraph-sdk-java-core/forks', 'keys_url': 'https://api.github.com/repos/microsoftgraph/msgraph-sdk-java-core/keys{/key_id}', 'collaborators_url': 'https://api.github.com/repos/microsoftgraph/msgraph-sdk-java-core/collaborators{/collaborator}', 'teams_url': 'https://api.github.com/repos/microsoftgraph/msgraph-sdk-java-core/teams', 'hooks_url': 'https://api.github.com/repos/microsoftgraph/msgraph-sdk-java-core/hooks', 'issue_events_url': 'https://api.github.com/repos/microsoftgraph/msgraph-sdk-java-core/issues/events{/number}', 'events_url': 'https://api.github.com/repos/microsoftgraph/msgraph-sdk-java-core/events', 'assignees_url': 'https://api.github.com/repos/microsoftgraph/msgraph-sdk-java-core/assignees{/user}', 'branches_url': 'https://api.github.com/repos/microsoftgraph/msgraph-sdk-java-core/branches{/branch}', 'tags_url': 'https://api.github.com/repos/microsoftgraph/msgraph-sdk-java-core/tags', 'blobs_url': 'https://api.github.com/repos/microsoftgraph/msgraph-sdk-java-core/git/blobs{/sha}', 'git_tags_url': 'https://api.github.com/repos/microsoftgraph/msgraph-sdk-java-core/git/tags{/sha}', 'git_refs_url': 'https://api.github.com/repos/microsoftgraph/msgraph-sdk-java-core/git/refs{/sha}', 'trees_url': 'https://api.github.com/repos/microsoftgraph/msgraph-sdk-java-core/git/trees{/sha}', 'statuses_url': 'https://api.github.com/repos/microsoftgraph/msgraph-sdk-java-core/statuses/{sha}', 'languages_url': 'https://api.github.com/repos/microsoftgraph/msgraph-sdk-java-core/languages', 'stargazers_url': 'https://api.github.com/repos/microsoftgraph/msgraph-sdk-java-core/stargazers', 'contributors_url': 'https://api.github.com/repos/microsoftgraph/msgraph-sdk-java-core/contributors', 'subscribers_url': 'https://api.github.com/repos/microsoftgraph/msgraph-sdk-java-core/subscribers', 'subscription_url': 'https://api.github.com/repos/microsoftgraph/msgraph-sdk-java-core/subscription', 'commits_url': 'https://api.github.com/repos/microsoftgraph/msgraph-sdk-java-core/commits{/sha}', 'git_commits_url': 'https://api.github.com/repos/microsoftgraph/msgraph-sdk-java-core/git/commits{/sha}', 'comments_url': 'https://api.github.com/repos/microsoftgraph/msgraph-sdk-java-core/comments{/number}', 'issue_comment_url': 'https://api.github.com/repos/microsoftgraph/msgraph-sdk-java-core/issues/comments{/number}', 'contents_url': 'https://api.github.com/repos/microsoftgraph/msgraph-sdk-java-core/contents/{+path}', 'compare_url': 'https://api.github.com/repos/microsoftgraph/msgraph-sdk-java-core/compare/{base}...{head}', 'merges_url': 'https://api.github.com/repos/microsoftgraph/msgraph-sdk-java-core/merges', 'archive_url': 'https://api.github.com/repos/microsoftgraph/msgraph-sdk-java-core/{archive_format}{/ref}', 'downloads_url': 'https://api.github.com/repos/microsoftgraph/msgraph-sdk-java-core/downloads', 'issues_url': 'https://api.github.com/repos/microsoftgraph/msgraph-sdk-java-core/issues{/number}', 'pulls_url': 'https://api.github.com/repos/microsoftgraph/msgraph-sdk-java-core/pulls{/number}', 'milestones_url': 'https://api.github.com/repos/microsoftgraph/msgraph-sdk-java-core/milestones{/number}', 'notifications_url': 'https://api.github.com/repos/microsoftgraph/msgraph-sdk-java-core/notifications{?since,all,participating}', 'labels_url': 'https://api.github.com/repos/microsoftgraph/msgraph-sdk-java-core/labels{/name}', 'releases_url': 'https://api.github.com/repos/microsoftgraph/msgraph-sdk-java-core/releases{/id}', 'deployments_url': 'https://api.github.com/repos/microsoftgraph/msgraph-sdk-java-core/deployments', 'created_at': '2018-10-25T03:53:47Z', 'updated_at': '2022-04-17T15:49:19Z', 'pushed_at': '2022-04-22T02:17:03Z', 'git_url': 'git://github.com/microsoftgraph/msgraph-sdk-java-core.git', 'ssh_url': 'git@github.com:microsoftgraph/msgraph-sdk-java-core.git', 'clone_url': 'https://github.com/microsoftgraph/msgraph-sdk-java-core.git', 'svn_url': 'https://github.com/microsoftgraph/msgraph-sdk-java-core', 'homepage': 'https://docs.microsoft.com/en-us/graph/sdks/sdks-overview', 'size': 1612, 'stargazers_count': 23, 'watchers_count': 23, 'language': 'Java', 'has_issues': True, 'has_projects': True, 'has_downloads': True, 'has_wiki': False, 'has_pages': False, 'forks_count': 22, 'mirror_url': None, 'archived': False, 'disabled': False, 'open_issues_count': 16, 'license': {'key': 'mit', 'name': 'MIT License', 'spdx_id': 'MIT', 'url': 'https://api.github.com/licenses/mit', 'node_id': 'MDc6TGljZW5zZTEz'}, 'allow_forking': True, 'is_template': False, 'topics': ['hacktoberfest', 'java', 'microsoft-graph', 'sdk'], 'visibility': 'public', 'forks': 22, 'open_issues': 16, 'watchers': 23, 'default_branch': 'dev'}}, 'base': {'label': 'microsoftgraph:v3/longTermBranch', 'ref': 'v3/longTermBranch', 'sha': '966eba832536796133be194bc6f61bd8fe3d4043', 'user': {'login': 'microsoftgraph', 'id': 17304259, 'node_id': 'MDEyOk9yZ2FuaXphdGlvbjE3MzA0MjU5', 'avatar_url': 'https://avatars.githubusercontent.com/u/17304259?v=4', 'gravatar_id': '', 'url': 'https://api.github.com/users/microsoftgraph', 'html_url': 'https://github.com/microsoftgraph', 'followers_url': 'https://api.github.com/users/microsoftgraph/followers', 'following_url': 'https://api.github.com/users/microsoftgraph/following{/other_user}', 'gists_url': 'https://api.github.com/users/microsoftgraph/gists{/gist_id}', 'starred_url': 'https://api.github.com/users/microsoftgraph/starred{/owner}{/repo}', 'subscriptions_url': 'https://api.github.com/users/microsoftgraph/subscriptions', 'organizations_url': 'https://api.github.com/users/microsoftgraph/orgs', 'repos_url': 'https://api.github.com/users/microsoftgraph/repos', 'events_url': 'https://api.github.com/users/microsoftgraph/events{/privacy}', 'received_events_url': 'https://api.github.com/users/microsoftgraph/received_events', 'type': 'Organization', 'site_admin': False}, 'repo': {'id': 154607328, 'node_id': 'MDEwOlJlcG9zaXRvcnkxNTQ2MDczMjg=', 'name': 'msgraph-sdk-java-core', 'full_name': 'microsoftgraph/msgraph-sdk-java-core', 'private': False, 'owner': {'login': 'microsoftgraph', 'id': 17304259, 'node_id': 'MDEyOk9yZ2FuaXphdGlvbjE3MzA0MjU5', 'avatar_url': 'https://avatars.githubusercontent.com/u/17304259?v=4', 'gravatar_id': '', 'url': 'https://api.github.com/users/microsoftgraph', 'html_url': 'https://github.com/microsoftgraph', 'followers_url': 'https://api.github.com/users/microsoftgraph/followers', 'following_url': 'https://api.github.com/users/microsoftgraph/following{/other_user}', 'gists_url': 'https://api.github.com/users/microsoftgraph/gists{/gist_id}', 'starred_url': 'https://api.github.com/users/microsoftgraph/starred{/owner}{/repo}', 'subscriptions_url': 'https://api.github.com/users/microsoftgraph/subscriptions', 'organizations_url': 'https://api.github.com/users/microsoftgraph/orgs', 'repos_url': 'https://api.github.com/users/microsoftgraph/repos', 'events_url': 'https://api.github.com/users/microsoftgraph/events{/privacy}', 'received_events_url': 'https://api.github.com/users/microsoftgraph/received_events', 'type': 'Organization', 'site_admin': False}, 'html_url': 'https://github.com/microsoftgraph/msgraph-sdk-java-core', 'description': 'Microsoft Graph SDK for Java - Core Library', 'fork': False, 'url': 'https://api.github.com/repos/microsoftgraph/msgraph-sdk-java-core', 'forks_url': 'https://api.github.com/repos/microsoftgraph/msgraph-sdk-java-core/forks', 'keys_url': 'https://api.github.com/repos/microsoftgraph/msgraph-sdk-java-core/keys{/key_id}', 'collaborators_url': 'https://api.github.com/repos/microsoftgraph/msgraph-sdk-java-core/collaborators{/collaborator}', 'teams_url': 'https://api.github.com/repos/microsoftgraph/msgraph-sdk-java-core/teams', 'hooks_url': 'https://api.github.com/repos/microsoftgraph/msgraph-sdk-java-core/hooks', 'issue_events_url': 'https://api.github.com/repos/microsoftgraph/msgraph-sdk-java-core/issues/events{/number}', 'events_url': 'https://api.github.com/repos/microsoftgraph/msgraph-sdk-java-core/events', 'assignees_url': 'https://api.github.com/repos/microsoftgraph/msgraph-sdk-java-core/assignees{/user}', 'branches_url': 'https://api.github.com/repos/microsoftgraph/msgraph-sdk-java-core/branches{/branch}', 'tags_url': 'https://api.github.com/repos/microsoftgraph/msgraph-sdk-java-core/tags', 'blobs_url': 'https://api.github.com/repos/microsoftgraph/msgraph-sdk-java-core/git/blobs{/sha}', 'git_tags_url': 'https://api.github.com/repos/microsoftgraph/msgraph-sdk-java-core/git/tags{/sha}', 'git_refs_url': 'https://api.github.com/repos/microsoftgraph/msgraph-sdk-java-core/git/refs{/sha}', 'trees_url': 'https://api.github.com/repos/microsoftgraph/msgraph-sdk-java-core/git/trees{/sha}', 'statuses_url': 'https://api.github.com/repos/microsoftgraph/msgraph-sdk-java-core/statuses/{sha}', 'languages_url': 'https://api.github.com/repos/microsoftgraph/msgraph-sdk-java-core/languages', 'stargazers_url': 'https://api.github.com/repos/microsoftgraph/msgraph-sdk-java-core/stargazers', 'contributors_url': 'https://api.github.com/repos/microsoftgraph/msgraph-sdk-java-core/contributors', 'subscribers_url': 'https://api.github.com/repos/microsoftgraph/msgraph-sdk-java-core/subscribers', 'subscription_url': 'https://api.github.com/repos/microsoftgraph/msgraph-sdk-java-core/subscription', 'commits_url': 'https://api.github.com/repos/microsoftgraph/msgraph-sdk-java-core/commits{/sha}', 'git_commits_url': 'https://api.github.com/repos/microsoftgraph/msgraph-sdk-java-core/git/commits{/sha}', 'comments_url': 'https://api.github.com/repos/microsoftgraph/msgraph-sdk-java-core/comments{/number}', 'issue_comment_url': 'https://api.github.com/repos/microsoftgraph/msgraph-sdk-java-core/issues/comments{/number}', 'contents_url': 'https://api.github.com/repos/microsoftgraph/msgraph-sdk-java-core/contents/{+path}', 'compare_url': 'https://api.github.com/repos/microsoftgraph/msgraph-sdk-java-core/compare/{base}...{head}', 'merges_url': 'https://api.github.com/repos/microsoftgraph/msgraph-sdk-java-core/merges', 'archive_url': 'https://api.github.com/repos/microsoftgraph/msgraph-sdk-java-core/{archive_format}{/ref}', 'downloads_url': 'https://api.github.com/repos/microsoftgraph/msgraph-sdk-java-core/downloads', 'issues_url': 'https://api.github.com/repos/microsoftgraph/msgraph-sdk-java-core/issues{/number}', 'pulls_url': 'https://api.github.com/repos/microsoftgraph/msgraph-sdk-java-core/pulls{/number}', 'milestones_url': 'https://api.github.com/repos/microsoftgraph/msgraph-sdk-java-core/milestones{/number}', 'notifications_url': 'https://api.github.com/repos/microsoftgraph/msgraph-sdk-java-core/notifications{?since,all,participating}', 'labels_url': 'https://api.github.com/repos/microsoftgraph/msgraph-sdk-java-core/labels{/name}', 'releases_url': 'https://api.github.com/repos/microsoftgraph/msgraph-sdk-java-core/releases{/id}', 'deployments_url': 'https://api.github.com/repos/microsoftgraph/msgraph-sdk-java-core/deployments', 'created_at': '2018-10-25T03:53:47Z', 'updated_at': '2022-04-17T15:49:19Z', 'pushed_at': '2022-04-22T02:17:03Z', 'git_url': 'git://github.com/microsoftgraph/msgraph-sdk-java-core.git', 'ssh_url': 'git@github.com:microsoftgraph/msgraph-sdk-java-core.git', 'clone_url': 'https://github.com/microsoftgraph/msgraph-sdk-java-core.git', 'svn_url': 'https://github.com/microsoftgraph/msgraph-sdk-java-core', 'homepage': 'https://docs.microsoft.com/en-us/graph/sdks/sdks-overview', 'size': 1612, 'stargazers_count': 23, 'watchers_count': 23, 'language': 'Java', 'has_issues': True, 'has_projects': True, 'has_downloads': True, 'has_wiki': False, 'has_pages': False, 'forks_count': 22, 'mirror_url': None, 'archived': False, 'disabled': False, 'open_issues_count': 16, 'license': {'key': 'mit', 'name': 'MIT License', 'spdx_id': 'MIT', 'url': 'https://api.github.com/licenses/mit', 'node_id': 'MDc6TGljZW5zZTEz'}, 'allow_forking': True, 'is_template': False, 'topics': ['hacktoberfest', 'java', 'microsoft-graph', 'sdk'], 'visibility': 'public', 'forks': 22, 'open_issues': 16, 'watchers': 23, 'default_branch': 'dev'}}, '_links': {'self': {'href': 'https://api.github.com/repos/microsoftgraph/msgraph-sdk-java-core/pulls/490'}, 'html': {'href': 'https://github.com/microsoftgraph/msgraph-sdk-java-core/pull/490'}, 'issue': {'href': 'https://api.github.com/repos/microsoftgraph/msgraph-sdk-java-core/issues/490'}, 'comments': {'href': 'https://api.github.com/repos/microsoftgraph/msgraph-sdk-java-core/issues/490/comments'}, 'review_comments': {'href': 'https://api.github.com/repos/microsoftgraph/msgraph-sdk-java-core/pulls/490/comments'}, 'review_comment': {'href': 'https://api.github.com/repos/microsoftgraph/msgraph-sdk-java-core/pulls/comments{/number}'}, 'commits': {'href': 'https://api.github.com/repos/microsoftgraph/msgraph-sdk-java-core/pulls/490/commits'}, 'statuses': {'href': 'https://api.github.com/repos/microsoftgraph/msgraph-sdk-java-core/statuses/e1d97146c14594ba7622e77c41d0e8a77433b8e9'}}, 'author_association': 'CONTRIBUTOR', 'auto_merge': None, 'active_lock_reason': None, 'merged': False, 'mergeable': None, 'rebaseable': None, 'mergeable_state': 'unknown', 'merged_by': None, 'comments': 0, 'review_comments': 0, 'maintainer_can_modify': False, 'commits': 5, 'additions': 404, 'deletions': 374, 'changed_files': 20}}",opened,Java
21408999470,CreateEvent,microsoftgraph/msgraph-sdk-java-core,0.0,2022-04-22T02:17:05Z,"{'ref': 'v3/longTermBranch', 'ref_type': 'branch', 'master_branch': 'dev', 'description': 'Microsoft Graph SDK for Java - Core Library', 'pusher_type': 'user'}",,Java
21408985821,DeleteEvent,microsoftgraph/msgraph-sdk-java-core,0.0,2022-04-22T02:15:35Z,"{'ref': 'v3/longTermBranch', 'ref_type': 'branch', 'pusher_type': 'user'}",,Java
21408962763,PushEvent,microsoftgraph/msgraph-sdk-java-core,0.0,2022-04-22T02:13:08Z,"{'push_id': 9688783953, 'size': 1, 'distinct_size': 1, 'ref': 'refs/heads/v3/telemetry', 'head': 'e1d97146c14594ba7622e77c41d0e8a77433b8e9', 'before': '121196a0c05f2fbbb637f8bd28e860625af245b8', 'commits': [{'sha': 'e1d97146c14594ba7622e77c41d0e8a77433b8e9', 'author': {'email': '63934382+ramsessanchez@users.noreply.github.com', 'name': 'ramsessanchez'}, 'message': 'Preparing GraphTelemetryHandlerfor updated spec', 'distinct': True, 'url': 'https://api.github.com/repos/microsoftgraph/msgraph-sdk-java-core/commits/e1d97146c14594ba7622e77c41d0e8a77433b8e9'}]}",,Java
21407285975,PushEvent,microsoftgraph/msgraph-sdk-java-core,0.0,2022-04-21T23:04:13Z,"{'push_id': 9687907721, 'size': 1, 'distinct_size': 1, 'ref': 'refs/heads/feature/AuthProviderWithHosts', 'head': 'ae53946a6999161a9e66f327741fd1a2d4af5e51', 'before': 'f4b154962bd1b63837ab70ef08c8915a4283c702', 'commits': [{'sha': 'ae53946a6999161a9e66f327741fd1a2d4af5e51', 'author': {'email': 'ramses.sanchez99@gmail.com', 'name': 'ramsessanchez'}, 'message': 'add custom hosts to BaseAuthenticationProvider w/out breaking', 'distinct': True, 'url': 'https://api.github.com/repos/microsoftgraph/msgraph-sdk-java-core/commits/ae53946a6999161a9e66f327741fd1a2d4af5e51'}]}",,Java
21406641182,IssueCommentEvent,microsoftgraph/msgraph-sdk-java,0.0,2022-04-21T22:01:11Z,"{'action': 'created', 'issue': {'url': 'https://api.github.com/repos/microsoftgraph/msgraph-sdk-java/issues/1049', 'repository_url': 'https://api.github.com/repos/microsoftgraph/msgraph-sdk-java', 'labels_url': 'https://api.github.com/repos/microsoftgraph/msgraph-sdk-java/issues/1049/labels{/name}', 'comments_url': 'https://api.github.com/repos/microsoftgraph/msgraph-sdk-java/issues/1049/comments', 'events_url': 'https://api.github.com/repos/microsoftgraph/msgraph-sdk-java/issues/1049/events', 'html_url': 'https://github.com/microsoftgraph/msgraph-sdk-java/issues/1049', 'id': 1208182634, 'node_id': 'I_kwDOBig9Oc5IA2dq', 'number': 1049, 'title': 'Graph API - Sharepoint copyItem with parentReference not working', 'user': {'login': 'vivekbdh', 'id': 22887349, 'node_id': 'MDQ6VXNlcjIyODg3MzQ5', 'avatar_url': 'https://avatars.githubusercontent.com/u/22887349?v=4', 'gravatar_id': '', 'url': 'https://api.github.com/users/vivekbdh', 'html_url': 'https://github.com/vivekbdh', 'followers_url': 'https://api.github.com/users/vivekbdh/followers', 'following_url': 'https://api.github.com/users/vivekbdh/following{/other_user}', 'gists_url': 'https://api.github.com/users/vivekbdh/gists{/gist_id}', 'starred_url': 'https://api.github.com/users/vivekbdh/starred{/owner}{/repo}', 'subscriptions_url': 'https://api.github.com/users/vivekbdh/subscriptions', 'organizations_url': 'https://api.github.com/users/vivekbdh/orgs', 'repos_url': 'https://api.github.com/users/vivekbdh/repos', 'events_url': 'https://api.github.com/users/vivekbdh/events{/privacy}', 'received_events_url': 'https://api.github.com/users/vivekbdh/received_events', 'type': 'User', 'site_admin': False}, 'labels': [{'id': 1355321240, 'node_id': 'MDU6TGFiZWwxMzU1MzIxMjQw', 'url': 'https://api.github.com/repos/microsoftgraph/msgraph-sdk-java/labels/Service', 'name': 'Service', 'color': 'FFA500', 'default': False, 'description': ''}, {'id': 1369813461, 'node_id': 'MDU6TGFiZWwxMzY5ODEzNDYx', 'url': 'https://api.github.com/repos/microsoftgraph/msgraph-sdk-java/labels/service%20issue', 'name': 'service issue', 'color': '8bf93b', 'default': False, 'description': ''}, {'id': 1554551556, 'node_id': 'MDU6TGFiZWwxNTU0NTUxNTU2', 'url': 'https://api.github.com/repos/microsoftgraph/msgraph-sdk-java/labels/Needs:%20Author%20Feedback', 'name': 'Needs: Author Feedback', 'color': 'ededed', 'default': False, 'description': None}], 'state': 'open', 'locked': False, 'assignee': {'login': 'ramsessanchez', 'id': 63934382, 'node_id': 'MDQ6VXNlcjYzOTM0Mzgy', 'avatar_url': 'https://avatars.githubusercontent.com/u/63934382?v=4', 'gravatar_id': '', 'url': 'https://api.github.com/users/ramsessanchez', 'html_url': 'https://github.com/ramsessanchez', 'followers_url': 'https://api.github.com/users/ramsessanchez/followers', 'following_url': 'https://api.github.com/users/ramsessanchez/following{/other_user}', 'gists_url': 'https://api.github.com/users/ramsessanchez/gists{/gist_id}', 'starred_url': 'https://api.github.com/users/ramsessanchez/starred{/owner}{/repo}', 'subscriptions_url': 'https://api.github.com/users/ramsessanchez/subscriptions', 'organizations_url': 'https://api.github.com/users/ramsessanchez/orgs', 'repos_url': 'https://api.github.com/users/ramsessanchez/repos', 'events_url': 'https://api.github.com/users/ramsessanchez/events{/privacy}', 'received_events_url': 'https://api.github.com/users/ramsessanchez/received_events', 'type': 'User', 'site_admin': False}, 'assignees': [{'login': 'ramsessanchez', 'id': 63934382, 'node_id': 'MDQ6VXNlcjYzOTM0Mzgy', 'avatar_url': 'https://avatars.githubusercontent.com/u/63934382?v=4', 'gravatar_id': '', 'url': 'https://api.github.com/users/ramsessanchez', 'html_url': 'https://github.com/ramsessanchez', 'followers_url': 'https://api.github.com/users/ramsessanchez/followers', 'following_url': 'https://api.github.com/users/ramsessanchez/following{/other_user}', 'gists_url': 'https://api.github.com/users/ramsessanchez/gists{/gist_id}', 'starred_url': 'https://api.github.com/users/ramsessanchez/starred{/owner}{/repo}', 'subscriptions_url': 'https://api.github.com/users/ramsessanchez/subscriptions', 'organizations_url': 'https://api.github.com/users/ramsessanchez/orgs', 'repos_url': 'https://api.github.com/users/ramsessanchez/repos', 'events_url': 'https://api.github.com/users/ramsessanchez/events{/privacy}', 'received_events_url': 'https://api.github.com/users/ramsessanchez/received_events', 'type': 'User', 'site_admin': False}], 'milestone': None, 'comments': 5, 'created_at': '2022-04-19T10:59:28Z', 'updated_at': '2022-04-21T22:01:11Z', 'closed_at': None, 'author_association': 'NONE', 'active_lock_reason': None, 'body': ""Hello everyone,\r\n\r\nRef:\r\nhttps://docs.microsoft.com/en-us/graph/api/driveitem-copy?view=graph-rest-1.0&tabs=http\r\n\r\nThis API of copy drive item using graph API version 2.3.2 was working fine and since morning without any code change we are facing an issue. It seems that even if we pass the parent reference, still it's copying into the same directory as the source file.\r\n\r\nWe are copying files from one folder to another folder with a new path and name using graph API and kotlin\r\n\r\n```\r\nmicrosoftGraphClient.drives(documentStorage.driveId).items([fileToCopy.id](http://filetocopy.id/))\r\n.copy(it.newPath.getFilename(), parentReference)\r\n.buildRequest()\r\n.post()\r\n```\r\n\r\nThe above code was working till 18th-April-2022 and not working since 19th-April-2022 morning. It is copying files in the same directory as the source file instead of copying them into the new location.\r\n\r\nCan someone look into it and revert?"", 'reactions': {'url': 'https://api.github.com/repos/microsoftgraph/msgraph-sdk-java/issues/1049/reactions', 'total_count': 0, '+1': 0, '-1': 0, 'laugh': 0, 'hooray': 0, 'confused': 0, 'heart': 0, 'rocket': 0, 'eyes': 0}, 'timeline_url': 'https://api.github.com/repos/microsoftgraph/msgraph-sdk-java/issues/1049/timeline', 'performed_via_github_app': None}, 'comment': {'url': 'https://api.github.com/repos/microsoftgraph/msgraph-sdk-java/issues/comments/1105803444', 'html_url': 'https://github.com/microsoftgraph/msgraph-sdk-java/issues/1049#issuecomment-1105803444', 'issue_url': 'https://api.github.com/repos/microsoftgraph/msgraph-sdk-java/issues/1049', 'id': 1105803444, 'node_id': 'IC_kwDOBig9Oc5B6Ti0', 'user': {'login': 'ramsessanchez', 'id': 63934382, 'node_id': 'MDQ6VXNlcjYzOTM0Mzgy', 'avatar_url': 'https://avatars.githubusercontent.com/u/63934382?v=4', 'gravatar_id': '', 'url': 'https://api.github.com/users/ramsessanchez', 'html_url': 'https://github.com/ramsessanchez', 'followers_url': 'https://api.github.com/users/ramsessanchez/followers', 'following_url': 'https://api.github.com/users/ramsessanchez/following{/other_user}', 'gists_url': 'https://api.github.com/users/ramsessanchez/gists{/gist_id}', 'starred_url': 'https://api.github.com/users/ramsessanchez/starred{/owner}{/repo}', 'subscriptions_url': 'https://api.github.com/users/ramsessanchez/subscriptions', 'organizations_url': 'https://api.github.com/users/ramsessanchez/orgs', 'repos_url': 'https://api.github.com/users/ramsessanchez/repos', 'events_url': 'https://api.github.com/users/ramsessanchez/events{/privacy}', 'received_events_url': 'https://api.github.com/users/ramsessanchez/received_events', 'type': 'User', 'site_admin': False}, 'created_at': '2022-04-21T22:01:11Z', 'updated_at': '2022-04-21T22:01:11Z', 'author_association': 'CONTRIBUTOR', 'body': 'Hi @vivekbdh & @ravishah104, \r\nAs noted it must be a change in the sharepoint API, upgrading will not resolve the issue.\r\nThe setting the following parameters will lead to a successful copy: \r\nSet just the targetDirectory.path \r\nOR\r\nset both targetDirectory.driveId & targetDirectory.id\r\n\r\nUnfortunately driveId or id alone are not enough to specify the target location.   ', 'reactions': {'url': 'https://api.github.com/repos/microsoftgraph/msgraph-sdk-java/issues/comments/1105803444/reactions', 'total_count': 0, '+1': 0, '-1': 0, 'laugh': 0, 'hooray': 0, 'confused': 0, 'heart': 0, 'rocket': 0, 'eyes': 0}, 'performed_via_github_app': None}}",created,Java
21366548103,PushEvent,microsoftgraph/msgraph-sdk-java-core,0.0,2022-04-20T02:43:54Z,"{'push_id': 9667814884, 'size': 1, 'distinct_size': 1, 'ref': 'refs/heads/v3/telemetry', 'head': '121196a0c05f2fbbb637f8bd28e860625af245b8', 'before': '21996d426373b29831a26fb08d50e0279e6c2d1d', 'commits': [{'sha': '121196a0c05f2fbbb637f8bd28e860625af245b8', 'author': {'email': 'ramses.sanchez99@gmail.com', 'name': 'ramsessanchez'}, 'message': 'add endpoint check, v1.0 or beta to telemetryhandler', 'distinct': True, 'url': 'https://api.github.com/repos/microsoftgraph/msgraph-sdk-java-core/commits/121196a0c05f2fbbb637f8bd28e860625af245b8'}]}",,Java
21365605421,PullRequestEvent,microsoftgraph/msgraph-sdk-java-core,0.0,2022-04-20T01:00:58Z,"{'action': 'opened', 'number': 484, 'pull_request': {'url': 'https://api.github.com/repos/microsoftgraph/msgraph-sdk-java-core/pulls/484', 'id': 913680063, 'node_id': 'PR_kwDOCTce4M42daa_', 'html_url': 'https://github.com/microsoftgraph/msgraph-sdk-java-core/pull/484', 'diff_url': 'https://github.com/microsoftgraph/msgraph-sdk-java-core/pull/484.diff', 'patch_url': 'https://github.com/microsoftgraph/msgraph-sdk-java-core/pull/484.patch', 'issue_url': 'https://api.github.com/repos/microsoftgraph/msgraph-sdk-java-core/issues/484', 'number': 484, 'state': 'open', 'locked': False, 'title': 'add ability to add custom hosts to TokenCredentialAuthProvider', 'user': {'login': 'ramsessanchez', 'id': 63934382, 'node_id': 'MDQ6VXNlcjYzOTM0Mzgy', 'avatar_url': 'https://avatars.githubusercontent.com/u/63934382?v=4', 'gravatar_id': '', 'url': 'https://api.github.com/users/ramsessanchez', 'html_url': 'https://github.com/ramsessanchez', 'followers_url': 'https://api.github.com/users/ramsessanchez/followers', 'following_url': 'https://api.github.com/users/ramsessanchez/following{/other_user}', 'gists_url': 'https://api.github.com/users/ramsessanchez/gists{/gist_id}', 'starred_url': 'https://api.github.com/users/ramsessanchez/starred{/owner}{/repo}', 'subscriptions_url': 'https://api.github.com/users/ramsessanchez/subscriptions', 'organizations_url': 'https://api.github.com/users/ramsessanchez/orgs', 'repos_url': 'https://api.github.com/users/ramsessanchez/repos', 'events_url': 'https://api.github.com/users/ramsessanchez/events{/privacy}', 'received_events_url': 'https://api.github.com/users/ramsessanchez/received_events', 'type': 'User', 'site_admin': False}, 'body': 'https://github.com/microsoftgraph/msgraph-sdk-java-core/issues/483', 'created_at': '2022-04-20T01:00:57Z', 'updated_at': '2022-04-20T01:00:57Z', 'closed_at': None, 'merged_at': None, 'merge_commit_sha': None, 'assignee': None, 'assignees': [], 'requested_reviewers': [], 'requested_teams': [], 'labels': [], 'milestone': None, 'draft': False, 'commits_url': 'https://api.github.com/repos/microsoftgraph/msgraph-sdk-java-core/pulls/484/commits', 'review_comments_url': 'https://api.github.com/repos/microsoftgraph/msgraph-sdk-java-core/pulls/484/comments', 'review_comment_url': 'https://api.github.com/repos/microsoftgraph/msgraph-sdk-java-core/pulls/comments{/number}', 'comments_url': 'https://api.github.com/repos/microsoftgraph/msgraph-sdk-java-core/issues/484/comments', 'statuses_url': 'https://api.github.com/repos/microsoftgraph/msgraph-sdk-java-core/statuses/f4b154962bd1b63837ab70ef08c8915a4283c702', 'head': {'label': 'microsoftgraph:feature/AuthProviderWithHosts', 'ref': 'feature/AuthProviderWithHosts', 'sha': 'f4b154962bd1b63837ab70ef08c8915a4283c702', 'user': {'login': 'microsoftgraph', 'id': 17304259, 'node_id': 'MDEyOk9yZ2FuaXphdGlvbjE3MzA0MjU5', 'avatar_url': 'https://avatars.githubusercontent.com/u/17304259?v=4', 'gravatar_id': '', 'url': 'https://api.github.com/users/microsoftgraph', 'html_url': 'https://github.com/microsoftgraph', 'followers_url': 'https://api.github.com/users/microsoftgraph/followers', 'following_url': 'https://api.github.com/users/microsoftgraph/following{/other_user}', 'gists_url': 'https://api.github.com/users/microsoftgraph/gists{/gist_id}', 'starred_url': 'https://api.github.com/users/microsoftgraph/starred{/owner}{/repo}', 'subscriptions_url': 'https://api.github.com/users/microsoftgraph/subscriptions', 'organizations_url': 'https://api.github.com/users/microsoftgraph/orgs', 'repos_url': 'https://api.github.com/users/microsoftgraph/repos', 'events_url': 'https://api.github.com/users/microsoftgraph/events{/privacy}', 'received_events_url': 'https://api.github.com/users/microsoftgraph/received_events', 'type': 'Organization', 'site_admin': False}, 'repo': {'id': 154607328, 'node_id': 'MDEwOlJlcG9zaXRvcnkxNTQ2MDczMjg=', 'name': 'msgraph-sdk-java-core', 'full_name': 'microsoftgraph/msgraph-sdk-java-core', 'private': False, 'owner': {'login': 'microsoftgraph', 'id': 17304259, 'node_id': 'MDEyOk9yZ2FuaXphdGlvbjE3MzA0MjU5', 'avatar_url': 'https://avatars.githubusercontent.com/u/17304259?v=4', 'gravatar_id': '', 'url': 'https://api.github.com/users/microsoftgraph', 'html_url': 'https://github.com/microsoftgraph', 'followers_url': 'https://api.github.com/users/microsoftgraph/followers', 'following_url': 'https://api.github.com/users/microsoftgraph/following{/other_user}', 'gists_url': 'https://api.github.com/users/microsoftgraph/gists{/gist_id}', 'starred_url': 'https://api.github.com/users/microsoftgraph/starred{/owner}{/repo}', 'subscriptions_url': 'https://api.github.com/users/microsoftgraph/subscriptions', 'organizations_url': 'https://api.github.com/users/microsoftgraph/orgs', 'repos_url': 'https://api.github.com/users/microsoftgraph/repos', 'events_url': 'https://api.github.com/users/microsoftgraph/events{/privacy}', 'received_events_url': 'https://api.github.com/users/microsoftgraph/received_events', 'type': 'Organization', 'site_admin': False}, 'html_url': 'https://github.com/microsoftgraph/msgraph-sdk-java-core', 'description': 'Microsoft Graph SDK for Java - Core Library', 'fork': False, 'url': 'https://api.github.com/repos/microsoftgraph/msgraph-sdk-java-core', 'forks_url': 'https://api.github.com/repos/microsoftgraph/msgraph-sdk-java-core/forks', 'keys_url': 'https://api.github.com/repos/microsoftgraph/msgraph-sdk-java-core/keys{/key_id}', 'collaborators_url': 'https://api.github.com/repos/microsoftgraph/msgraph-sdk-java-core/collaborators{/collaborator}', 'teams_url': 'https://api.github.com/repos/microsoftgraph/msgraph-sdk-java-core/teams', 'hooks_url': 'https://api.github.com/repos/microsoftgraph/msgraph-sdk-java-core/hooks', 'issue_events_url': 'https://api.github.com/repos/microsoftgraph/msgraph-sdk-java-core/issues/events{/number}', 'events_url': 'https://api.github.com/repos/microsoftgraph/msgraph-sdk-java-core/events', 'assignees_url': 'https://api.github.com/repos/microsoftgraph/msgraph-sdk-java-core/assignees{/user}', 'branches_url': 'https://api.github.com/repos/microsoftgraph/msgraph-sdk-java-core/branches{/branch}', 'tags_url': 'https://api.github.com/repos/microsoftgraph/msgraph-sdk-java-core/tags', 'blobs_url': 'https://api.github.com/repos/microsoftgraph/msgraph-sdk-java-core/git/blobs{/sha}', 'git_tags_url': 'https://api.github.com/repos/microsoftgraph/msgraph-sdk-java-core/git/tags{/sha}', 'git_refs_url': 'https://api.github.com/repos/microsoftgraph/msgraph-sdk-java-core/git/refs{/sha}', 'trees_url': 'https://api.github.com/repos/microsoftgraph/msgraph-sdk-java-core/git/trees{/sha}', 'statuses_url': 'https://api.github.com/repos/microsoftgraph/msgraph-sdk-java-core/statuses/{sha}', 'languages_url': 'https://api.github.com/repos/microsoftgraph/msgraph-sdk-java-core/languages', 'stargazers_url': 'https://api.github.com/repos/microsoftgraph/msgraph-sdk-java-core/stargazers', 'contributors_url': 'https://api.github.com/repos/microsoftgraph/msgraph-sdk-java-core/contributors', 'subscribers_url': 'https://api.github.com/repos/microsoftgraph/msgraph-sdk-java-core/subscribers', 'subscription_url': 'https://api.github.com/repos/microsoftgraph/msgraph-sdk-java-core/subscription', 'commits_url': 'https://api.github.com/repos/microsoftgraph/msgraph-sdk-java-core/commits{/sha}', 'git_commits_url': 'https://api.github.com/repos/microsoftgraph/msgraph-sdk-java-core/git/commits{/sha}', 'comments_url': 'https://api.github.com/repos/microsoftgraph/msgraph-sdk-java-core/comments{/number}', 'issue_comment_url': 'https://api.github.com/repos/microsoftgraph/msgraph-sdk-java-core/issues/comments{/number}', 'contents_url': 'https://api.github.com/repos/microsoftgraph/msgraph-sdk-java-core/contents/{+path}', 'compare_url': 'https://api.github.com/repos/microsoftgraph/msgraph-sdk-java-core/compare/{base}...{head}', 'merges_url': 'https://api.github.com/repos/microsoftgraph/msgraph-sdk-java-core/merges', 'archive_url': 'https://api.github.com/repos/microsoftgraph/msgraph-sdk-java-core/{archive_format}{/ref}', 'downloads_url': 'https://api.github.com/repos/microsoftgraph/msgraph-sdk-java-core/downloads', 'issues_url': 'https://api.github.com/repos/microsoftgraph/msgraph-sdk-java-core/issues{/number}', 'pulls_url': 'https://api.github.com/repos/microsoftgraph/msgraph-sdk-java-core/pulls{/number}', 'milestones_url': 'https://api.github.com/repos/microsoftgraph/msgraph-sdk-java-core/milestones{/number}', 'notifications_url': 'https://api.github.com/repos/microsoftgraph/msgraph-sdk-java-core/notifications{?since,all,participating}', 'labels_url': 'https://api.github.com/repos/microsoftgraph/msgraph-sdk-java-core/labels{/name}', 'releases_url': 'https://api.github.com/repos/microsoftgraph/msgraph-sdk-java-core/releases{/id}', 'deployments_url': 'https://api.github.com/repos/microsoftgraph/msgraph-sdk-java-core/deployments', 'created_at': '2018-10-25T03:53:47Z', 'updated_at': '2022-04-17T15:49:19Z', 'pushed_at': '2022-04-20T01:00:58Z', 'git_url': 'git://github.com/microsoftgraph/msgraph-sdk-java-core.git', 'ssh_url': 'git@github.com:microsoftgraph/msgraph-sdk-java-core.git', 'clone_url': 'https://github.com/microsoftgraph/msgraph-sdk-java-core.git', 'svn_url': 'https://github.com/microsoftgraph/msgraph-sdk-java-core', 'homepage': 'https://docs.microsoft.com/en-us/graph/sdks/sdks-overview', 'size': 1591, 'stargazers_count': 23, 'watchers_count': 23, 'language': 'Java', 'has_issues': True, 'has_projects': True, 'has_downloads': True, 'has_wiki': False, 'has_pages': False, 'forks_count': 22, 'mirror_url': None, 'archived': False, 'disabled': False, 'open_issues_count': 14, 'license': {'key': 'mit', 'name': 'MIT License', 'spdx_id': 'MIT', 'url': 'https://api.github.com/licenses/mit', 'node_id': 'MDc6TGljZW5zZTEz'}, 'allow_forking': True, 'is_template': False, 'topics': ['hacktoberfest', 'java', 'microsoft-graph', 'sdk'], 'visibility': 'public', 'forks': 22, 'open_issues': 14, 'watchers': 23, 'default_branch': 'dev'}}, 'base': {'label': 'microsoftgraph:dev', 'ref': 'dev', 'sha': '21b1d75b5f10496a6916a33a4ead8d8425075988', 'user': {'login': 'microsoftgraph', 'id': 17304259, 'node_id': 'MDEyOk9yZ2FuaXphdGlvbjE3MzA0MjU5', 'avatar_url': 'https://avatars.githubusercontent.com/u/17304259?v=4', 'gravatar_id': '', 'url': 'https://api.github.com/users/microsoftgraph', 'html_url': 'https://github.com/microsoftgraph', 'followers_url': 'https://api.github.com/users/microsoftgraph/followers', 'following_url': 'https://api.github.com/users/microsoftgraph/following{/other_user}', 'gists_url': 'https://api.github.com/users/microsoftgraph/gists{/gist_id}', 'starred_url': 'https://api.github.com/users/microsoftgraph/starred{/owner}{/repo}', 'subscriptions_url': 'https://api.github.com/users/microsoftgraph/subscriptions', 'organizations_url': 'https://api.github.com/users/microsoftgraph/orgs', 'repos_url': 'https://api.github.com/users/microsoftgraph/repos', 'events_url': 'https://api.github.com/users/microsoftgraph/events{/privacy}', 'received_events_url': 'https://api.github.com/users/microsoftgraph/received_events', 'type': 'Organization', 'site_admin': False}, 'repo': {'id': 154607328, 'node_id': 'MDEwOlJlcG9zaXRvcnkxNTQ2MDczMjg=', 'name': 'msgraph-sdk-java-core', 'full_name': 'microsoftgraph/msgraph-sdk-java-core', 'private': False, 'owner': {'login': 'microsoftgraph', 'id': 17304259, 'node_id': 'MDEyOk9yZ2FuaXphdGlvbjE3MzA0MjU5', 'avatar_url': 'https://avatars.githubusercontent.com/u/17304259?v=4', 'gravatar_id': '', 'url': 'https://api.github.com/users/microsoftgraph', 'html_url': 'https://github.com/microsoftgraph', 'followers_url': 'https://api.github.com/users/microsoftgraph/followers', 'following_url': 'https://api.github.com/users/microsoftgraph/following{/other_user}', 'gists_url': 'https://api.github.com/users/microsoftgraph/gists{/gist_id}', 'starred_url': 'https://api.github.com/users/microsoftgraph/starred{/owner}{/repo}', 'subscriptions_url': 'https://api.github.com/users/microsoftgraph/subscriptions', 'organizations_url': 'https://api.github.com/users/microsoftgraph/orgs', 'repos_url': 'https://api.github.com/users/microsoftgraph/repos', 'events_url': 'https://api.github.com/users/microsoftgraph/events{/privacy}', 'received_events_url': 'https://api.github.com/users/microsoftgraph/received_events', 'type': 'Organization', 'site_admin': False}, 'html_url': 'https://github.com/microsoftgraph/msgraph-sdk-java-core', 'description': 'Microsoft Graph SDK for Java - Core Library', 'fork': False, 'url': 'https://api.github.com/repos/microsoftgraph/msgraph-sdk-java-core', 'forks_url': 'https://api.github.com/repos/microsoftgraph/msgraph-sdk-java-core/forks', 'keys_url': 'https://api.github.com/repos/microsoftgraph/msgraph-sdk-java-core/keys{/key_id}', 'collaborators_url': 'https://api.github.com/repos/microsoftgraph/msgraph-sdk-java-core/collaborators{/collaborator}', 'teams_url': 'https://api.github.com/repos/microsoftgraph/msgraph-sdk-java-core/teams', 'hooks_url': 'https://api.github.com/repos/microsoftgraph/msgraph-sdk-java-core/hooks', 'issue_events_url': 'https://api.github.com/repos/microsoftgraph/msgraph-sdk-java-core/issues/events{/number}', 'events_url': 'https://api.github.com/repos/microsoftgraph/msgraph-sdk-java-core/events', 'assignees_url': 'https://api.github.com/repos/microsoftgraph/msgraph-sdk-java-core/assignees{/user}', 'branches_url': 'https://api.github.com/repos/microsoftgraph/msgraph-sdk-java-core/branches{/branch}', 'tags_url': 'https://api.github.com/repos/microsoftgraph/msgraph-sdk-java-core/tags', 'blobs_url': 'https://api.github.com/repos/microsoftgraph/msgraph-sdk-java-core/git/blobs{/sha}', 'git_tags_url': 'https://api.github.com/repos/microsoftgraph/msgraph-sdk-java-core/git/tags{/sha}', 'git_refs_url': 'https://api.github.com/repos/microsoftgraph/msgraph-sdk-java-core/git/refs{/sha}', 'trees_url': 'https://api.github.com/repos/microsoftgraph/msgraph-sdk-java-core/git/trees{/sha}', 'statuses_url': 'https://api.github.com/repos/microsoftgraph/msgraph-sdk-java-core/statuses/{sha}', 'languages_url': 'https://api.github.com/repos/microsoftgraph/msgraph-sdk-java-core/languages', 'stargazers_url': 'https://api.github.com/repos/microsoftgraph/msgraph-sdk-java-core/stargazers', 'contributors_url': 'https://api.github.com/repos/microsoftgraph/msgraph-sdk-java-core/contributors', 'subscribers_url': 'https://api.github.com/repos/microsoftgraph/msgraph-sdk-java-core/subscribers', 'subscription_url': 'https://api.github.com/repos/microsoftgraph/msgraph-sdk-java-core/subscription', 'commits_url': 'https://api.github.com/repos/microsoftgraph/msgraph-sdk-java-core/commits{/sha}', 'git_commits_url': 'https://api.github.com/repos/microsoftgraph/msgraph-sdk-java-core/git/commits{/sha}', 'comments_url': 'https://api.github.com/repos/microsoftgraph/msgraph-sdk-java-core/comments{/number}', 'issue_comment_url': 'https://api.github.com/repos/microsoftgraph/msgraph-sdk-java-core/issues/comments{/number}', 'contents_url': 'https://api.github.com/repos/microsoftgraph/msgraph-sdk-java-core/contents/{+path}', 'compare_url': 'https://api.github.com/repos/microsoftgraph/msgraph-sdk-java-core/compare/{base}...{head}', 'merges_url': 'https://api.github.com/repos/microsoftgraph/msgraph-sdk-java-core/merges', 'archive_url': 'https://api.github.com/repos/microsoftgraph/msgraph-sdk-java-core/{archive_format}{/ref}', 'downloads_url': 'https://api.github.com/repos/microsoftgraph/msgraph-sdk-java-core/downloads', 'issues_url': 'https://api.github.com/repos/microsoftgraph/msgraph-sdk-java-core/issues{/number}', 'pulls_url': 'https://api.github.com/repos/microsoftgraph/msgraph-sdk-java-core/pulls{/number}', 'milestones_url': 'https://api.github.com/repos/microsoftgraph/msgraph-sdk-java-core/milestones{/number}', 'notifications_url': 'https://api.github.com/repos/microsoftgraph/msgraph-sdk-java-core/notifications{?since,all,participating}', 'labels_url': 'https://api.github.com/repos/microsoftgraph/msgraph-sdk-java-core/labels{/name}', 'releases_url': 'https://api.github.com/repos/microsoftgraph/msgraph-sdk-java-core/releases{/id}', 'deployments_url': 'https://api.github.com/repos/microsoftgraph/msgraph-sdk-java-core/deployments', 'created_at': '2018-10-25T03:53:47Z', 'updated_at': '2022-04-17T15:49:19Z', 'pushed_at': '2022-04-20T01:00:58Z', 'git_url': 'git://github.com/microsoftgraph/msgraph-sdk-java-core.git', 'ssh_url': 'git@github.com:microsoftgraph/msgraph-sdk-java-core.git', 'clone_url': 'https://github.com/microsoftgraph/msgraph-sdk-java-core.git', 'svn_url': 'https://github.com/microsoftgraph/msgraph-sdk-java-core', 'homepage': 'https://docs.microsoft.com/en-us/graph/sdks/sdks-overview', 'size': 1591, 'stargazers_count': 23, 'watchers_count': 23, 'language': 'Java', 'has_issues': True, 'has_projects': True, 'has_downloads': True, 'has_wiki': False, 'has_pages': False, 'forks_count': 22, 'mirror_url': None, 'archived': False, 'disabled': False, 'open_issues_count': 14, 'license': {'key': 'mit', 'name': 'MIT License', 'spdx_id': 'MIT', 'url': 'https://api.github.com/licenses/mit', 'node_id': 'MDc6TGljZW5zZTEz'}, 'allow_forking': True, 'is_template': False, 'topics': ['hacktoberfest', 'java', 'microsoft-graph', 'sdk'], 'visibility': 'public', 'forks': 22, 'open_issues': 14, 'watchers': 23, 'default_branch': 'dev'}}, '_links': {'self': {'href': 'https://api.github.com/repos/microsoftgraph/msgraph-sdk-java-core/pulls/484'}, 'html': {'href': 'https://github.com/microsoftgraph/msgraph-sdk-java-core/pull/484'}, 'issue': {'href': 'https://api.github.com/repos/microsoftgraph/msgraph-sdk-java-core/issues/484'}, 'comments': {'href': 'https://api.github.com/repos/microsoftgraph/msgraph-sdk-java-core/issues/484/comments'}, 'review_comments': {'href': 'https://api.github.com/repos/microsoftgraph/msgraph-sdk-java-core/pulls/484/comments'}, 'review_comment': {'href': 'https://api.github.com/repos/microsoftgraph/msgraph-sdk-java-core/pulls/comments{/number}'}, 'commits': {'href': 'https://api.github.com/repos/microsoftgraph/msgraph-sdk-java-core/pulls/484/commits'}, 'statuses': {'href': 'https://api.github.com/repos/microsoftgraph/msgraph-sdk-java-core/statuses/f4b154962bd1b63837ab70ef08c8915a4283c702'}}, 'author_association': 'CONTRIBUTOR', 'auto_merge': None, 'active_lock_reason': None, 'merged': False, 'mergeable': None, 'rebaseable': None, 'mergeable_state': 'unknown', 'merged_by': None, 'comments': 0, 'review_comments': 0, 'maintainer_can_modify': False, 'commits': 1, 'additions': 44, 'deletions': 7, 'changed_files': 3}}",opened,Java
21365601765,CreateEvent,microsoftgraph/msgraph-sdk-java-core,0.0,2022-04-20T01:00:34Z,"{'ref': 'feature/AuthProviderWithHosts', 'ref_type': 'branch', 'master_branch': 'dev', 'description': 'Microsoft Graph SDK for Java - Core Library', 'pusher_type': 'user'}",,Java
21363769807,IssueCommentEvent,microsoftgraph/msgraph-sdk-java,0.0,2022-04-19T21:56:36Z,"{'action': 'created', 'issue': {'url': 'https://api.github.com/repos/microsoftgraph/msgraph-sdk-java/issues/1045', 'repository_url': 'https://api.github.com/repos/microsoftgraph/msgraph-sdk-java', 'labels_url': 'https://api.github.com/repos/microsoftgraph/msgraph-sdk-java/issues/1045/labels{/name}', 'comments_url': 'https://api.github.com/repos/microsoftgraph/msgraph-sdk-java/issues/1045/comments', 'events_url': 'https://api.github.com/repos/microsoftgraph/msgraph-sdk-java/issues/1045/events', 'html_url': 'https://github.com/microsoftgraph/msgraph-sdk-java/issues/1045', 'id': 1201796503, 'node_id': 'I_kwDOBig9Oc5HofWX', 'number': 1045, 'title': 'Getting sockettimedout error when accessing graph API using Proxy', 'user': {'login': 'ponns94', 'id': 39656985, 'node_id': 'MDQ6VXNlcjM5NjU2OTg1', 'avatar_url': 'https://avatars.githubusercontent.com/u/39656985?v=4', 'gravatar_id': '', 'url': 'https://api.github.com/users/ponns94', 'html_url': 'https://github.com/ponns94', 'followers_url': 'https://api.github.com/users/ponns94/followers', 'following_url': 'https://api.github.com/users/ponns94/following{/other_user}', 'gists_url': 'https://api.github.com/users/ponns94/gists{/gist_id}', 'starred_url': 'https://api.github.com/users/ponns94/starred{/owner}{/repo}', 'subscriptions_url': 'https://api.github.com/users/ponns94/subscriptions', 'organizations_url': 'https://api.github.com/users/ponns94/orgs', 'repos_url': 'https://api.github.com/users/ponns94/repos', 'events_url': 'https://api.github.com/users/ponns94/events{/privacy}', 'received_events_url': 'https://api.github.com/users/ponns94/received_events', 'type': 'User', 'site_admin': False}, 'labels': [], 'state': 'open', 'locked': False, 'assignee': {'login': 'ramsessanchez', 'id': 63934382, 'node_id': 'MDQ6VXNlcjYzOTM0Mzgy', 'avatar_url': 'https://avatars.githubusercontent.com/u/63934382?v=4', 'gravatar_id': '', 'url': 'https://api.github.com/users/ramsessanchez', 'html_url': 'https://github.com/ramsessanchez', 'followers_url': 'https://api.github.com/users/ramsessanchez/followers', 'following_url': 'https://api.github.com/users/ramsessanchez/following{/other_user}', 'gists_url': 'https://api.github.com/users/ramsessanchez/gists{/gist_id}', 'starred_url': 'https://api.github.com/users/ramsessanchez/starred{/owner}{/repo}', 'subscriptions_url': 'https://api.github.com/users/ramsessanchez/subscriptions', 'organizations_url': 'https://api.github.com/users/ramsessanchez/orgs', 'repos_url': 'https://api.github.com/users/ramsessanchez/repos', 'events_url': 'https://api.github.com/users/ramsessanchez/events{/privacy}', 'received_events_url': 'https://api.github.com/users/ramsessanchez/received_events', 'type': 'User', 'site_admin': False}, 'assignees': [{'login': 'ramsessanchez', 'id': 63934382, 'node_id': 'MDQ6VXNlcjYzOTM0Mzgy', 'avatar_url': 'https://avatars.githubusercontent.com/u/63934382?v=4', 'gravatar_id': '', 'url': 'https://api.github.com/users/ramsessanchez', 'html_url': 'https://github.com/ramsessanchez', 'followers_url': 'https://api.github.com/users/ramsessanchez/followers', 'following_url': 'https://api.github.com/users/ramsessanchez/following{/other_user}', 'gists_url': 'https://api.github.com/users/ramsessanchez/gists{/gist_id}', 'starred_url': 'https://api.github.com/users/ramsessanchez/starred{/owner}{/repo}', 'subscriptions_url': 'https://api.github.com/users/ramsessanchez/subscriptions', 'organizations_url': 'https://api.github.com/users/ramsessanchez/orgs', 'repos_url': 'https://api.github.com/users/ramsessanchez/repos', 'events_url': 'https://api.github.com/users/ramsessanchez/events{/privacy}', 'received_events_url': 'https://api.github.com/users/ramsessanchez/received_events', 'type': 'User', 'site_admin': False}], 'milestone': None, 'comments': 2, 'created_at': '2022-04-12T12:45:03Z', 'updated_at': '2022-04-19T21:56:35Z', 'closed_at': None, 'author_association': 'NONE', 'active_lock_reason': None, 'body': '<!-- Read me before you submit this issue\r\n\r\nFirst off, thank you for taking the time to open this issue! We do appreciate it. Please bear with us if we don\'t get to this right away.\r\n\r\nIf this is a question about the Microsoft Graph service API, or a question about how to use this SDK, please post your question to StackOverflow with the [microsoftgraph] tag.\r\nhttps://stackoverflow.com/questions/tagged/microsoft-graph\r\n\r\nThis repo is for the Microsoft Graph Java SDK. Issues opened in this repo should only target this SDK.\r\n\r\nBefore you open this issue, did you:\r\n- Search the issues to determine whether someone already opened this issue?\r\n- Search StackOverflow for an answer?\r\n- Capture the repro steps and gather the information requested in the steps below to reproduce your scenario?\r\n- Review the samples under github.com/microsoftgraph? They can help for some scenarios.\r\n- Take a look at the functional tests in this repo? They may have an example for you. See the [functional tests](https://github.com/microsoftgraph/msgraph-sdk-java/tree/master/src/test/java/com/microsoft/graph/functional)\r\n\r\nPlease provide the following before submitting this issue:\r\n- Expected behavior. Please provide **links to the specific [Microsoft Graph documentation](https://developer.microsoft.com/en-us/graph/docs/concepts/overview)** you used to determine the expected behavior. \r\n- Actual behavior. Provide error codes, stack information, and a [Fiddler](http://www.telerik.com/fiddler) capture of the request and response (please remove personally identifiable information before posting).\r\n- Steps to reproduce the behavior. Include your code, IDE versions, client library versions, and any other information that might be helpful to understand your scenario.\r\n-->\r\n\r\nI am using custom authentication provider ( Implemented based on nimbus ) and trying to access graph api using proxy. My code is\r\n\r\nProxy proxy = new Proxy(Proxy.Type.HTTP, new InetSocketAddress(""host"", port));\r\n        final Authenticator proxyAuthenticator = new Authenticator() {\r\n            @Nullable\r\n            @Override\r\n            public Request authenticate(@Nullable Route route, @Nonnull Response response) throws IOException {\r\n                String credentials = Credentials.basic(""username"", ""password"");\r\n                return response.request().newBuilder().header(""Proxy-Authorization"", credentials).build();\r\n            }\r\n        };\r\n\r\n        HttpLoggingInterceptor loggingInterceptor = new HttpLoggingInterceptor(new GraphAPILogger());\r\n        loggingInterceptor.setLevel(HttpLoggingInterceptor.Level.BODY);\r\n\r\n        OkHttpClient httpClient = HttpClients.createDefault(new BaseAuthenticationProvider(){\r\n            @Nonnull\r\n            public CompletableFuture<String> getAuthorizationTokenAsync(@Nonnull final URL requestUrl) {\r\n                if(this.shouldAuthenticateRequestWithUrl(requestUrl)) {\r\n                    return CompletableFuture.completedFuture(GraphUtil.getInstance().getAccessToken());\r\n                } else {\r\n                    return CompletableFuture.completedFuture(null);\r\n                }\r\n            }\r\n        }).newBuilder().proxy(proxy).proxyAuthenticator(proxyAuthenticator).addNetworkInterceptor(loggingInterceptor).addInterceptor(loggingInterceptor).build();\r\n        GraphServiceClient<Request> graphServiceClient = GraphServiceClient.builder().httpClient(httpClient).buildClient();\r\n        User me = graphServiceClient.me().buildRequest().get();\r\n\r\n### Expected behavior\r\n\r\nI should get the user properties\r\n\r\n\r\n### Actual behavior\r\n\r\nINFO: <-- HTTP FAILED: java.net.SocketTimeoutException: timeout\r\nException in thread ""main"" com.microsoft.graph.core.ClientException: Error executing the request\r\n\tat com.microsoft.graph.http.CoreHttpProvider.sendRequestInternal(CoreHttpProvider.java:411)\r\n\tat com.microsoft.graph.http.CoreHttpProvider.send(CoreHttpProvider.java:226)\r\n\tat com.microsoft.graph.http.CoreHttpProvider.send(CoreHttpProvider.java:203)\r\n\tat com.microsoft.graph.http.BaseRequest.send(BaseRequest.java:335)\r\n\tat com.microsoft.graph.requests.UserRequest.get(UserRequest.java:138)\r\n\tat com.manageengine.servicedesk.mail.core.Test.uploadAttachmentInSession(Test.java:139)\r\n\tat com.manageengine.servicedesk.mail.core.Test.main(Test.java:85)\r\nCaused by: java.net.SocketTimeoutException: timeout\r\n\tat okio.SocketAsyncTimeout.newTimeoutException(JvmOkio.kt:143)\r\n\tat okio.AsyncTimeout.access$newTimeoutException(AsyncTimeout.kt:162)\r\n\tat okio.AsyncTimeout$source$1.read(AsyncTimeout.kt:335)\r\n\tat okio.RealBufferedSource.indexOf(RealBufferedSource.kt:427)\r\n\tat okio.RealBufferedSource.readUtf8LineStrict(RealBufferedSource.kt:320)\r\n\tat okhttp3.internal.http1.HeadersReader.readLine(HeadersReader.kt:29)\r\n\tat okhttp3.internal.http1.Http1ExchangeCodec.readResponseHeaders(Http1ExchangeCodec.kt:178)\r\n\tat okhttp3.internal.connection.RealConnection.createTunnel(RealConnection.kt:457)\r\n\tat okhttp3.internal.connection.RealConnection.connectTunnel(RealConnection.kt:262)\r\n\tat okhttp3.internal.connection.RealConnection.connect(RealConnection.kt:201)\r\n\tat okhttp3.internal.connection.ExchangeFinder.findConnection(ExchangeFinder.kt:226)\r\n\tat okhttp3.internal.connection.ExchangeFinder.findHealthyConnection(ExchangeFinder.kt:106)\r\n\tat okhttp3.internal.connection.ExchangeFinder.find(ExchangeFinder.kt:74)\r\n\tat okhttp3.internal.connection.RealCall.initExchange$okhttp(RealCall.kt:255)\r\n\tat okhttp3.internal.connection.ConnectInterceptor.intercept(ConnectInterceptor.kt:32)\r\n\tat okhttp3.internal.http.RealInterceptorChain.proceed(RealInterceptorChain.kt:109)\r\n\tat okhttp3.internal.cache.CacheInterceptor.intercept(CacheInterceptor.kt:95)\r\n\tat okhttp3.internal.http.RealInterceptorChain.proceed(RealInterceptorChain.kt:109)\r\n\tat okhttp3.internal.http.BridgeInterceptor.intercept(BridgeInterceptor.kt:83)\r\n\tat okhttp3.internal.http.RealInterceptorChain.proceed(RealInterceptorChain.kt:109)\r\n\tat okhttp3.internal.http.RetryAndFollowUpInterceptor.intercept(RetryAndFollowUpInterceptor.kt:76)\r\n\tat okhttp3.internal.http.RealInterceptorChain.proceed(RealInterceptorChain.kt:109)\r\n\tat okhttp3.logging.HttpLoggingInterceptor.intercept(HttpLoggingInterceptor.kt:221)\r\n\tat okhttp3.internal.http.RealInterceptorChain.proceed(RealInterceptorChain.kt:109)\r\n\tat com.microsoft.graph.httpcore.RedirectHandler.intercept(RedirectHandler.java:137)\r\n\tat okhttp3.internal.http.RealInterceptorChain.proceed(RealInterceptorChain.kt:109)\r\n\tat com.microsoft.graph.httpcore.RetryHandler.intercept(RetryHandler.java:177)\r\n\tat okhttp3.internal.http.RealInterceptorChain.proceed(RealInterceptorChain.kt:109)\r\n\tat com.microsoft.graph.httpcore.AuthenticationHandler.intercept(AuthenticationHandler.java:59)\r\n\tat okhttp3.internal.http.RealInterceptorChain.proceed(RealInterceptorChain.kt:109)\r\n\tat com.microsoft.graph.httpcore.TelemetryHandler.intercept(TelemetryHandler.java:69)\r\n\tat okhttp3.internal.http.RealInterceptorChain.proceed(RealInterceptorChain.kt:109)\r\n\tat okhttp3.internal.connection.RealCall.getResponseWithInterceptorChain$okhttp(RealCall.kt:201)\r\n\tat okhttp3.internal.connection.RealCall.execute(RealCall.kt:154)\r\n\tat com.microsoft.graph.http.CoreHttpProvider.sendRequestInternal(CoreHttpProvider.java:408)\r\n\t... 6 more\r\nCaused by: java.net.SocketTimeoutException: Read timed out\r\n\tat java.net.SocketInputStream.socketRead0(Native Method)\r\n\tat java.net.SocketInputStream.socketRead(SocketInputStream.java:116)\r\n\tat java.net.SocketInputStream.read(SocketInputStream.java:171)\r\n\tat java.net.SocketInputStream.read(SocketInputStream.java:141)\r\n\tat okio.InputStreamSource.read(JvmOkio.kt:90)\r\n\tat okio.AsyncTimeout$source$1.read(AsyncTimeout.kt:129)\r\n\t... 38 more\r\n\r\n\r\n### Steps to reproduce the behavior\r\n\r\nPlease let me know what am I missing here.\r\n\r\n', 'reactions': {'url': 'https://api.github.com/repos/microsoftgraph/msgraph-sdk-java/issues/1045/reactions', 'total_count': 0, '+1': 0, '-1': 0, 'laugh': 0, 'hooray': 0, 'confused': 0, 'heart': 0, 'rocket': 0, 'eyes': 0}, 'timeline_url': 'https://api.github.com/repos/microsoftgraph/msgraph-sdk-java/issues/1045/timeline', 'performed_via_github_app': None}, 'comment': {'url': 'https://api.github.com/repos/microsoftgraph/msgraph-sdk-java/issues/comments/1103209361', 'html_url': 'https://github.com/microsoftgraph/msgraph-sdk-java/issues/1045#issuecomment-1103209361', 'issue_url': 'https://api.github.com/repos/microsoftgraph/msgraph-sdk-java/issues/1045', 'id': 1103209361, 'node_id': 'IC_kwDOBig9Oc5BwaOR', 'user': {'login': 'ramsessanchez', 'id': 63934382, 'node_id': 'MDQ6VXNlcjYzOTM0Mzgy', 'avatar_url': 'https://avatars.githubusercontent.com/u/63934382?v=4', 'gravatar_id': '', 'url': 'https://api.github.com/users/ramsessanchez', 'html_url': 'https://github.com/ramsessanchez', 'followers_url': 'https://api.github.com/users/ramsessanchez/followers', 'following_url': 'https://api.github.com/users/ramsessanchez/following{/other_user}', 'gists_url': 'https://api.github.com/users/ramsessanchez/gists{/gist_id}', 'starred_url': 'https://api.github.com/users/ramsessanchez/starred{/owner}{/repo}', 'subscriptions_url': 'https://api.github.com/users/ramsessanchez/subscriptions', 'organizations_url': 'https://api.github.com/users/ramsessanchez/orgs', 'repos_url': 'https://api.github.com/users/ramsessanchez/repos', 'events_url': 'https://api.github.com/users/ramsessanchez/events{/privacy}', 'received_events_url': 'https://api.github.com/users/ramsessanchez/received_events', 'type': 'User', 'site_admin': False}, 'created_at': '2022-04-19T21:56:35Z', 'updated_at': '2022-04-19T21:56:35Z', 'author_association': 'CONTRIBUTOR', 'body': 'Hi @ponns94 , apologies for the delay. Firstly, could you tell me more about the Graph SDK version you are using? Also, is it possible for you to use Azure Identity for authentication in your scenario? ', 'reactions': {'url': 'https://api.github.com/repos/microsoftgraph/msgraph-sdk-java/issues/comments/1103209361/reactions', 'total_count': 0, '+1': 0, '-1': 0, 'laugh': 0, 'hooray': 0, 'confused': 0, 'heart': 0, 'rocket': 0, 'eyes': 0}, 'performed_via_github_app': None}}",created,Java
21363388108,IssueCommentEvent,microsoftgraph/msgraph-sdk-java,0.0,2022-04-19T21:26:25Z,"{'action': 'created', 'issue': {'url': 'https://api.github.com/repos/microsoftgraph/msgraph-sdk-java/issues/1049', 'repository_url': 'https://api.github.com/repos/microsoftgraph/msgraph-sdk-java', 'labels_url': 'https://api.github.com/repos/microsoftgraph/msgraph-sdk-java/issues/1049/labels{/name}', 'comments_url': 'https://api.github.com/repos/microsoftgraph/msgraph-sdk-java/issues/1049/comments', 'events_url': 'https://api.github.com/repos/microsoftgraph/msgraph-sdk-java/issues/1049/events', 'html_url': 'https://github.com/microsoftgraph/msgraph-sdk-java/issues/1049', 'id': 1208182634, 'node_id': 'I_kwDOBig9Oc5IA2dq', 'number': 1049, 'title': 'Graph API - Sharepoint copyItem with parentReference not working', 'user': {'login': 'vivekbdh', 'id': 22887349, 'node_id': 'MDQ6VXNlcjIyODg3MzQ5', 'avatar_url': 'https://avatars.githubusercontent.com/u/22887349?v=4', 'gravatar_id': '', 'url': 'https://api.github.com/users/vivekbdh', 'html_url': 'https://github.com/vivekbdh', 'followers_url': 'https://api.github.com/users/vivekbdh/followers', 'following_url': 'https://api.github.com/users/vivekbdh/following{/other_user}', 'gists_url': 'https://api.github.com/users/vivekbdh/gists{/gist_id}', 'starred_url': 'https://api.github.com/users/vivekbdh/starred{/owner}{/repo}', 'subscriptions_url': 'https://api.github.com/users/vivekbdh/subscriptions', 'organizations_url': 'https://api.github.com/users/vivekbdh/orgs', 'repos_url': 'https://api.github.com/users/vivekbdh/repos', 'events_url': 'https://api.github.com/users/vivekbdh/events{/privacy}', 'received_events_url': 'https://api.github.com/users/vivekbdh/received_events', 'type': 'User', 'site_admin': False}, 'labels': [{'id': 1355321240, 'node_id': 'MDU6TGFiZWwxMzU1MzIxMjQw', 'url': 'https://api.github.com/repos/microsoftgraph/msgraph-sdk-java/labels/Service', 'name': 'Service', 'color': 'FFA500', 'default': False, 'description': ''}, {'id': 1369813461, 'node_id': 'MDU6TGFiZWwxMzY5ODEzNDYx', 'url': 'https://api.github.com/repos/microsoftgraph/msgraph-sdk-java/labels/service%20issue', 'name': 'service issue', 'color': '8bf93b', 'default': False, 'description': ''}, {'id': 1575412316, 'node_id': 'MDU6TGFiZWwxNTc1NDEyMzE2', 'url': 'https://api.github.com/repos/microsoftgraph/msgraph-sdk-java/labels/Needs:%20Attention%20:wave:', 'name': 'Needs: Attention :wave:', 'color': 'ededed', 'default': False, 'description': None}], 'state': 'open', 'locked': False, 'assignee': {'login': 'ramsessanchez', 'id': 63934382, 'node_id': 'MDQ6VXNlcjYzOTM0Mzgy', 'avatar_url': 'https://avatars.githubusercontent.com/u/63934382?v=4', 'gravatar_id': '', 'url': 'https://api.github.com/users/ramsessanchez', 'html_url': 'https://github.com/ramsessanchez', 'followers_url': 'https://api.github.com/users/ramsessanchez/followers', 'following_url': 'https://api.github.com/users/ramsessanchez/following{/other_user}', 'gists_url': 'https://api.github.com/users/ramsessanchez/gists{/gist_id}', 'starred_url': 'https://api.github.com/users/ramsessanchez/starred{/owner}{/repo}', 'subscriptions_url': 'https://api.github.com/users/ramsessanchez/subscriptions', 'organizations_url': 'https://api.github.com/users/ramsessanchez/orgs', 'repos_url': 'https://api.github.com/users/ramsessanchez/repos', 'events_url': 'https://api.github.com/users/ramsessanchez/events{/privacy}', 'received_events_url': 'https://api.github.com/users/ramsessanchez/received_events', 'type': 'User', 'site_admin': False}, 'assignees': [{'login': 'ramsessanchez', 'id': 63934382, 'node_id': 'MDQ6VXNlcjYzOTM0Mzgy', 'avatar_url': 'https://avatars.githubusercontent.com/u/63934382?v=4', 'gravatar_id': '', 'url': 'https://api.github.com/users/ramsessanchez', 'html_url': 'https://github.com/ramsessanchez', 'followers_url': 'https://api.github.com/users/ramsessanchez/followers', 'following_url': 'https://api.github.com/users/ramsessanchez/following{/other_user}', 'gists_url': 'https://api.github.com/users/ramsessanchez/gists{/gist_id}', 'starred_url': 'https://api.github.com/users/ramsessanchez/starred{/owner}{/repo}', 'subscriptions_url': 'https://api.github.com/users/ramsessanchez/subscriptions', 'organizations_url': 'https://api.github.com/users/ramsessanchez/orgs', 'repos_url': 'https://api.github.com/users/ramsessanchez/repos', 'events_url': 'https://api.github.com/users/ramsessanchez/events{/privacy}', 'received_events_url': 'https://api.github.com/users/ramsessanchez/received_events', 'type': 'User', 'site_admin': False}], 'milestone': None, 'comments': 2, 'created_at': '2022-04-19T10:59:28Z', 'updated_at': '2022-04-19T21:26:25Z', 'closed_at': None, 'author_association': 'NONE', 'active_lock_reason': None, 'body': ""Hello everyone,\r\n\r\nRef:\r\nhttps://docs.microsoft.com/en-us/graph/api/driveitem-copy?view=graph-rest-1.0&tabs=http\r\n\r\nThis API of copy drive item using graph API version 2.3.2 was working fine and since morning without any code change we are facing an issue. It seems that even if we pass the parent reference, still it's copying into the same directory as the source file.\r\n\r\nWe are copying files from one folder to another folder with a new path and name using graph API and kotlin\r\n\r\n```\r\nmicrosoftGraphClient.drives(documentStorage.driveId).items([fileToCopy.id](http://filetocopy.id/))\r\n.copy(it.newPath.getFilename(), parentReference)\r\n.buildRequest()\r\n.post()\r\n```\r\n\r\nThe above code was working till 18th-April-2022 and not working since 19th-April-2022 morning. It is copying files in the same directory as the source file instead of copying them into the new location.\r\n\r\nCan someone look into it and revert?"", 'reactions': {'url': 'https://api.github.com/repos/microsoftgraph/msgraph-sdk-java/issues/1049/reactions', 'total_count': 0, '+1': 0, '-1': 0, 'laugh': 0, 'hooray': 0, 'confused': 0, 'heart': 0, 'rocket': 0, 'eyes': 0}, 'timeline_url': 'https://api.github.com/repos/microsoftgraph/msgraph-sdk-java/issues/1049/timeline', 'performed_via_github_app': None}, 'comment': {'url': 'https://api.github.com/repos/microsoftgraph/msgraph-sdk-java/issues/comments/1103189883', 'html_url': 'https://github.com/microsoftgraph/msgraph-sdk-java/issues/1049#issuecomment-1103189883', 'issue_url': 'https://api.github.com/repos/microsoftgraph/msgraph-sdk-java/issues/1049', 'id': 1103189883, 'node_id': 'IC_kwDOBig9Oc5BwVd7', 'user': {'login': 'ramsessanchez', 'id': 63934382, 'node_id': 'MDQ6VXNlcjYzOTM0Mzgy', 'avatar_url': 'https://avatars.githubusercontent.com/u/63934382?v=4', 'gravatar_id': '', 'url': 'https://api.github.com/users/ramsessanchez', 'html_url': 'https://github.com/ramsessanchez', 'followers_url': 'https://api.github.com/users/ramsessanchez/followers', 'following_url': 'https://api.github.com/users/ramsessanchez/following{/other_user}', 'gists_url': 'https://api.github.com/users/ramsessanchez/gists{/gist_id}', 'starred_url': 'https://api.github.com/users/ramsessanchez/starred{/owner}{/repo}', 'subscriptions_url': 'https://api.github.com/users/ramsessanchez/subscriptions', 'organizations_url': 'https://api.github.com/users/ramsessanchez/orgs', 'repos_url': 'https://api.github.com/users/ramsessanchez/repos', 'events_url': 'https://api.github.com/users/ramsessanchez/events{/privacy}', 'received_events_url': 'https://api.github.com/users/ramsessanchez/received_events', 'type': 'User', 'site_admin': False}, 'created_at': '2022-04-19T21:26:25Z', 'updated_at': '2022-04-19T21:26:25Z', 'author_association': 'CONTRIBUTOR', 'body': ""Hi @vivekbdh , unfortunately we are no longer working with Graph version 2.*.* as we are currently on version 5.19.0 so there have been no updates to the graph SDK version that you are using. It is more likely that there may have been a change to the Sharepoint/Drive endpoint, this is something that is not easily reverted as we do not manage the specific API's that the graph SDK calls on. Is it possible for you to update to a newer version of the graph SDK? "", 'reactions': {'url': 'https://api.github.com/repos/microsoftgraph/msgraph-sdk-java/issues/comments/1103189883/reactions', 'total_count': 0, '+1': 0, '-1': 0, 'laugh': 0, 'hooray': 0, 'confused': 0, 'heart': 0, 'rocket': 0, 'eyes': 0}, 'performed_via_github_app': None}}",created,Java
21351284979,PullRequestEvent,microsoftgraph/msgraph-beta-sdk-java,0.0,2022-04-19T10:16:24Z,"{'action': 'opened', 'number': 281, 'pull_request': {'url': 'https://api.github.com/repos/microsoftgraph/msgraph-beta-sdk-java/pulls/281', 'id': 912915250, 'node_id': 'PR_kwDODDF5Ls42afsy', 'html_url': 'https://github.com/microsoftgraph/msgraph-beta-sdk-java/pull/281', 'diff_url': 'https://github.com/microsoftgraph/msgraph-beta-sdk-java/pull/281.diff', 'patch_url': 'https://github.com/microsoftgraph/msgraph-beta-sdk-java/pull/281.patch', 'issue_url': 'https://api.github.com/repos/microsoftgraph/msgraph-beta-sdk-java/issues/281', 'number': 281, 'state': 'open', 'locked': False, 'title': 'Generated beta models and request builders using Typewriter', 'user': {'login': 'ramsessanchez', 'id': 63934382, 'node_id': 'MDQ6VXNlcjYzOTM0Mzgy', 'avatar_url': 'https://avatars.githubusercontent.com/u/63934382?v=4', 'gravatar_id': '', 'url': 'https://api.github.com/users/ramsessanchez', 'html_url': 'https://github.com/ramsessanchez', 'followers_url': 'https://api.github.com/users/ramsessanchez/followers', 'following_url': 'https://api.github.com/users/ramsessanchez/following{/other_user}', 'gists_url': 'https://api.github.com/users/ramsessanchez/gists{/gist_id}', 'starred_url': 'https://api.github.com/users/ramsessanchez/starred{/owner}{/repo}', 'subscriptions_url': 'https://api.github.com/users/ramsessanchez/subscriptions', 'organizations_url': 'https://api.github.com/users/ramsessanchez/orgs', 'repos_url': 'https://api.github.com/users/ramsessanchez/repos', 'events_url': 'https://api.github.com/users/ramsessanchez/events{/privacy}', 'received_events_url': 'https://api.github.com/users/ramsessanchez/received_events', 'type': 'User', 'site_admin': False}, 'body': 'This pull request was automatically created by the GitHub Action, **create pull request**. \n\n The commit hash is _a590a0e72809331a0479476123fa4e0c81913d83_. \n\n **Important** Check for unexpected deletions or changes in this PR.', 'created_at': '2022-04-19T10:16:23Z', 'updated_at': '2022-04-19T10:16:23Z', 'closed_at': None, 'merged_at': None, 'merge_commit_sha': None, 'assignee': None, 'assignees': [], 'requested_reviewers': [], 'requested_teams': [], 'labels': [], 'milestone': None, 'draft': False, 'commits_url': 'https://api.github.com/repos/microsoftgraph/msgraph-beta-sdk-java/pulls/281/commits', 'review_comments_url': 'https://api.github.com/repos/microsoftgraph/msgraph-beta-sdk-java/pulls/281/comments', 'review_comment_url': 'https://api.github.com/repos/microsoftgraph/msgraph-beta-sdk-java/pulls/comments{/number}', 'comments_url': 'https://api.github.com/repos/microsoftgraph/msgraph-beta-sdk-java/issues/281/comments', 'statuses_url': 'https://api.github.com/repos/microsoftgraph/msgraph-beta-sdk-java/statuses/a590a0e72809331a0479476123fa4e0c81913d83', 'head': {'label': 'microsoftgraph:beta/pipelinebuild/72944', 'ref': 'beta/pipelinebuild/72944', 'sha': 'a590a0e72809331a0479476123fa4e0c81913d83', 'user': {'login': 'microsoftgraph', 'id': 17304259, 'node_id': 'MDEyOk9yZ2FuaXphdGlvbjE3MzA0MjU5', 'avatar_url': 'https://avatars.githubusercontent.com/u/17304259?v=4', 'gravatar_id': '', 'url': 'https://api.github.com/users/microsoftgraph', 'html_url': 'https://github.com/microsoftgraph', 'followers_url': 'https://api.github.com/users/microsoftgraph/followers', 'following_url': 'https://api.github.com/users/microsoftgraph/following{/other_user}', 'gists_url': 'https://api.github.com/users/microsoftgraph/gists{/gist_id}', 'starred_url': 'https://api.github.com/users/microsoftgraph/starred{/owner}{/repo}', 'subscriptions_url': 'https://api.github.com/users/microsoftgraph/subscriptions', 'organizations_url': 'https://api.github.com/users/microsoftgraph/orgs', 'repos_url': 'https://api.github.com/users/microsoftgraph/repos', 'events_url': 'https://api.github.com/users/microsoftgraph/events{/privacy}', 'received_events_url': 'https://api.github.com/users/microsoftgraph/received_events', 'type': 'Organization', 'site_admin': False}, 'repo': {'id': 204568878, 'node_id': 'MDEwOlJlcG9zaXRvcnkyMDQ1Njg4Nzg=', 'name': 'msgraph-beta-sdk-java', 'full_name': 'microsoftgraph/msgraph-beta-sdk-java', 'private': False, 'owner': {'login': 'microsoftgraph', 'id': 17304259, 'node_id': 'MDEyOk9yZ2FuaXphdGlvbjE3MzA0MjU5', 'avatar_url': 'https://avatars.githubusercontent.com/u/17304259?v=4', 'gravatar_id': '', 'url': 'https://api.github.com/users/microsoftgraph', 'html_url': 'https://github.com/microsoftgraph', 'followers_url': 'https://api.github.com/users/microsoftgraph/followers', 'following_url': 'https://api.github.com/users/microsoftgraph/following{/other_user}', 'gists_url': 'https://api.github.com/users/microsoftgraph/gists{/gist_id}', 'starred_url': 'https://api.github.com/users/microsoftgraph/starred{/owner}{/repo}', 'subscriptions_url': 'https://api.github.com/users/microsoftgraph/subscriptions', 'organizations_url': 'https://api.github.com/users/microsoftgraph/orgs', 'repos_url': 'https://api.github.com/users/microsoftgraph/repos', 'events_url': 'https://api.github.com/users/microsoftgraph/events{/privacy}', 'received_events_url': 'https://api.github.com/users/microsoftgraph/received_events', 'type': 'Organization', 'site_admin': False}, 'html_url': 'https://github.com/microsoftgraph/msgraph-beta-sdk-java', 'description': 'Microsoft Graph Beta Java SDK', 'fork': False, 'url': 'https://api.github.com/repos/microsoftgraph/msgraph-beta-sdk-java', 'forks_url': 'https://api.github.com/repos/microsoftgraph/msgraph-beta-sdk-java/forks', 'keys_url': 'https://api.github.com/repos/microsoftgraph/msgraph-beta-sdk-java/keys{/key_id}', 'collaborators_url': 'https://api.github.com/repos/microsoftgraph/msgraph-beta-sdk-java/collaborators{/collaborator}', 'teams_url': 'https://api.github.com/repos/microsoftgraph/msgraph-beta-sdk-java/teams', 'hooks_url': 'https://api.github.com/repos/microsoftgraph/msgraph-beta-sdk-java/hooks', 'issue_events_url': 'https://api.github.com/repos/microsoftgraph/msgraph-beta-sdk-java/issues/events{/number}', 'events_url': 'https://api.github.com/repos/microsoftgraph/msgraph-beta-sdk-java/events', 'assignees_url': 'https://api.github.com/repos/microsoftgraph/msgraph-beta-sdk-java/assignees{/user}', 'branches_url': 'https://api.github.com/repos/microsoftgraph/msgraph-beta-sdk-java/branches{/branch}', 'tags_url': 'https://api.github.com/repos/microsoftgraph/msgraph-beta-sdk-java/tags', 'blobs_url': 'https://api.github.com/repos/microsoftgraph/msgraph-beta-sdk-java/git/blobs{/sha}', 'git_tags_url': 'https://api.github.com/repos/microsoftgraph/msgraph-beta-sdk-java/git/tags{/sha}', 'git_refs_url': 'https://api.github.com/repos/microsoftgraph/msgraph-beta-sdk-java/git/refs{/sha}', 'trees_url': 'https://api.github.com/repos/microsoftgraph/msgraph-beta-sdk-java/git/trees{/sha}', 'statuses_url': 'https://api.github.com/repos/microsoftgraph/msgraph-beta-sdk-java/statuses/{sha}', 'languages_url': 'https://api.github.com/repos/microsoftgraph/msgraph-beta-sdk-java/languages', 'stargazers_url': 'https://api.github.com/repos/microsoftgraph/msgraph-beta-sdk-java/stargazers', 'contributors_url': 'https://api.github.com/repos/microsoftgraph/msgraph-beta-sdk-java/contributors', 'subscribers_url': 'https://api.github.com/repos/microsoftgraph/msgraph-beta-sdk-java/subscribers', 'subscription_url': 'https://api.github.com/repos/microsoftgraph/msgraph-beta-sdk-java/subscription', 'commits_url': 'https://api.github.com/repos/microsoftgraph/msgraph-beta-sdk-java/commits{/sha}', 'git_commits_url': 'https://api.github.com/repos/microsoftgraph/msgraph-beta-sdk-java/git/commits{/sha}', 'comments_url': 'https://api.github.com/repos/microsoftgraph/msgraph-beta-sdk-java/comments{/number}', 'issue_comment_url': 'https://api.github.com/repos/microsoftgraph/msgraph-beta-sdk-java/issues/comments{/number}', 'contents_url': 'https://api.github.com/repos/microsoftgraph/msgraph-beta-sdk-java/contents/{+path}', 'compare_url': 'https://api.github.com/repos/microsoftgraph/msgraph-beta-sdk-java/compare/{base}...{head}', 'merges_url': 'https://api.github.com/repos/microsoftgraph/msgraph-beta-sdk-java/merges', 'archive_url': 'https://api.github.com/repos/microsoftgraph/msgraph-beta-sdk-java/{archive_format}{/ref}', 'downloads_url': 'https://api.github.com/repos/microsoftgraph/msgraph-beta-sdk-java/downloads', 'issues_url': 'https://api.github.com/repos/microsoftgraph/msgraph-beta-sdk-java/issues{/number}', 'pulls_url': 'https://api.github.com/repos/microsoftgraph/msgraph-beta-sdk-java/pulls{/number}', 'milestones_url': 'https://api.github.com/repos/microsoftgraph/msgraph-beta-sdk-java/milestones{/number}', 'notifications_url': 'https://api.github.com/repos/microsoftgraph/msgraph-beta-sdk-java/notifications{?since,all,participating}', 'labels_url': 'https://api.github.com/repos/microsoftgraph/msgraph-beta-sdk-java/labels{/name}', 'releases_url': 'https://api.github.com/repos/microsoftgraph/msgraph-beta-sdk-java/releases{/id}', 'deployments_url': 'https://api.github.com/repos/microsoftgraph/msgraph-beta-sdk-java/deployments', 'created_at': '2019-08-26T21:59:24Z', 'updated_at': '2022-04-15T21:56:29Z', 'pushed_at': '2022-04-19T10:16:23Z', 'git_url': 'git://github.com/microsoftgraph/msgraph-beta-sdk-java.git', 'ssh_url': 'git@github.com:microsoftgraph/msgraph-beta-sdk-java.git', 'clone_url': 'https://github.com/microsoftgraph/msgraph-beta-sdk-java.git', 'svn_url': 'https://github.com/microsoftgraph/msgraph-beta-sdk-java', 'homepage': 'https://docs.microsoft.com/en-us/graph/sdks/use-beta?tabs=Java', 'size': 52360, 'stargazers_count': 9, 'watchers_count': 9, 'language': 'Java', 'has_issues': True, 'has_projects': True, 'has_downloads': True, 'has_wiki': False, 'has_pages': False, 'forks_count': 5, 'mirror_url': None, 'archived': False, 'disabled': False, 'open_issues_count': 3, 'license': {'key': 'mit', 'name': 'MIT License', 'spdx_id': 'MIT', 'url': 'https://api.github.com/licenses/mit', 'node_id': 'MDc6TGljZW5zZTEz'}, 'allow_forking': True, 'is_template': False, 'topics': ['java', 'microsoft-graph', 'sdk'], 'visibility': 'public', 'forks': 5, 'open_issues': 3, 'watchers': 9, 'default_branch': 'dev'}}, 'base': {'label': 'microsoftgraph:dev', 'ref': 'dev', 'sha': '7a36cbefd05035e3ca2e9e8d13858600da2ebad9', 'user': {'login': 'microsoftgraph', 'id': 17304259, 'node_id': 'MDEyOk9yZ2FuaXphdGlvbjE3MzA0MjU5', 'avatar_url': 'https://avatars.githubusercontent.com/u/17304259?v=4', 'gravatar_id': '', 'url': 'https://api.github.com/users/microsoftgraph', 'html_url': 'https://github.com/microsoftgraph', 'followers_url': 'https://api.github.com/users/microsoftgraph/followers', 'following_url': 'https://api.github.com/users/microsoftgraph/following{/other_user}', 'gists_url': 'https://api.github.com/users/microsoftgraph/gists{/gist_id}', 'starred_url': 'https://api.github.com/users/microsoftgraph/starred{/owner}{/repo}', 'subscriptions_url': 'https://api.github.com/users/microsoftgraph/subscriptions', 'organizations_url': 'https://api.github.com/users/microsoftgraph/orgs', 'repos_url': 'https://api.github.com/users/microsoftgraph/repos', 'events_url': 'https://api.github.com/users/microsoftgraph/events{/privacy}', 'received_events_url': 'https://api.github.com/users/microsoftgraph/received_events', 'type': 'Organization', 'site_admin': False}, 'repo': {'id': 204568878, 'node_id': 'MDEwOlJlcG9zaXRvcnkyMDQ1Njg4Nzg=', 'name': 'msgraph-beta-sdk-java', 'full_name': 'microsoftgraph/msgraph-beta-sdk-java', 'private': False, 'owner': {'login': 'microsoftgraph', 'id': 17304259, 'node_id': 'MDEyOk9yZ2FuaXphdGlvbjE3MzA0MjU5', 'avatar_url': 'https://avatars.githubusercontent.com/u/17304259?v=4', 'gravatar_id': '', 'url': 'https://api.github.com/users/microsoftgraph', 'html_url': 'https://github.com/microsoftgraph', 'followers_url': 'https://api.github.com/users/microsoftgraph/followers', 'following_url': 'https://api.github.com/users/microsoftgraph/following{/other_user}', 'gists_url': 'https://api.github.com/users/microsoftgraph/gists{/gist_id}', 'starred_url': 'https://api.github.com/users/microsoftgraph/starred{/owner}{/repo}', 'subscriptions_url': 'https://api.github.com/users/microsoftgraph/subscriptions', 'organizations_url': 'https://api.github.com/users/microsoftgraph/orgs', 'repos_url': 'https://api.github.com/users/microsoftgraph/repos', 'events_url': 'https://api.github.com/users/microsoftgraph/events{/privacy}', 'received_events_url': 'https://api.github.com/users/microsoftgraph/received_events', 'type': 'Organization', 'site_admin': False}, 'html_url': 'https://github.com/microsoftgraph/msgraph-beta-sdk-java', 'description': 'Microsoft Graph Beta Java SDK', 'fork': False, 'url': 'https://api.github.com/repos/microsoftgraph/msgraph-beta-sdk-java', 'forks_url': 'https://api.github.com/repos/microsoftgraph/msgraph-beta-sdk-java/forks', 'keys_url': 'https://api.github.com/repos/microsoftgraph/msgraph-beta-sdk-java/keys{/key_id}', 'collaborators_url': 'https://api.github.com/repos/microsoftgraph/msgraph-beta-sdk-java/collaborators{/collaborator}', 'teams_url': 'https://api.github.com/repos/microsoftgraph/msgraph-beta-sdk-java/teams', 'hooks_url': 'https://api.github.com/repos/microsoftgraph/msgraph-beta-sdk-java/hooks', 'issue_events_url': 'https://api.github.com/repos/microsoftgraph/msgraph-beta-sdk-java/issues/events{/number}', 'events_url': 'https://api.github.com/repos/microsoftgraph/msgraph-beta-sdk-java/events', 'assignees_url': 'https://api.github.com/repos/microsoftgraph/msgraph-beta-sdk-java/assignees{/user}', 'branches_url': 'https://api.github.com/repos/microsoftgraph/msgraph-beta-sdk-java/branches{/branch}', 'tags_url': 'https://api.github.com/repos/microsoftgraph/msgraph-beta-sdk-java/tags', 'blobs_url': 'https://api.github.com/repos/microsoftgraph/msgraph-beta-sdk-java/git/blobs{/sha}', 'git_tags_url': 'https://api.github.com/repos/microsoftgraph/msgraph-beta-sdk-java/git/tags{/sha}', 'git_refs_url': 'https://api.github.com/repos/microsoftgraph/msgraph-beta-sdk-java/git/refs{/sha}', 'trees_url': 'https://api.github.com/repos/microsoftgraph/msgraph-beta-sdk-java/git/trees{/sha}', 'statuses_url': 'https://api.github.com/repos/microsoftgraph/msgraph-beta-sdk-java/statuses/{sha}', 'languages_url': 'https://api.github.com/repos/microsoftgraph/msgraph-beta-sdk-java/languages', 'stargazers_url': 'https://api.github.com/repos/microsoftgraph/msgraph-beta-sdk-java/stargazers', 'contributors_url': 'https://api.github.com/repos/microsoftgraph/msgraph-beta-sdk-java/contributors', 'subscribers_url': 'https://api.github.com/repos/microsoftgraph/msgraph-beta-sdk-java/subscribers', 'subscription_url': 'https://api.github.com/repos/microsoftgraph/msgraph-beta-sdk-java/subscription', 'commits_url': 'https://api.github.com/repos/microsoftgraph/msgraph-beta-sdk-java/commits{/sha}', 'git_commits_url': 'https://api.github.com/repos/microsoftgraph/msgraph-beta-sdk-java/git/commits{/sha}', 'comments_url': 'https://api.github.com/repos/microsoftgraph/msgraph-beta-sdk-java/comments{/number}', 'issue_comment_url': 'https://api.github.com/repos/microsoftgraph/msgraph-beta-sdk-java/issues/comments{/number}', 'contents_url': 'https://api.github.com/repos/microsoftgraph/msgraph-beta-sdk-java/contents/{+path}', 'compare_url': 'https://api.github.com/repos/microsoftgraph/msgraph-beta-sdk-java/compare/{base}...{head}', 'merges_url': 'https://api.github.com/repos/microsoftgraph/msgraph-beta-sdk-java/merges', 'archive_url': 'https://api.github.com/repos/microsoftgraph/msgraph-beta-sdk-java/{archive_format}{/ref}', 'downloads_url': 'https://api.github.com/repos/microsoftgraph/msgraph-beta-sdk-java/downloads', 'issues_url': 'https://api.github.com/repos/microsoftgraph/msgraph-beta-sdk-java/issues{/number}', 'pulls_url': 'https://api.github.com/repos/microsoftgraph/msgraph-beta-sdk-java/pulls{/number}', 'milestones_url': 'https://api.github.com/repos/microsoftgraph/msgraph-beta-sdk-java/milestones{/number}', 'notifications_url': 'https://api.github.com/repos/microsoftgraph/msgraph-beta-sdk-java/notifications{?since,all,participating}', 'labels_url': 'https://api.github.com/repos/microsoftgraph/msgraph-beta-sdk-java/labels{/name}', 'releases_url': 'https://api.github.com/repos/microsoftgraph/msgraph-beta-sdk-java/releases{/id}', 'deployments_url': 'https://api.github.com/repos/microsoftgraph/msgraph-beta-sdk-java/deployments', 'created_at': '2019-08-26T21:59:24Z', 'updated_at': '2022-04-15T21:56:29Z', 'pushed_at': '2022-04-19T10:16:23Z', 'git_url': 'git://github.com/microsoftgraph/msgraph-beta-sdk-java.git', 'ssh_url': 'git@github.com:microsoftgraph/msgraph-beta-sdk-java.git', 'clone_url': 'https://github.com/microsoftgraph/msgraph-beta-sdk-java.git', 'svn_url': 'https://github.com/microsoftgraph/msgraph-beta-sdk-java', 'homepage': 'https://docs.microsoft.com/en-us/graph/sdks/use-beta?tabs=Java', 'size': 52360, 'stargazers_count': 9, 'watchers_count': 9, 'language': 'Java', 'has_issues': True, 'has_projects': True, 'has_downloads': True, 'has_wiki': False, 'has_pages': False, 'forks_count': 5, 'mirror_url': None, 'archived': False, 'disabled': False, 'open_issues_count': 3, 'license': {'key': 'mit', 'name': 'MIT License', 'spdx_id': 'MIT', 'url': 'https://api.github.com/licenses/mit', 'node_id': 'MDc6TGljZW5zZTEz'}, 'allow_forking': True, 'is_template': False, 'topics': ['java', 'microsoft-graph', 'sdk'], 'visibility': 'public', 'forks': 5, 'open_issues': 3, 'watchers': 9, 'default_branch': 'dev'}}, '_links': {'self': {'href': 'https://api.github.com/repos/microsoftgraph/msgraph-beta-sdk-java/pulls/281'}, 'html': {'href': 'https://github.com/microsoftgraph/msgraph-beta-sdk-java/pull/281'}, 'issue': {'href': 'https://api.github.com/repos/microsoftgraph/msgraph-beta-sdk-java/issues/281'}, 'comments': {'href': 'https://api.github.com/repos/microsoftgraph/msgraph-beta-sdk-java/issues/281/comments'}, 'review_comments': {'href': 'https://api.github.com/repos/microsoftgraph/msgraph-beta-sdk-java/pulls/281/comments'}, 'review_comment': {'href': 'https://api.github.com/repos/microsoftgraph/msgraph-beta-sdk-java/pulls/comments{/number}'}, 'commits': {'href': 'https://api.github.com/repos/microsoftgraph/msgraph-beta-sdk-java/pulls/281/commits'}, 'statuses': {'href': 'https://api.github.com/repos/microsoftgraph/msgraph-beta-sdk-java/statuses/a590a0e72809331a0479476123fa4e0c81913d83'}}, 'author_association': 'CONTRIBUTOR', 'auto_merge': None, 'active_lock_reason': None, 'merged': False, 'mergeable': None, 'rebaseable': None, 'mergeable_state': 'unknown', 'merged_by': None, 'comments': 0, 'review_comments': 0, 'maintainer_can_modify': False, 'commits': 1, 'additions': 30, 'deletions': 27, 'changed_files': 15}}",opened,Java
21351210319,PullRequestEvent,microsoftgraph/msgraph-sdk-java,0.0,2022-04-19T10:12:19Z,"{'action': 'opened', 'number': 1048, 'pull_request': {'url': 'https://api.github.com/repos/microsoftgraph/msgraph-sdk-java/pulls/1048', 'id': 912910967, 'node_id': 'PR_kwDOBig9Oc42aep3', 'html_url': 'https://github.com/microsoftgraph/msgraph-sdk-java/pull/1048', 'diff_url': 'https://github.com/microsoftgraph/msgraph-sdk-java/pull/1048.diff', 'patch_url': 'https://github.com/microsoftgraph/msgraph-sdk-java/pull/1048.patch', 'issue_url': 'https://api.github.com/repos/microsoftgraph/msgraph-sdk-java/issues/1048', 'number': 1048, 'state': 'open', 'locked': False, 'title': 'Generated v1.0 models and request builders using Typewriter', 'user': {'login': 'ramsessanchez', 'id': 63934382, 'node_id': 'MDQ6VXNlcjYzOTM0Mzgy', 'avatar_url': 'https://avatars.githubusercontent.com/u/63934382?v=4', 'gravatar_id': '', 'url': 'https://api.github.com/users/ramsessanchez', 'html_url': 'https://github.com/ramsessanchez', 'followers_url': 'https://api.github.com/users/ramsessanchez/followers', 'following_url': 'https://api.github.com/users/ramsessanchez/following{/other_user}', 'gists_url': 'https://api.github.com/users/ramsessanchez/gists{/gist_id}', 'starred_url': 'https://api.github.com/users/ramsessanchez/starred{/owner}{/repo}', 'subscriptions_url': 'https://api.github.com/users/ramsessanchez/subscriptions', 'organizations_url': 'https://api.github.com/users/ramsessanchez/orgs', 'repos_url': 'https://api.github.com/users/ramsessanchez/repos', 'events_url': 'https://api.github.com/users/ramsessanchez/events{/privacy}', 'received_events_url': 'https://api.github.com/users/ramsessanchez/received_events', 'type': 'User', 'site_admin': False}, 'body': 'This pull request was automatically created by the GitHub Action, **create pull request**. \n\n The commit hash is _15ff88d9c7479d7e7febe00bc78fe16fd2ec8f4f_. \n\n **Important** Check for unexpected deletions or changes in this PR.', 'created_at': '2022-04-19T10:12:19Z', 'updated_at': '2022-04-19T10:12:19Z', 'closed_at': None, 'merged_at': None, 'merge_commit_sha': None, 'assignee': None, 'assignees': [], 'requested_reviewers': [], 'requested_teams': [], 'labels': [], 'milestone': None, 'draft': False, 'commits_url': 'https://api.github.com/repos/microsoftgraph/msgraph-sdk-java/pulls/1048/commits', 'review_comments_url': 'https://api.github.com/repos/microsoftgraph/msgraph-sdk-java/pulls/1048/comments', 'review_comment_url': 'https://api.github.com/repos/microsoftgraph/msgraph-sdk-java/pulls/comments{/number}', 'comments_url': 'https://api.github.com/repos/microsoftgraph/msgraph-sdk-java/issues/1048/comments', 'statuses_url': 'https://api.github.com/repos/microsoftgraph/msgraph-sdk-java/statuses/15ff88d9c7479d7e7febe00bc78fe16fd2ec8f4f', 'head': {'label': 'microsoftgraph:v1.0/pipelinebuild/72944', 'ref': 'v1.0/pipelinebuild/72944', 'sha': '15ff88d9c7479d7e7febe00bc78fe16fd2ec8f4f', 'user': {'login': 'microsoftgraph', 'id': 17304259, 'node_id': 'MDEyOk9yZ2FuaXphdGlvbjE3MzA0MjU5', 'avatar_url': 'https://avatars.githubusercontent.com/u/17304259?v=4', 'gravatar_id': '', 'url': 'https://api.github.com/users/microsoftgraph', 'html_url': 'https://github.com/microsoftgraph', 'followers_url': 'https://api.github.com/users/microsoftgraph/followers', 'following_url': 'https://api.github.com/users/microsoftgraph/following{/other_user}', 'gists_url': 'https://api.github.com/users/microsoftgraph/gists{/gist_id}', 'starred_url': 'https://api.github.com/users/microsoftgraph/starred{/owner}{/repo}', 'subscriptions_url': 'https://api.github.com/users/microsoftgraph/subscriptions', 'organizations_url': 'https://api.github.com/users/microsoftgraph/orgs', 'repos_url': 'https://api.github.com/users/microsoftgraph/repos', 'events_url': 'https://api.github.com/users/microsoftgraph/events{/privacy}', 'received_events_url': 'https://api.github.com/users/microsoftgraph/received_events', 'type': 'Organization', 'site_admin': False}, 'repo': {'id': 103300409, 'node_id': 'MDEwOlJlcG9zaXRvcnkxMDMzMDA0MDk=', 'name': 'msgraph-sdk-java', 'full_name': 'microsoftgraph/msgraph-sdk-java', 'private': False, 'owner': {'login': 'microsoftgraph', 'id': 17304259, 'node_id': 'MDEyOk9yZ2FuaXphdGlvbjE3MzA0MjU5', 'avatar_url': 'https://avatars.githubusercontent.com/u/17304259?v=4', 'gravatar_id': '', 'url': 'https://api.github.com/users/microsoftgraph', 'html_url': 'https://github.com/microsoftgraph', 'followers_url': 'https://api.github.com/users/microsoftgraph/followers', 'following_url': 'https://api.github.com/users/microsoftgraph/following{/other_user}', 'gists_url': 'https://api.github.com/users/microsoftgraph/gists{/gist_id}', 'starred_url': 'https://api.github.com/users/microsoftgraph/starred{/owner}{/repo}', 'subscriptions_url': 'https://api.github.com/users/microsoftgraph/subscriptions', 'organizations_url': 'https://api.github.com/users/microsoftgraph/orgs', 'repos_url': 'https://api.github.com/users/microsoftgraph/repos', 'events_url': 'https://api.github.com/users/microsoftgraph/events{/privacy}', 'received_events_url': 'https://api.github.com/users/microsoftgraph/received_events', 'type': 'Organization', 'site_admin': False}, 'html_url': 'https://github.com/microsoftgraph/msgraph-sdk-java', 'description': 'Microsoft Graph SDK for Java', 'fork': False, 'url': 'https://api.github.com/repos/microsoftgraph/msgraph-sdk-java', 'forks_url': 'https://api.github.com/repos/microsoftgraph/msgraph-sdk-java/forks', 'keys_url': 'https://api.github.com/repos/microsoftgraph/msgraph-sdk-java/keys{/key_id}', 'collaborators_url': 'https://api.github.com/repos/microsoftgraph/msgraph-sdk-java/collaborators{/collaborator}', 'teams_url': 'https://api.github.com/repos/microsoftgraph/msgraph-sdk-java/teams', 'hooks_url': 'https://api.github.com/repos/microsoftgraph/msgraph-sdk-java/hooks', 'issue_events_url': 'https://api.github.com/repos/microsoftgraph/msgraph-sdk-java/issues/events{/number}', 'events_url': 'https://api.github.com/repos/microsoftgraph/msgraph-sdk-java/events', 'assignees_url': 'https://api.github.com/repos/microsoftgraph/msgraph-sdk-java/assignees{/user}', 'branches_url': 'https://api.github.com/repos/microsoftgraph/msgraph-sdk-java/branches{/branch}', 'tags_url': 'https://api.github.com/repos/microsoftgraph/msgraph-sdk-java/tags', 'blobs_url': 'https://api.github.com/repos/microsoftgraph/msgraph-sdk-java/git/blobs{/sha}', 'git_tags_url': 'https://api.github.com/repos/microsoftgraph/msgraph-sdk-java/git/tags{/sha}', 'git_refs_url': 'https://api.github.com/repos/microsoftgraph/msgraph-sdk-java/git/refs{/sha}', 'trees_url': 'https://api.github.com/repos/microsoftgraph/msgraph-sdk-java/git/trees{/sha}', 'statuses_url': 'https://api.github.com/repos/microsoftgraph/msgraph-sdk-java/statuses/{sha}', 'languages_url': 'https://api.github.com/repos/microsoftgraph/msgraph-sdk-java/languages', 'stargazers_url': 'https://api.github.com/repos/microsoftgraph/msgraph-sdk-java/stargazers', 'contributors_url': 'https://api.github.com/repos/microsoftgraph/msgraph-sdk-java/contributors', 'subscribers_url': 'https://api.github.com/repos/microsoftgraph/msgraph-sdk-java/subscribers', 'subscription_url': 'https://api.github.com/repos/microsoftgraph/msgraph-sdk-java/subscription', 'commits_url': 'https://api.github.com/repos/microsoftgraph/msgraph-sdk-java/commits{/sha}', 'git_commits_url': 'https://api.github.com/repos/microsoftgraph/msgraph-sdk-java/git/commits{/sha}', 'comments_url': 'https://api.github.com/repos/microsoftgraph/msgraph-sdk-java/comments{/number}', 'issue_comment_url': 'https://api.github.com/repos/microsoftgraph/msgraph-sdk-java/issues/comments{/number}', 'contents_url': 'https://api.github.com/repos/microsoftgraph/msgraph-sdk-java/contents/{+path}', 'compare_url': 'https://api.github.com/repos/microsoftgraph/msgraph-sdk-java/compare/{base}...{head}', 'merges_url': 'https://api.github.com/repos/microsoftgraph/msgraph-sdk-java/merges', 'archive_url': 'https://api.github.com/repos/microsoftgraph/msgraph-sdk-java/{archive_format}{/ref}', 'downloads_url': 'https://api.github.com/repos/microsoftgraph/msgraph-sdk-java/downloads', 'issues_url': 'https://api.github.com/repos/microsoftgraph/msgraph-sdk-java/issues{/number}', 'pulls_url': 'https://api.github.com/repos/microsoftgraph/msgraph-sdk-java/pulls{/number}', 'milestones_url': 'https://api.github.com/repos/microsoftgraph/msgraph-sdk-java/milestones{/number}', 'notifications_url': 'https://api.github.com/repos/microsoftgraph/msgraph-sdk-java/notifications{?since,all,participating}', 'labels_url': 'https://api.github.com/repos/microsoftgraph/msgraph-sdk-java/labels{/name}', 'releases_url': 'https://api.github.com/repos/microsoftgraph/msgraph-sdk-java/releases{/id}', 'deployments_url': 'https://api.github.com/repos/microsoftgraph/msgraph-sdk-java/deployments', 'created_at': '2017-09-12T17:20:15Z', 'updated_at': '2022-04-10T14:24:06Z', 'pushed_at': '2022-04-19T10:12:19Z', 'git_url': 'git://github.com/microsoftgraph/msgraph-sdk-java.git', 'ssh_url': 'git@github.com:microsoftgraph/msgraph-sdk-java.git', 'clone_url': 'https://github.com/microsoftgraph/msgraph-sdk-java.git', 'svn_url': 'https://github.com/microsoftgraph/msgraph-sdk-java', 'homepage': 'https://docs.microsoft.com/en-us/graph/sdks/sdks-overview', 'size': 59105, 'stargazers_count': 245, 'watchers_count': 245, 'language': 'Java', 'has_issues': True, 'has_projects': True, 'has_downloads': True, 'has_wiki': False, 'has_pages': False, 'forks_count': 102, 'mirror_url': None, 'archived': False, 'disabled': False, 'open_issues_count': 4, 'license': {'key': 'mit', 'name': 'MIT License', 'spdx_id': 'MIT', 'url': 'https://api.github.com/licenses/mit', 'node_id': 'MDc6TGljZW5zZTEz'}, 'allow_forking': True, 'is_template': False, 'topics': ['java', 'microsoft-graph', 'microsoft-graph-sdk', 'sdk'], 'visibility': 'public', 'forks': 102, 'open_issues': 4, 'watchers': 245, 'default_branch': 'dev'}}, 'base': {'label': 'microsoftgraph:dev', 'ref': 'dev', 'sha': '325401e8bbc731a9b96254c145fa73bf68569404', 'user': {'login': 'microsoftgraph', 'id': 17304259, 'node_id': 'MDEyOk9yZ2FuaXphdGlvbjE3MzA0MjU5', 'avatar_url': 'https://avatars.githubusercontent.com/u/17304259?v=4', 'gravatar_id': '', 'url': 'https://api.github.com/users/microsoftgraph', 'html_url': 'https://github.com/microsoftgraph', 'followers_url': 'https://api.github.com/users/microsoftgraph/followers', 'following_url': 'https://api.github.com/users/microsoftgraph/following{/other_user}', 'gists_url': 'https://api.github.com/users/microsoftgraph/gists{/gist_id}', 'starred_url': 'https://api.github.com/users/microsoftgraph/starred{/owner}{/repo}', 'subscriptions_url': 'https://api.github.com/users/microsoftgraph/subscriptions', 'organizations_url': 'https://api.github.com/users/microsoftgraph/orgs', 'repos_url': 'https://api.github.com/users/microsoftgraph/repos', 'events_url': 'https://api.github.com/users/microsoftgraph/events{/privacy}', 'received_events_url': 'https://api.github.com/users/microsoftgraph/received_events', 'type': 'Organization', 'site_admin': False}, 'repo': {'id': 103300409, 'node_id': 'MDEwOlJlcG9zaXRvcnkxMDMzMDA0MDk=', 'name': 'msgraph-sdk-java', 'full_name': 'microsoftgraph/msgraph-sdk-java', 'private': False, 'owner': {'login': 'microsoftgraph', 'id': 17304259, 'node_id': 'MDEyOk9yZ2FuaXphdGlvbjE3MzA0MjU5', 'avatar_url': 'https://avatars.githubusercontent.com/u/17304259?v=4', 'gravatar_id': '', 'url': 'https://api.github.com/users/microsoftgraph', 'html_url': 'https://github.com/microsoftgraph', 'followers_url': 'https://api.github.com/users/microsoftgraph/followers', 'following_url': 'https://api.github.com/users/microsoftgraph/following{/other_user}', 'gists_url': 'https://api.github.com/users/microsoftgraph/gists{/gist_id}', 'starred_url': 'https://api.github.com/users/microsoftgraph/starred{/owner}{/repo}', 'subscriptions_url': 'https://api.github.com/users/microsoftgraph/subscriptions', 'organizations_url': 'https://api.github.com/users/microsoftgraph/orgs', 'repos_url': 'https://api.github.com/users/microsoftgraph/repos', 'events_url': 'https://api.github.com/users/microsoftgraph/events{/privacy}', 'received_events_url': 'https://api.github.com/users/microsoftgraph/received_events', 'type': 'Organization', 'site_admin': False}, 'html_url': 'https://github.com/microsoftgraph/msgraph-sdk-java', 'description': 'Microsoft Graph SDK for Java', 'fork': False, 'url': 'https://api.github.com/repos/microsoftgraph/msgraph-sdk-java', 'forks_url': 'https://api.github.com/repos/microsoftgraph/msgraph-sdk-java/forks', 'keys_url': 'https://api.github.com/repos/microsoftgraph/msgraph-sdk-java/keys{/key_id}', 'collaborators_url': 'https://api.github.com/repos/microsoftgraph/msgraph-sdk-java/collaborators{/collaborator}', 'teams_url': 'https://api.github.com/repos/microsoftgraph/msgraph-sdk-java/teams', 'hooks_url': 'https://api.github.com/repos/microsoftgraph/msgraph-sdk-java/hooks', 'issue_events_url': 'https://api.github.com/repos/microsoftgraph/msgraph-sdk-java/issues/events{/number}', 'events_url': 'https://api.github.com/repos/microsoftgraph/msgraph-sdk-java/events', 'assignees_url': 'https://api.github.com/repos/microsoftgraph/msgraph-sdk-java/assignees{/user}', 'branches_url': 'https://api.github.com/repos/microsoftgraph/msgraph-sdk-java/branches{/branch}', 'tags_url': 'https://api.github.com/repos/microsoftgraph/msgraph-sdk-java/tags', 'blobs_url': 'https://api.github.com/repos/microsoftgraph/msgraph-sdk-java/git/blobs{/sha}', 'git_tags_url': 'https://api.github.com/repos/microsoftgraph/msgraph-sdk-java/git/tags{/sha}', 'git_refs_url': 'https://api.github.com/repos/microsoftgraph/msgraph-sdk-java/git/refs{/sha}', 'trees_url': 'https://api.github.com/repos/microsoftgraph/msgraph-sdk-java/git/trees{/sha}', 'statuses_url': 'https://api.github.com/repos/microsoftgraph/msgraph-sdk-java/statuses/{sha}', 'languages_url': 'https://api.github.com/repos/microsoftgraph/msgraph-sdk-java/languages', 'stargazers_url': 'https://api.github.com/repos/microsoftgraph/msgraph-sdk-java/stargazers', 'contributors_url': 'https://api.github.com/repos/microsoftgraph/msgraph-sdk-java/contributors', 'subscribers_url': 'https://api.github.com/repos/microsoftgraph/msgraph-sdk-java/subscribers', 'subscription_url': 'https://api.github.com/repos/microsoftgraph/msgraph-sdk-java/subscription', 'commits_url': 'https://api.github.com/repos/microsoftgraph/msgraph-sdk-java/commits{/sha}', 'git_commits_url': 'https://api.github.com/repos/microsoftgraph/msgraph-sdk-java/git/commits{/sha}', 'comments_url': 'https://api.github.com/repos/microsoftgraph/msgraph-sdk-java/comments{/number}', 'issue_comment_url': 'https://api.github.com/repos/microsoftgraph/msgraph-sdk-java/issues/comments{/number}', 'contents_url': 'https://api.github.com/repos/microsoftgraph/msgraph-sdk-java/contents/{+path}', 'compare_url': 'https://api.github.com/repos/microsoftgraph/msgraph-sdk-java/compare/{base}...{head}', 'merges_url': 'https://api.github.com/repos/microsoftgraph/msgraph-sdk-java/merges', 'archive_url': 'https://api.github.com/repos/microsoftgraph/msgraph-sdk-java/{archive_format}{/ref}', 'downloads_url': 'https://api.github.com/repos/microsoftgraph/msgraph-sdk-java/downloads', 'issues_url': 'https://api.github.com/repos/microsoftgraph/msgraph-sdk-java/issues{/number}', 'pulls_url': 'https://api.github.com/repos/microsoftgraph/msgraph-sdk-java/pulls{/number}', 'milestones_url': 'https://api.github.com/repos/microsoftgraph/msgraph-sdk-java/milestones{/number}', 'notifications_url': 'https://api.github.com/repos/microsoftgraph/msgraph-sdk-java/notifications{?since,all,participating}', 'labels_url': 'https://api.github.com/repos/microsoftgraph/msgraph-sdk-java/labels{/name}', 'releases_url': 'https://api.github.com/repos/microsoftgraph/msgraph-sdk-java/releases{/id}', 'deployments_url': 'https://api.github.com/repos/microsoftgraph/msgraph-sdk-java/deployments', 'created_at': '2017-09-12T17:20:15Z', 'updated_at': '2022-04-10T14:24:06Z', 'pushed_at': '2022-04-19T10:12:19Z', 'git_url': 'git://github.com/microsoftgraph/msgraph-sdk-java.git', 'ssh_url': 'git@github.com:microsoftgraph/msgraph-sdk-java.git', 'clone_url': 'https://github.com/microsoftgraph/msgraph-sdk-java.git', 'svn_url': 'https://github.com/microsoftgraph/msgraph-sdk-java', 'homepage': 'https://docs.microsoft.com/en-us/graph/sdks/sdks-overview', 'size': 59105, 'stargazers_count': 245, 'watchers_count': 245, 'language': 'Java', 'has_issues': True, 'has_projects': True, 'has_downloads': True, 'has_wiki': False, 'has_pages': False, 'forks_count': 102, 'mirror_url': None, 'archived': False, 'disabled': False, 'open_issues_count': 4, 'license': {'key': 'mit', 'name': 'MIT License', 'spdx_id': 'MIT', 'url': 'https://api.github.com/licenses/mit', 'node_id': 'MDc6TGljZW5zZTEz'}, 'allow_forking': True, 'is_template': False, 'topics': ['java', 'microsoft-graph', 'microsoft-graph-sdk', 'sdk'], 'visibility': 'public', 'forks': 102, 'open_issues': 4, 'watchers': 245, 'default_branch': 'dev'}}, '_links': {'self': {'href': 'https://api.github.com/repos/microsoftgraph/msgraph-sdk-java/pulls/1048'}, 'html': {'href': 'https://github.com/microsoftgraph/msgraph-sdk-java/pull/1048'}, 'issue': {'href': 'https://api.github.com/repos/microsoftgraph/msgraph-sdk-java/issues/1048'}, 'comments': {'href': 'https://api.github.com/repos/microsoftgraph/msgraph-sdk-java/issues/1048/comments'}, 'review_comments': {'href': 'https://api.github.com/repos/microsoftgraph/msgraph-sdk-java/pulls/1048/comments'}, 'review_comment': {'href': 'https://api.github.com/repos/microsoftgraph/msgraph-sdk-java/pulls/comments{/number}'}, 'commits': {'href': 'https://api.github.com/repos/microsoftgraph/msgraph-sdk-java/pulls/1048/commits'}, 'statuses': {'href': 'https://api.github.com/repos/microsoftgraph/msgraph-sdk-java/statuses/15ff88d9c7479d7e7febe00bc78fe16fd2ec8f4f'}}, 'author_association': 'CONTRIBUTOR', 'auto_merge': None, 'active_lock_reason': None, 'merged': False, 'mergeable': None, 'rebaseable': None, 'mergeable_state': 'unknown', 'merged_by': None, 'comments': 0, 'review_comments': 0, 'maintainer_can_modify': False, 'commits': 1, 'additions': 13, 'deletions': 10, 'changed_files': 9}}",opened,Java
21299454640,PushEvent,microsoftgraph/msgraph-sdk-java-core,0.0,2022-04-14T23:46:08Z,"{'push_id': 9631518264, 'size': 1, 'distinct_size': 1, 'ref': 'refs/heads/v3/telemetry', 'head': '21996d426373b29831a26fb08d50e0279e6c2d1d', 'before': '32c93ea0fd4cc0dc73de18bae7d01d910a9e9ca1', 'commits': [{'sha': '21996d426373b29831a26fb08d50e0279e6c2d1d', 'author': {'email': 'ramses.sanchez99@gmail.com', 'name': 'ramsessanchez'}, 'message': 'GraphTelemetryHandler todo for beta/v1 enpoint', 'distinct': True, 'url': 'https://api.github.com/repos/microsoftgraph/msgraph-sdk-java-core/commits/21996d426373b29831a26fb08d50e0279e6c2d1d'}]}",,Java
21280265954,PushEvent,microsoftgraph/msgraph-sdk-java-core,0.0,2022-04-14T00:31:23Z,"{'push_id': 9621943316, 'size': 1, 'distinct_size': 1, 'ref': 'refs/heads/v3/telemetry', 'head': '32c93ea0fd4cc0dc73de18bae7d01d910a9e9ca1', 'before': 'c82abbba1138d7d92db25d01940081fe19e6c560', 'commits': [{'sha': '32c93ea0fd4cc0dc73de18bae7d01d910a9e9ca1', 'author': {'email': 'ramses.sanchez99@gmail.com', 'name': 'ramsessanchez'}, 'message': 'GraphTelemetryHandler progress to enable flagging of tasks', 'distinct': True, 'url': 'https://api.github.com/repos/microsoftgraph/msgraph-sdk-java-core/commits/32c93ea0fd4cc0dc73de18bae7d01d910a9e9ca1'}]}",,Java
21256383350,PushEvent,microsoftgraph/msgraph-sdk-java,0.0,2022-04-12T21:13:59Z,"{'push_id': 9610250390, 'size': 3, 'distinct_size': 3, 'ref': 'refs/heads/dev', 'head': '27da3e5f3cf264c9ed088093b12f27921f7c7446', 'before': '9bf53e2b648d05e0e96a1af16d80d10666d2a50b', 'commits': [{'sha': '75376114776ff8d61119e364f349b5cf537ca330', 'author': {'email': 'GraphTooling@service.microsoft.com', 'name': 'Microsoft Graph DevX Tooling'}, 'message': 'Update generated files with build 72445', 'distinct': True, 'url': 'https://api.github.com/repos/microsoftgraph/msgraph-sdk-java/commits/75376114776ff8d61119e364f349b5cf537ca330'}, {'sha': '222a899aaa4e184e65fcce14aa21cd73f93db131', 'author': {'email': '63934382+ramsessanchez@users.noreply.github.com', 'name': 'ramsessanchez'}, 'message': 'Update CHANGELOG.md', 'distinct': True, 'url': 'https://api.github.com/repos/microsoftgraph/msgraph-sdk-java/commits/222a899aaa4e184e65fcce14aa21cd73f93db131'}, {'sha': '27da3e5f3cf264c9ed088093b12f27921f7c7446', 'author': {'email': '63934382+ramsessanchez@users.noreply.github.com', 'name': 'ramsessanchez'}, 'message': 'Merge pull request #1044 from microsoftgraph/v1.0/pipelinebuild/72445\n\nGenerated v1.0 models and request builders using Typewriter', 'distinct': True, 'url': 'https://api.github.com/repos/microsoftgraph/msgraph-sdk-java/commits/27da3e5f3cf264c9ed088093b12f27921f7c7446'}]}",,Java
21256383252,DeleteEvent,microsoftgraph/msgraph-sdk-java,0.0,2022-04-12T21:13:58Z,"{'ref': 'v1.0/pipelinebuild/72445', 'ref_type': 'branch', 'pusher_type': 'user'}",,Java
21256382970,PullRequestEvent,microsoftgraph/msgraph-sdk-java,0.0,2022-04-12T21:13:57Z,"{'action': 'closed', 'number': 1044, 'pull_request': {'url': 'https://api.github.com/repos/microsoftgraph/msgraph-sdk-java/pulls/1044', 'id': 907456770, 'node_id': 'PR_kwDOBig9Oc42FrEC', 'html_url': 'https://github.com/microsoftgraph/msgraph-sdk-java/pull/1044', 'diff_url': 'https://github.com/microsoftgraph/msgraph-sdk-java/pull/1044.diff', 'patch_url': 'https://github.com/microsoftgraph/msgraph-sdk-java/pull/1044.patch', 'issue_url': 'https://api.github.com/repos/microsoftgraph/msgraph-sdk-java/issues/1044', 'number': 1044, 'state': 'closed', 'locked': False, 'title': 'Generated v1.0 models and request builders using Typewriter', 'user': {'login': 'ramsessanchez', 'id': 63934382, 'node_id': 'MDQ6VXNlcjYzOTM0Mzgy', 'avatar_url': 'https://avatars.githubusercontent.com/u/63934382?v=4', 'gravatar_id': '', 'url': 'https://api.github.com/users/ramsessanchez', 'html_url': 'https://github.com/ramsessanchez', 'followers_url': 'https://api.github.com/users/ramsessanchez/followers', 'following_url': 'https://api.github.com/users/ramsessanchez/following{/other_user}', 'gists_url': 'https://api.github.com/users/ramsessanchez/gists{/gist_id}', 'starred_url': 'https://api.github.com/users/ramsessanchez/starred{/owner}{/repo}', 'subscriptions_url': 'https://api.github.com/users/ramsessanchez/subscriptions', 'organizations_url': 'https://api.github.com/users/ramsessanchez/orgs', 'repos_url': 'https://api.github.com/users/ramsessanchez/repos', 'events_url': 'https://api.github.com/users/ramsessanchez/events{/privacy}', 'received_events_url': 'https://api.github.com/users/ramsessanchez/received_events', 'type': 'User', 'site_admin': False}, 'body': 'This pull request was automatically created by the GitHub Action, **create pull request**. \n\n The commit hash is _75376114776ff8d61119e364f349b5cf537ca330_. \n\n **Important** Check for unexpected deletions or changes in this PR.', 'created_at': '2022-04-12T10:08:14Z', 'updated_at': '2022-04-12T21:13:56Z', 'closed_at': '2022-04-12T21:13:56Z', 'merged_at': '2022-04-12T21:13:56Z', 'merge_commit_sha': '27da3e5f3cf264c9ed088093b12f27921f7c7446', 'assignee': {'login': 'ramsessanchez', 'id': 63934382, 'node_id': 'MDQ6VXNlcjYzOTM0Mzgy', 'avatar_url': 'https://avatars.githubusercontent.com/u/63934382?v=4', 'gravatar_id': '', 'url': 'https://api.github.com/users/ramsessanchez', 'html_url': 'https://github.com/ramsessanchez', 'followers_url': 'https://api.github.com/users/ramsessanchez/followers', 'following_url': 'https://api.github.com/users/ramsessanchez/following{/other_user}', 'gists_url': 'https://api.github.com/users/ramsessanchez/gists{/gist_id}', 'starred_url': 'https://api.github.com/users/ramsessanchez/starred{/owner}{/repo}', 'subscriptions_url': 'https://api.github.com/users/ramsessanchez/subscriptions', 'organizations_url': 'https://api.github.com/users/ramsessanchez/orgs', 'repos_url': 'https://api.github.com/users/ramsessanchez/repos', 'events_url': 'https://api.github.com/users/ramsessanchez/events{/privacy}', 'received_events_url': 'https://api.github.com/users/ramsessanchez/received_events', 'type': 'User', 'site_admin': False}, 'assignees': [{'login': 'ramsessanchez', 'id': 63934382, 'node_id': 'MDQ6VXNlcjYzOTM0Mzgy', 'avatar_url': 'https://avatars.githubusercontent.com/u/63934382?v=4', 'gravatar_id': '', 'url': 'https://api.github.com/users/ramsessanchez', 'html_url': 'https://github.com/ramsessanchez', 'followers_url': 'https://api.github.com/users/ramsessanchez/followers', 'following_url': 'https://api.github.com/users/ramsessanchez/following{/other_user}', 'gists_url': 'https://api.github.com/users/ramsessanchez/gists{/gist_id}', 'starred_url': 'https://api.github.com/users/ramsessanchez/starred{/owner}{/repo}', 'subscriptions_url': 'https://api.github.com/users/ramsessanchez/subscriptions', 'organizations_url': 'https://api.github.com/users/ramsessanchez/orgs', 'repos_url': 'https://api.github.com/users/ramsessanchez/repos', 'events_url': 'https://api.github.com/users/ramsessanchez/events{/privacy}', 'received_events_url': 'https://api.github.com/users/ramsessanchez/received_events', 'type': 'User', 'site_admin': False}], 'requested_reviewers': [{'login': 'zengin', 'id': 803311, 'node_id': 'MDQ6VXNlcjgwMzMxMQ==', 'avatar_url': 'https://avatars.githubusercontent.com/u/803311?v=4', 'gravatar_id': '', 'url': 'https://api.github.com/users/zengin', 'html_url': 'https://github.com/zengin', 'followers_url': 'https://api.github.com/users/zengin/followers', 'following_url': 'https://api.github.com/users/zengin/following{/other_user}', 'gists_url': 'https://api.github.com/users/zengin/gists{/gist_id}', 'starred_url': 'https://api.github.com/users/zengin/starred{/owner}{/repo}', 'subscriptions_url': 'https://api.github.com/users/zengin/subscriptions', 'organizations_url': 'https://api.github.com/users/zengin/orgs', 'repos_url': 'https://api.github.com/users/zengin/repos', 'events_url': 'https://api.github.com/users/zengin/events{/privacy}', 'received_events_url': 'https://api.github.com/users/zengin/received_events', 'type': 'User', 'site_admin': False}, {'login': 'peombwa', 'id': 7061532, 'node_id': 'MDQ6VXNlcjcwNjE1MzI=', 'avatar_url': 'https://avatars.githubusercontent.com/u/7061532?v=4', 'gravatar_id': '', 'url': 'https://api.github.com/users/peombwa', 'html_url': 'https://github.com/peombwa', 'followers_url': 'https://api.github.com/users/peombwa/followers', 'following_url': 'https://api.github.com/users/peombwa/following{/other_user}', 'gists_url': 'https://api.github.com/users/peombwa/gists{/gist_id}', 'starred_url': 'https://api.github.com/users/peombwa/starred{/owner}{/repo}', 'subscriptions_url': 'https://api.github.com/users/peombwa/subscriptions', 'organizations_url': 'https://api.github.com/users/peombwa/orgs', 'repos_url': 'https://api.github.com/users/peombwa/repos', 'events_url': 'https://api.github.com/users/peombwa/events{/privacy}', 'received_events_url': 'https://api.github.com/users/peombwa/received_events', 'type': 'User', 'site_admin': False}, {'login': 'MIchaelMainer', 'id': 8527305, 'node_id': 'MDQ6VXNlcjg1MjczMDU=', 'avatar_url': 'https://avatars.githubusercontent.com/u/8527305?v=4', 'gravatar_id': '', 'url': 'https://api.github.com/users/MIchaelMainer', 'html_url': 'https://github.com/MIchaelMainer', 'followers_url': 'https://api.github.com/users/MIchaelMainer/followers', 'following_url': 'https://api.github.com/users/MIchaelMainer/following{/other_user}', 'gists_url': 'https://api.github.com/users/MIchaelMainer/gists{/gist_id}', 'starred_url': 'https://api.github.com/users/MIchaelMainer/starred{/owner}{/repo}', 'subscriptions_url': 'https://api.github.com/users/MIchaelMainer/subscriptions', 'organizations_url': 'https://api.github.com/users/MIchaelMainer/orgs', 'repos_url': 'https://api.github.com/users/MIchaelMainer/repos', 'events_url': 'https://api.github.com/users/MIchaelMainer/events{/privacy}', 'received_events_url': 'https://api.github.com/users/MIchaelMainer/received_events', 'type': 'User', 'site_admin': False}, {'login': 'ddyett', 'id': 20829981, 'node_id': 'MDQ6VXNlcjIwODI5OTgx', 'avatar_url': 'https://avatars.githubusercontent.com/u/20829981?v=4', 'gravatar_id': '', 'url': 'https://api.github.com/users/ddyett', 'html_url': 'https://github.com/ddyett', 'followers_url': 'https://api.github.com/users/ddyett/followers', 'following_url': 'https://api.github.com/users/ddyett/following{/other_user}', 'gists_url': 'https://api.github.com/users/ddyett/gists{/gist_id}', 'starred_url': 'https://api.github.com/users/ddyett/starred{/owner}{/repo}', 'subscriptions_url': 'https://api.github.com/users/ddyett/subscriptions', 'organizations_url': 'https://api.github.com/users/ddyett/orgs', 'repos_url': 'https://api.github.com/users/ddyett/repos', 'events_url': 'https://api.github.com/users/ddyett/events{/privacy}', 'received_events_url': 'https://api.github.com/users/ddyett/received_events', 'type': 'User', 'site_admin': False}, {'login': 'nikithauc', 'id': 23219007, 'node_id': 'MDQ6VXNlcjIzMjE5MDA3', 'avatar_url': 'https://avatars.githubusercontent.com/u/23219007?v=4', 'gravatar_id': '', 'url': 'https://api.github.com/users/nikithauc', 'html_url': 'https://github.com/nikithauc', 'followers_url': 'https://api.github.com/users/nikithauc/followers', 'following_url': 'https://api.github.com/users/nikithauc/following{/other_user}', 'gists_url': 'https://api.github.com/users/nikithauc/gists{/gist_id}', 'starred_url': 'https://api.github.com/users/nikithauc/starred{/owner}{/repo}', 'subscriptions_url': 'https://api.github.com/users/nikithauc/subscriptions', 'organizations_url': 'https://api.github.com/users/nikithauc/orgs', 'repos_url': 'https://api.github.com/users/nikithauc/repos', 'events_url': 'https://api.github.com/users/nikithauc/events{/privacy}', 'received_events_url': 'https://api.github.com/users/nikithauc/received_events', 'type': 'User', 'site_admin': False}], 'requested_teams': [], 'labels': [{'id': 1160728929, 'node_id': 'MDU6TGFiZWwxMTYwNzI4OTI5', 'url': 'https://api.github.com/repos/microsoftgraph/msgraph-sdk-java/labels/generated', 'name': 'generated', 'color': 'ededed', 'default': False, 'description': None}], 'milestone': {'url': 'https://api.github.com/repos/microsoftgraph/msgraph-sdk-java/milestones/50', 'html_url': 'https://github.com/microsoftgraph/msgraph-sdk-java/milestone/50', 'labels_url': 'https://api.github.com/repos/microsoftgraph/msgraph-sdk-java/milestones/50/labels', 'id': 7842318, 'node_id': 'MI_kwDOBig9Oc4Ad6oO', 'number': 50, 'title': '5.20.0', 'description': '', 'creator': {'login': 'baywet', 'id': 7905502, 'node_id': 'MDQ6VXNlcjc5MDU1MDI=', 'avatar_url': 'https://avatars.githubusercontent.com/u/7905502?v=4', 'gravatar_id': '', 'url': 'https://api.github.com/users/baywet', 'html_url': 'https://github.com/baywet', 'followers_url': 'https://api.github.com/users/baywet/followers', 'following_url': 'https://api.github.com/users/baywet/following{/other_user}', 'gists_url': 'https://api.github.com/users/baywet/gists{/gist_id}', 'starred_url': 'https://api.github.com/users/baywet/starred{/owner}{/repo}', 'subscriptions_url': 'https://api.github.com/users/baywet/subscriptions', 'organizations_url': 'https://api.github.com/users/baywet/orgs', 'repos_url': 'https://api.github.com/users/baywet/repos', 'events_url': 'https://api.github.com/users/baywet/events{/privacy}', 'received_events_url': 'https://api.github.com/users/baywet/received_events', 'type': 'User', 'site_admin': False}, 'open_issues': 0, 'closed_issues': 5, 'state': 'open', 'created_at': '2022-04-05T18:34:05Z', 'updated_at': '2022-04-12T21:13:56Z', 'due_on': '2022-04-15T07:00:00Z', 'closed_at': None}, 'draft': False, 'commits_url': 'https://api.github.com/repos/microsoftgraph/msgraph-sdk-java/pulls/1044/commits', 'review_comments_url': 'https://api.github.com/repos/microsoftgraph/msgraph-sdk-java/pulls/1044/comments', 'review_comment_url': 'https://api.github.com/repos/microsoftgraph/msgraph-sdk-java/pulls/comments{/number}', 'comments_url': 'https://api.github.com/repos/microsoftgraph/msgraph-sdk-java/issues/1044/comments', 'statuses_url': 'https://api.github.com/repos/microsoftgraph/msgraph-sdk-java/statuses/222a899aaa4e184e65fcce14aa21cd73f93db131', 'head': {'label': 'microsoftgraph:v1.0/pipelinebuild/72445', 'ref': 'v1.0/pipelinebuild/72445', 'sha': '222a899aaa4e184e65fcce14aa21cd73f93db131', 'user': {'login': 'microsoftgraph', 'id': 17304259, 'node_id': 'MDEyOk9yZ2FuaXphdGlvbjE3MzA0MjU5', 'avatar_url': 'https://avatars.githubusercontent.com/u/17304259?v=4', 'gravatar_id': '', 'url': 'https://api.github.com/users/microsoftgraph', 'html_url': 'https://github.com/microsoftgraph', 'followers_url': 'https://api.github.com/users/microsoftgraph/followers', 'following_url': 'https://api.github.com/users/microsoftgraph/following{/other_user}', 'gists_url': 'https://api.github.com/users/microsoftgraph/gists{/gist_id}', 'starred_url': 'https://api.github.com/users/microsoftgraph/starred{/owner}{/repo}', 'subscriptions_url': 'https://api.github.com/users/microsoftgraph/subscriptions', 'organizations_url': 'https://api.github.com/users/microsoftgraph/orgs', 'repos_url': 'https://api.github.com/users/microsoftgraph/repos', 'events_url': 'https://api.github.com/users/microsoftgraph/events{/privacy}', 'received_events_url': 'https://api.github.com/users/microsoftgraph/received_events', 'type': 'Organization', 'site_admin': False}, 'repo': {'id': 103300409, 'node_id': 'MDEwOlJlcG9zaXRvcnkxMDMzMDA0MDk=', 'name': 'msgraph-sdk-java', 'full_name': 'microsoftgraph/msgraph-sdk-java', 'private': False, 'owner': {'login': 'microsoftgraph', 'id': 17304259, 'node_id': 'MDEyOk9yZ2FuaXphdGlvbjE3MzA0MjU5', 'avatar_url': 'https://avatars.githubusercontent.com/u/17304259?v=4', 'gravatar_id': '', 'url': 'https://api.github.com/users/microsoftgraph', 'html_url': 'https://github.com/microsoftgraph', 'followers_url': 'https://api.github.com/users/microsoftgraph/followers', 'following_url': 'https://api.github.com/users/microsoftgraph/following{/other_user}', 'gists_url': 'https://api.github.com/users/microsoftgraph/gists{/gist_id}', 'starred_url': 'https://api.github.com/users/microsoftgraph/starred{/owner}{/repo}', 'subscriptions_url': 'https://api.github.com/users/microsoftgraph/subscriptions', 'organizations_url': 'https://api.github.com/users/microsoftgraph/orgs', 'repos_url': 'https://api.github.com/users/microsoftgraph/repos', 'events_url': 'https://api.github.com/users/microsoftgraph/events{/privacy}', 'received_events_url': 'https://api.github.com/users/microsoftgraph/received_events', 'type': 'Organization', 'site_admin': False}, 'html_url': 'https://github.com/microsoftgraph/msgraph-sdk-java', 'description': 'Microsoft Graph SDK for Java', 'fork': False, 'url': 'https://api.github.com/repos/microsoftgraph/msgraph-sdk-java', 'forks_url': 'https://api.github.com/repos/microsoftgraph/msgraph-sdk-java/forks', 'keys_url': 'https://api.github.com/repos/microsoftgraph/msgraph-sdk-java/keys{/key_id}', 'collaborators_url': 'https://api.github.com/repos/microsoftgraph/msgraph-sdk-java/collaborators{/collaborator}', 'teams_url': 'https://api.github.com/repos/microsoftgraph/msgraph-sdk-java/teams', 'hooks_url': 'https://api.github.com/repos/microsoftgraph/msgraph-sdk-java/hooks', 'issue_events_url': 'https://api.github.com/repos/microsoftgraph/msgraph-sdk-java/issues/events{/number}', 'events_url': 'https://api.github.com/repos/microsoftgraph/msgraph-sdk-java/events', 'assignees_url': 'https://api.github.com/repos/microsoftgraph/msgraph-sdk-java/assignees{/user}', 'branches_url': 'https://api.github.com/repos/microsoftgraph/msgraph-sdk-java/branches{/branch}', 'tags_url': 'https://api.github.com/repos/microsoftgraph/msgraph-sdk-java/tags', 'blobs_url': 'https://api.github.com/repos/microsoftgraph/msgraph-sdk-java/git/blobs{/sha}', 'git_tags_url': 'https://api.github.com/repos/microsoftgraph/msgraph-sdk-java/git/tags{/sha}', 'git_refs_url': 'https://api.github.com/repos/microsoftgraph/msgraph-sdk-java/git/refs{/sha}', 'trees_url': 'https://api.github.com/repos/microsoftgraph/msgraph-sdk-java/git/trees{/sha}', 'statuses_url': 'https://api.github.com/repos/microsoftgraph/msgraph-sdk-java/statuses/{sha}', 'languages_url': 'https://api.github.com/repos/microsoftgraph/msgraph-sdk-java/languages', 'stargazers_url': 'https://api.github.com/repos/microsoftgraph/msgraph-sdk-java/stargazers', 'contributors_url': 'https://api.github.com/repos/microsoftgraph/msgraph-sdk-java/contributors', 'subscribers_url': 'https://api.github.com/repos/microsoftgraph/msgraph-sdk-java/subscribers', 'subscription_url': 'https://api.github.com/repos/microsoftgraph/msgraph-sdk-java/subscription', 'commits_url': 'https://api.github.com/repos/microsoftgraph/msgraph-sdk-java/commits{/sha}', 'git_commits_url': 'https://api.github.com/repos/microsoftgraph/msgraph-sdk-java/git/commits{/sha}', 'comments_url': 'https://api.github.com/repos/microsoftgraph/msgraph-sdk-java/comments{/number}', 'issue_comment_url': 'https://api.github.com/repos/microsoftgraph/msgraph-sdk-java/issues/comments{/number}', 'contents_url': 'https://api.github.com/repos/microsoftgraph/msgraph-sdk-java/contents/{+path}', 'compare_url': 'https://api.github.com/repos/microsoftgraph/msgraph-sdk-java/compare/{base}...{head}', 'merges_url': 'https://api.github.com/repos/microsoftgraph/msgraph-sdk-java/merges', 'archive_url': 'https://api.github.com/repos/microsoftgraph/msgraph-sdk-java/{archive_format}{/ref}', 'downloads_url': 'https://api.github.com/repos/microsoftgraph/msgraph-sdk-java/downloads', 'issues_url': 'https://api.github.com/repos/microsoftgraph/msgraph-sdk-java/issues{/number}', 'pulls_url': 'https://api.github.com/repos/microsoftgraph/msgraph-sdk-java/pulls{/number}', 'milestones_url': 'https://api.github.com/repos/microsoftgraph/msgraph-sdk-java/milestones{/number}', 'notifications_url': 'https://api.github.com/repos/microsoftgraph/msgraph-sdk-java/notifications{?since,all,participating}', 'labels_url': 'https://api.github.com/repos/microsoftgraph/msgraph-sdk-java/labels{/name}', 'releases_url': 'https://api.github.com/repos/microsoftgraph/msgraph-sdk-java/releases{/id}', 'deployments_url': 'https://api.github.com/repos/microsoftgraph/msgraph-sdk-java/deployments', 'created_at': '2017-09-12T17:20:15Z', 'updated_at': '2022-04-10T14:24:06Z', 'pushed_at': '2022-04-12T21:13:56Z', 'git_url': 'git://github.com/microsoftgraph/msgraph-sdk-java.git', 'ssh_url': 'git@github.com:microsoftgraph/msgraph-sdk-java.git', 'clone_url': 'https://github.com/microsoftgraph/msgraph-sdk-java.git', 'svn_url': 'https://github.com/microsoftgraph/msgraph-sdk-java', 'homepage': 'https://docs.microsoft.com/en-us/graph/sdks/sdks-overview', 'size': 59093, 'stargazers_count': 245, 'watchers_count': 245, 'language': 'Java', 'has_issues': True, 'has_projects': True, 'has_downloads': True, 'has_wiki': False, 'has_pages': False, 'forks_count': 101, 'mirror_url': None, 'archived': False, 'disabled': False, 'open_issues_count': 4, 'license': {'key': 'mit', 'name': 'MIT License', 'spdx_id': 'MIT', 'url': 'https://api.github.com/licenses/mit', 'node_id': 'MDc6TGljZW5zZTEz'}, 'allow_forking': True, 'is_template': False, 'topics': ['java', 'microsoft-graph', 'microsoft-graph-sdk', 'sdk'], 'visibility': 'public', 'forks': 101, 'open_issues': 4, 'watchers': 245, 'default_branch': 'dev'}}, 'base': {'label': 'microsoftgraph:dev', 'ref': 'dev', 'sha': '9bf53e2b648d05e0e96a1af16d80d10666d2a50b', 'user': {'login': 'microsoftgraph', 'id': 17304259, 'node_id': 'MDEyOk9yZ2FuaXphdGlvbjE3MzA0MjU5', 'avatar_url': 'https://avatars.githubusercontent.com/u/17304259?v=4', 'gravatar_id': '', 'url': 'https://api.github.com/users/microsoftgraph', 'html_url': 'https://github.com/microsoftgraph', 'followers_url': 'https://api.github.com/users/microsoftgraph/followers', 'following_url': 'https://api.github.com/users/microsoftgraph/following{/other_user}', 'gists_url': 'https://api.github.com/users/microsoftgraph/gists{/gist_id}', 'starred_url': 'https://api.github.com/users/microsoftgraph/starred{/owner}{/repo}', 'subscriptions_url': 'https://api.github.com/users/microsoftgraph/subscriptions', 'organizations_url': 'https://api.github.com/users/microsoftgraph/orgs', 'repos_url': 'https://api.github.com/users/microsoftgraph/repos', 'events_url': 'https://api.github.com/users/microsoftgraph/events{/privacy}', 'received_events_url': 'https://api.github.com/users/microsoftgraph/received_events', 'type': 'Organization', 'site_admin': False}, 'repo': {'id': 103300409, 'node_id': 'MDEwOlJlcG9zaXRvcnkxMDMzMDA0MDk=', 'name': 'msgraph-sdk-java', 'full_name': 'microsoftgraph/msgraph-sdk-java', 'private': False, 'owner': {'login': 'microsoftgraph', 'id': 17304259, 'node_id': 'MDEyOk9yZ2FuaXphdGlvbjE3MzA0MjU5', 'avatar_url': 'https://avatars.githubusercontent.com/u/17304259?v=4', 'gravatar_id': '', 'url': 'https://api.github.com/users/microsoftgraph', 'html_url': 'https://github.com/microsoftgraph', 'followers_url': 'https://api.github.com/users/microsoftgraph/followers', 'following_url': 'https://api.github.com/users/microsoftgraph/following{/other_user}', 'gists_url': 'https://api.github.com/users/microsoftgraph/gists{/gist_id}', 'starred_url': 'https://api.github.com/users/microsoftgraph/starred{/owner}{/repo}', 'subscriptions_url': 'https://api.github.com/users/microsoftgraph/subscriptions', 'organizations_url': 'https://api.github.com/users/microsoftgraph/orgs', 'repos_url': 'https://api.github.com/users/microsoftgraph/repos', 'events_url': 'https://api.github.com/users/microsoftgraph/events{/privacy}', 'received_events_url': 'https://api.github.com/users/microsoftgraph/received_events', 'type': 'Organization', 'site_admin': False}, 'html_url': 'https://github.com/microsoftgraph/msgraph-sdk-java', 'description': 'Microsoft Graph SDK for Java', 'fork': False, 'url': 'https://api.github.com/repos/microsoftgraph/msgraph-sdk-java', 'forks_url': 'https://api.github.com/repos/microsoftgraph/msgraph-sdk-java/forks', 'keys_url': 'https://api.github.com/repos/microsoftgraph/msgraph-sdk-java/keys{/key_id}', 'collaborators_url': 'https://api.github.com/repos/microsoftgraph/msgraph-sdk-java/collaborators{/collaborator}', 'teams_url': 'https://api.github.com/repos/microsoftgraph/msgraph-sdk-java/teams', 'hooks_url': 'https://api.github.com/repos/microsoftgraph/msgraph-sdk-java/hooks', 'issue_events_url': 'https://api.github.com/repos/microsoftgraph/msgraph-sdk-java/issues/events{/number}', 'events_url': 'https://api.github.com/repos/microsoftgraph/msgraph-sdk-java/events', 'assignees_url': 'https://api.github.com/repos/microsoftgraph/msgraph-sdk-java/assignees{/user}', 'branches_url': 'https://api.github.com/repos/microsoftgraph/msgraph-sdk-java/branches{/branch}', 'tags_url': 'https://api.github.com/repos/microsoftgraph/msgraph-sdk-java/tags', 'blobs_url': 'https://api.github.com/repos/microsoftgraph/msgraph-sdk-java/git/blobs{/sha}', 'git_tags_url': 'https://api.github.com/repos/microsoftgraph/msgraph-sdk-java/git/tags{/sha}', 'git_refs_url': 'https://api.github.com/repos/microsoftgraph/msgraph-sdk-java/git/refs{/sha}', 'trees_url': 'https://api.github.com/repos/microsoftgraph/msgraph-sdk-java/git/trees{/sha}', 'statuses_url': 'https://api.github.com/repos/microsoftgraph/msgraph-sdk-java/statuses/{sha}', 'languages_url': 'https://api.github.com/repos/microsoftgraph/msgraph-sdk-java/languages', 'stargazers_url': 'https://api.github.com/repos/microsoftgraph/msgraph-sdk-java/stargazers', 'contributors_url': 'https://api.github.com/repos/microsoftgraph/msgraph-sdk-java/contributors', 'subscribers_url': 'https://api.github.com/repos/microsoftgraph/msgraph-sdk-java/subscribers', 'subscription_url': 'https://api.github.com/repos/microsoftgraph/msgraph-sdk-java/subscription', 'commits_url': 'https://api.github.com/repos/microsoftgraph/msgraph-sdk-java/commits{/sha}', 'git_commits_url': 'https://api.github.com/repos/microsoftgraph/msgraph-sdk-java/git/commits{/sha}', 'comments_url': 'https://api.github.com/repos/microsoftgraph/msgraph-sdk-java/comments{/number}', 'issue_comment_url': 'https://api.github.com/repos/microsoftgraph/msgraph-sdk-java/issues/comments{/number}', 'contents_url': 'https://api.github.com/repos/microsoftgraph/msgraph-sdk-java/contents/{+path}', 'compare_url': 'https://api.github.com/repos/microsoftgraph/msgraph-sdk-java/compare/{base}...{head}', 'merges_url': 'https://api.github.com/repos/microsoftgraph/msgraph-sdk-java/merges', 'archive_url': 'https://api.github.com/repos/microsoftgraph/msgraph-sdk-java/{archive_format}{/ref}', 'downloads_url': 'https://api.github.com/repos/microsoftgraph/msgraph-sdk-java/downloads', 'issues_url': 'https://api.github.com/repos/microsoftgraph/msgraph-sdk-java/issues{/number}', 'pulls_url': 'https://api.github.com/repos/microsoftgraph/msgraph-sdk-java/pulls{/number}', 'milestones_url': 'https://api.github.com/repos/microsoftgraph/msgraph-sdk-java/milestones{/number}', 'notifications_url': 'https://api.github.com/repos/microsoftgraph/msgraph-sdk-java/notifications{?since,all,participating}', 'labels_url': 'https://api.github.com/repos/microsoftgraph/msgraph-sdk-java/labels{/name}', 'releases_url': 'https://api.github.com/repos/microsoftgraph/msgraph-sdk-java/releases{/id}', 'deployments_url': 'https://api.github.com/repos/microsoftgraph/msgraph-sdk-java/deployments', 'created_at': '2017-09-12T17:20:15Z', 'updated_at': '2022-04-10T14:24:06Z', 'pushed_at': '2022-04-12T21:13:56Z', 'git_url': 'git://github.com/microsoftgraph/msgraph-sdk-java.git', 'ssh_url': 'git@github.com:microsoftgraph/msgraph-sdk-java.git', 'clone_url': 'https://github.com/microsoftgraph/msgraph-sdk-java.git', 'svn_url': 'https://github.com/microsoftgraph/msgraph-sdk-java', 'homepage': 'https://docs.microsoft.com/en-us/graph/sdks/sdks-overview', 'size': 59093, 'stargazers_count': 245, 'watchers_count': 245, 'language': 'Java', 'has_issues': True, 'has_projects': True, 'has_downloads': True, 'has_wiki': False, 'has_pages': False, 'forks_count': 101, 'mirror_url': None, 'archived': False, 'disabled': False, 'open_issues_count': 4, 'license': {'key': 'mit', 'name': 'MIT License', 'spdx_id': 'MIT', 'url': 'https://api.github.com/licenses/mit', 'node_id': 'MDc6TGljZW5zZTEz'}, 'allow_forking': True, 'is_template': False, 'topics': ['java', 'microsoft-graph', 'microsoft-graph-sdk', 'sdk'], 'visibility': 'public', 'forks': 101, 'open_issues': 4, 'watchers': 245, 'default_branch': 'dev'}}, '_links': {'self': {'href': 'https://api.github.com/repos/microsoftgraph/msgraph-sdk-java/pulls/1044'}, 'html': {'href': 'https://github.com/microsoftgraph/msgraph-sdk-java/pull/1044'}, 'issue': {'href': 'https://api.github.com/repos/microsoftgraph/msgraph-sdk-java/issues/1044'}, 'comments': {'href': 'https://api.github.com/repos/microsoftgraph/msgraph-sdk-java/issues/1044/comments'}, 'review_comments': {'href': 'https://api.github.com/repos/microsoftgraph/msgraph-sdk-java/pulls/1044/comments'}, 'review_comment': {'href': 'https://api.github.com/repos/microsoftgraph/msgraph-sdk-java/pulls/comments{/number}'}, 'commits': {'href': 'https://api.github.com/repos/microsoftgraph/msgraph-sdk-java/pulls/1044/commits'}, 'statuses': {'href': 'https://api.github.com/repos/microsoftgraph/msgraph-sdk-java/statuses/222a899aaa4e184e65fcce14aa21cd73f93db131'}}, 'author_association': 'CONTRIBUTOR', 'auto_merge': {'enabled_by': {'login': 'ramsessanchez', 'id': 63934382, 'node_id': 'MDQ6VXNlcjYzOTM0Mzgy', 'avatar_url': 'https://avatars.githubusercontent.com/u/63934382?v=4', 'gravatar_id': '', 'url': 'https://api.github.com/users/ramsessanchez', 'html_url': 'https://github.com/ramsessanchez', 'followers_url': 'https://api.github.com/users/ramsessanchez/followers', 'following_url': 'https://api.github.com/users/ramsessanchez/following{/other_user}', 'gists_url': 'https://api.github.com/users/ramsessanchez/gists{/gist_id}', 'starred_url': 'https://api.github.com/users/ramsessanchez/starred{/owner}{/repo}', 'subscriptions_url': 'https://api.github.com/users/ramsessanchez/subscriptions', 'organizations_url': 'https://api.github.com/users/ramsessanchez/orgs', 'repos_url': 'https://api.github.com/users/ramsessanchez/repos', 'events_url': 'https://api.github.com/users/ramsessanchez/events{/privacy}', 'received_events_url': 'https://api.github.com/users/ramsessanchez/received_events', 'type': 'User', 'site_admin': False}, 'merge_method': 'merge', 'commit_title': 'Merge pull request #1044 from microsoftgraph/v1.0/pipelinebuild/72445', 'commit_message': 'Generated v1.0 models and request builders using Typewriter'}, 'active_lock_reason': None, 'merged': True, 'mergeable': None, 'rebaseable': None, 'mergeable_state': 'unknown', 'merged_by': {'login': 'ramsessanchez', 'id': 63934382, 'node_id': 'MDQ6VXNlcjYzOTM0Mzgy', 'avatar_url': 'https://avatars.githubusercontent.com/u/63934382?v=4', 'gravatar_id': '', 'url': 'https://api.github.com/users/ramsessanchez', 'html_url': 'https://github.com/ramsessanchez', 'followers_url': 'https://api.github.com/users/ramsessanchez/followers', 'following_url': 'https://api.github.com/users/ramsessanchez/following{/other_user}', 'gists_url': 'https://api.github.com/users/ramsessanchez/gists{/gist_id}', 'starred_url': 'https://api.github.com/users/ramsessanchez/starred{/owner}{/repo}', 'subscriptions_url': 'https://api.github.com/users/ramsessanchez/subscriptions', 'organizations_url': 'https://api.github.com/users/ramsessanchez/orgs', 'repos_url': 'https://api.github.com/users/ramsessanchez/repos', 'events_url': 'https://api.github.com/users/ramsessanchez/events{/privacy}', 'received_events_url': 'https://api.github.com/users/ramsessanchez/received_events', 'type': 'User', 'site_admin': False}, 'comments': 0, 'review_comments': 0, 'maintainer_can_modify': False, 'commits': 2, 'additions': 13156, 'deletions': 15, 'changed_files': 170}}",closed,Java
21256229057,PushEvent,microsoftgraph/msgraph-beta-sdk-java,0.0,2022-04-12T21:03:12Z,"{'push_id': 9610174758, 'size': 1, 'distinct_size': 1, 'ref': 'refs/heads/beta/pipelinebuild/72445', 'head': 'e0158524d87d2bc93476f020910e648c9c024bd9', 'before': 'be98ad7a466b3e266a28d514d1765a8d4d78d99d', 'commits': [{'sha': 'e0158524d87d2bc93476f020910e648c9c024bd9', 'author': {'email': '63934382+ramsessanchez@users.noreply.github.com', 'name': 'ramsessanchez'}, 'message': 'Update CHANGELOG.md', 'distinct': True, 'url': 'https://api.github.com/repos/microsoftgraph/msgraph-beta-sdk-java/commits/e0158524d87d2bc93476f020910e648c9c024bd9'}]}",,Java
21255897770,PushEvent,microsoftgraph/msgraph-sdk-java,0.0,2022-04-12T20:40:44Z,"{'push_id': 9610010881, 'size': 1, 'distinct_size': 1, 'ref': 'refs/heads/v1.0/pipelinebuild/72445', 'head': '222a899aaa4e184e65fcce14aa21cd73f93db131', 'before': '75376114776ff8d61119e364f349b5cf537ca330', 'commits': [{'sha': '222a899aaa4e184e65fcce14aa21cd73f93db131', 'author': {'email': '63934382+ramsessanchez@users.noreply.github.com', 'name': 'ramsessanchez'}, 'message': 'Update CHANGELOG.md', 'distinct': True, 'url': 'https://api.github.com/repos/microsoftgraph/msgraph-sdk-java/commits/222a899aaa4e184e65fcce14aa21cd73f93db131'}]}",,Java
21244988328,PullRequestEvent,microsoftgraph/msgraph-beta-sdk-java,0.0,2022-04-12T11:07:58Z,"{'action': 'opened', 'number': 278, 'pull_request': {'url': 'https://api.github.com/repos/microsoftgraph/msgraph-beta-sdk-java/pulls/278', 'id': 907533975, 'node_id': 'PR_kwDODDF5Ls42F96X', 'html_url': 'https://github.com/microsoftgraph/msgraph-beta-sdk-java/pull/278', 'diff_url': 'https://github.com/microsoftgraph/msgraph-beta-sdk-java/pull/278.diff', 'patch_url': 'https://github.com/microsoftgraph/msgraph-beta-sdk-java/pull/278.patch', 'issue_url': 'https://api.github.com/repos/microsoftgraph/msgraph-beta-sdk-java/issues/278', 'number': 278, 'state': 'open', 'locked': False, 'title': 'Generated beta models and request builders using Typewriter', 'user': {'login': 'ramsessanchez', 'id': 63934382, 'node_id': 'MDQ6VXNlcjYzOTM0Mzgy', 'avatar_url': 'https://avatars.githubusercontent.com/u/63934382?v=4', 'gravatar_id': '', 'url': 'https://api.github.com/users/ramsessanchez', 'html_url': 'https://github.com/ramsessanchez', 'followers_url': 'https://api.github.com/users/ramsessanchez/followers', 'following_url': 'https://api.github.com/users/ramsessanchez/following{/other_user}', 'gists_url': 'https://api.github.com/users/ramsessanchez/gists{/gist_id}', 'starred_url': 'https://api.github.com/users/ramsessanchez/starred{/owner}{/repo}', 'subscriptions_url': 'https://api.github.com/users/ramsessanchez/subscriptions', 'organizations_url': 'https://api.github.com/users/ramsessanchez/orgs', 'repos_url': 'https://api.github.com/users/ramsessanchez/repos', 'events_url': 'https://api.github.com/users/ramsessanchez/events{/privacy}', 'received_events_url': 'https://api.github.com/users/ramsessanchez/received_events', 'type': 'User', 'site_admin': False}, 'body': 'This pull request was automatically created by the GitHub Action, **create pull request**. \n\n The commit hash is _be98ad7a466b3e266a28d514d1765a8d4d78d99d_. \n\n **Important** Check for unexpected deletions or changes in this PR.', 'created_at': '2022-04-12T11:07:57Z', 'updated_at': '2022-04-12T11:07:57Z', 'closed_at': None, 'merged_at': None, 'merge_commit_sha': None, 'assignee': None, 'assignees': [], 'requested_reviewers': [], 'requested_teams': [], 'labels': [], 'milestone': None, 'draft': False, 'commits_url': 'https://api.github.com/repos/microsoftgraph/msgraph-beta-sdk-java/pulls/278/commits', 'review_comments_url': 'https://api.github.com/repos/microsoftgraph/msgraph-beta-sdk-java/pulls/278/comments', 'review_comment_url': 'https://api.github.com/repos/microsoftgraph/msgraph-beta-sdk-java/pulls/comments{/number}', 'comments_url': 'https://api.github.com/repos/microsoftgraph/msgraph-beta-sdk-java/issues/278/comments', 'statuses_url': 'https://api.github.com/repos/microsoftgraph/msgraph-beta-sdk-java/statuses/be98ad7a466b3e266a28d514d1765a8d4d78d99d', 'head': {'label': 'microsoftgraph:beta/pipelinebuild/72445', 'ref': 'beta/pipelinebuild/72445', 'sha': 'be98ad7a466b3e266a28d514d1765a8d4d78d99d', 'user': {'login': 'microsoftgraph', 'id': 17304259, 'node_id': 'MDEyOk9yZ2FuaXphdGlvbjE3MzA0MjU5', 'avatar_url': 'https://avatars.githubusercontent.com/u/17304259?v=4', 'gravatar_id': '', 'url': 'https://api.github.com/users/microsoftgraph', 'html_url': 'https://github.com/microsoftgraph', 'followers_url': 'https://api.github.com/users/microsoftgraph/followers', 'following_url': 'https://api.github.com/users/microsoftgraph/following{/other_user}', 'gists_url': 'https://api.github.com/users/microsoftgraph/gists{/gist_id}', 'starred_url': 'https://api.github.com/users/microsoftgraph/starred{/owner}{/repo}', 'subscriptions_url': 'https://api.github.com/users/microsoftgraph/subscriptions', 'organizations_url': 'https://api.github.com/users/microsoftgraph/orgs', 'repos_url': 'https://api.github.com/users/microsoftgraph/repos', 'events_url': 'https://api.github.com/users/microsoftgraph/events{/privacy}', 'received_events_url': 'https://api.github.com/users/microsoftgraph/received_events', 'type': 'Organization', 'site_admin': False}, 'repo': {'id': 204568878, 'node_id': 'MDEwOlJlcG9zaXRvcnkyMDQ1Njg4Nzg=', 'name': 'msgraph-beta-sdk-java', 'full_name': 'microsoftgraph/msgraph-beta-sdk-java', 'private': False, 'owner': {'login': 'microsoftgraph', 'id': 17304259, 'node_id': 'MDEyOk9yZ2FuaXphdGlvbjE3MzA0MjU5', 'avatar_url': 'https://avatars.githubusercontent.com/u/17304259?v=4', 'gravatar_id': '', 'url': 'https://api.github.com/users/microsoftgraph', 'html_url': 'https://github.com/microsoftgraph', 'followers_url': 'https://api.github.com/users/microsoftgraph/followers', 'following_url': 'https://api.github.com/users/microsoftgraph/following{/other_user}', 'gists_url': 'https://api.github.com/users/microsoftgraph/gists{/gist_id}', 'starred_url': 'https://api.github.com/users/microsoftgraph/starred{/owner}{/repo}', 'subscriptions_url': 'https://api.github.com/users/microsoftgraph/subscriptions', 'organizations_url': 'https://api.github.com/users/microsoftgraph/orgs', 'repos_url': 'https://api.github.com/users/microsoftgraph/repos', 'events_url': 'https://api.github.com/users/microsoftgraph/events{/privacy}', 'received_events_url': 'https://api.github.com/users/microsoftgraph/received_events', 'type': 'Organization', 'site_admin': False}, 'html_url': 'https://github.com/microsoftgraph/msgraph-beta-sdk-java', 'description': 'Microsoft Graph Beta Java SDK', 'fork': False, 'url': 'https://api.github.com/repos/microsoftgraph/msgraph-beta-sdk-java', 'forks_url': 'https://api.github.com/repos/microsoftgraph/msgraph-beta-sdk-java/forks', 'keys_url': 'https://api.github.com/repos/microsoftgraph/msgraph-beta-sdk-java/keys{/key_id}', 'collaborators_url': 'https://api.github.com/repos/microsoftgraph/msgraph-beta-sdk-java/collaborators{/collaborator}', 'teams_url': 'https://api.github.com/repos/microsoftgraph/msgraph-beta-sdk-java/teams', 'hooks_url': 'https://api.github.com/repos/microsoftgraph/msgraph-beta-sdk-java/hooks', 'issue_events_url': 'https://api.github.com/repos/microsoftgraph/msgraph-beta-sdk-java/issues/events{/number}', 'events_url': 'https://api.github.com/repos/microsoftgraph/msgraph-beta-sdk-java/events', 'assignees_url': 'https://api.github.com/repos/microsoftgraph/msgraph-beta-sdk-java/assignees{/user}', 'branches_url': 'https://api.github.com/repos/microsoftgraph/msgraph-beta-sdk-java/branches{/branch}', 'tags_url': 'https://api.github.com/repos/microsoftgraph/msgraph-beta-sdk-java/tags', 'blobs_url': 'https://api.github.com/repos/microsoftgraph/msgraph-beta-sdk-java/git/blobs{/sha}', 'git_tags_url': 'https://api.github.com/repos/microsoftgraph/msgraph-beta-sdk-java/git/tags{/sha}', 'git_refs_url': 'https://api.github.com/repos/microsoftgraph/msgraph-beta-sdk-java/git/refs{/sha}', 'trees_url': 'https://api.github.com/repos/microsoftgraph/msgraph-beta-sdk-java/git/trees{/sha}', 'statuses_url': 'https://api.github.com/repos/microsoftgraph/msgraph-beta-sdk-java/statuses/{sha}', 'languages_url': 'https://api.github.com/repos/microsoftgraph/msgraph-beta-sdk-java/languages', 'stargazers_url': 'https://api.github.com/repos/microsoftgraph/msgraph-beta-sdk-java/stargazers', 'contributors_url': 'https://api.github.com/repos/microsoftgraph/msgraph-beta-sdk-java/contributors', 'subscribers_url': 'https://api.github.com/repos/microsoftgraph/msgraph-beta-sdk-java/subscribers', 'subscription_url': 'https://api.github.com/repos/microsoftgraph/msgraph-beta-sdk-java/subscription', 'commits_url': 'https://api.github.com/repos/microsoftgraph/msgraph-beta-sdk-java/commits{/sha}', 'git_commits_url': 'https://api.github.com/repos/microsoftgraph/msgraph-beta-sdk-java/git/commits{/sha}', 'comments_url': 'https://api.github.com/repos/microsoftgraph/msgraph-beta-sdk-java/comments{/number}', 'issue_comment_url': 'https://api.github.com/repos/microsoftgraph/msgraph-beta-sdk-java/issues/comments{/number}', 'contents_url': 'https://api.github.com/repos/microsoftgraph/msgraph-beta-sdk-java/contents/{+path}', 'compare_url': 'https://api.github.com/repos/microsoftgraph/msgraph-beta-sdk-java/compare/{base}...{head}', 'merges_url': 'https://api.github.com/repos/microsoftgraph/msgraph-beta-sdk-java/merges', 'archive_url': 'https://api.github.com/repos/microsoftgraph/msgraph-beta-sdk-java/{archive_format}{/ref}', 'downloads_url': 'https://api.github.com/repos/microsoftgraph/msgraph-beta-sdk-java/downloads', 'issues_url': 'https://api.github.com/repos/microsoftgraph/msgraph-beta-sdk-java/issues{/number}', 'pulls_url': 'https://api.github.com/repos/microsoftgraph/msgraph-beta-sdk-java/pulls{/number}', 'milestones_url': 'https://api.github.com/repos/microsoftgraph/msgraph-beta-sdk-java/milestones{/number}', 'notifications_url': 'https://api.github.com/repos/microsoftgraph/msgraph-beta-sdk-java/notifications{?since,all,participating}', 'labels_url': 'https://api.github.com/repos/microsoftgraph/msgraph-beta-sdk-java/labels{/name}', 'releases_url': 'https://api.github.com/repos/microsoftgraph/msgraph-beta-sdk-java/releases{/id}', 'deployments_url': 'https://api.github.com/repos/microsoftgraph/msgraph-beta-sdk-java/deployments', 'created_at': '2019-08-26T21:59:24Z', 'updated_at': '2022-02-23T21:45:26Z', 'pushed_at': '2022-04-12T11:07:58Z', 'git_url': 'git://github.com/microsoftgraph/msgraph-beta-sdk-java.git', 'ssh_url': 'git@github.com:microsoftgraph/msgraph-beta-sdk-java.git', 'clone_url': 'https://github.com/microsoftgraph/msgraph-beta-sdk-java.git', 'svn_url': 'https://github.com/microsoftgraph/msgraph-beta-sdk-java', 'homepage': 'https://docs.microsoft.com/en-us/graph/sdks/use-beta?tabs=Java', 'size': 52028, 'stargazers_count': 8, 'watchers_count': 8, 'language': 'Java', 'has_issues': True, 'has_projects': True, 'has_downloads': True, 'has_wiki': False, 'has_pages': False, 'forks_count': 5, 'mirror_url': None, 'archived': False, 'disabled': False, 'open_issues_count': 3, 'license': {'key': 'mit', 'name': 'MIT License', 'spdx_id': 'MIT', 'url': 'https://api.github.com/licenses/mit', 'node_id': 'MDc6TGljZW5zZTEz'}, 'allow_forking': True, 'is_template': False, 'topics': ['java', 'microsoft-graph', 'sdk'], 'visibility': 'public', 'forks': 5, 'open_issues': 3, 'watchers': 8, 'default_branch': 'dev'}}, 'base': {'label': 'microsoftgraph:dev', 'ref': 'dev', 'sha': 'f2414d600e002fa700bc3daa358824db53652730', 'user': {'login': 'microsoftgraph', 'id': 17304259, 'node_id': 'MDEyOk9yZ2FuaXphdGlvbjE3MzA0MjU5', 'avatar_url': 'https://avatars.githubusercontent.com/u/17304259?v=4', 'gravatar_id': '', 'url': 'https://api.github.com/users/microsoftgraph', 'html_url': 'https://github.com/microsoftgraph', 'followers_url': 'https://api.github.com/users/microsoftgraph/followers', 'following_url': 'https://api.github.com/users/microsoftgraph/following{/other_user}', 'gists_url': 'https://api.github.com/users/microsoftgraph/gists{/gist_id}', 'starred_url': 'https://api.github.com/users/microsoftgraph/starred{/owner}{/repo}', 'subscriptions_url': 'https://api.github.com/users/microsoftgraph/subscriptions', 'organizations_url': 'https://api.github.com/users/microsoftgraph/orgs', 'repos_url': 'https://api.github.com/users/microsoftgraph/repos', 'events_url': 'https://api.github.com/users/microsoftgraph/events{/privacy}', 'received_events_url': 'https://api.github.com/users/microsoftgraph/received_events', 'type': 'Organization', 'site_admin': False}, 'repo': {'id': 204568878, 'node_id': 'MDEwOlJlcG9zaXRvcnkyMDQ1Njg4Nzg=', 'name': 'msgraph-beta-sdk-java', 'full_name': 'microsoftgraph/msgraph-beta-sdk-java', 'private': False, 'owner': {'login': 'microsoftgraph', 'id': 17304259, 'node_id': 'MDEyOk9yZ2FuaXphdGlvbjE3MzA0MjU5', 'avatar_url': 'https://avatars.githubusercontent.com/u/17304259?v=4', 'gravatar_id': '', 'url': 'https://api.github.com/users/microsoftgraph', 'html_url': 'https://github.com/microsoftgraph', 'followers_url': 'https://api.github.com/users/microsoftgraph/followers', 'following_url': 'https://api.github.com/users/microsoftgraph/following{/other_user}', 'gists_url': 'https://api.github.com/users/microsoftgraph/gists{/gist_id}', 'starred_url': 'https://api.github.com/users/microsoftgraph/starred{/owner}{/repo}', 'subscriptions_url': 'https://api.github.com/users/microsoftgraph/subscriptions', 'organizations_url': 'https://api.github.com/users/microsoftgraph/orgs', 'repos_url': 'https://api.github.com/users/microsoftgraph/repos', 'events_url': 'https://api.github.com/users/microsoftgraph/events{/privacy}', 'received_events_url': 'https://api.github.com/users/microsoftgraph/received_events', 'type': 'Organization', 'site_admin': False}, 'html_url': 'https://github.com/microsoftgraph/msgraph-beta-sdk-java', 'description': 'Microsoft Graph Beta Java SDK', 'fork': False, 'url': 'https://api.github.com/repos/microsoftgraph/msgraph-beta-sdk-java', 'forks_url': 'https://api.github.com/repos/microsoftgraph/msgraph-beta-sdk-java/forks', 'keys_url': 'https://api.github.com/repos/microsoftgraph/msgraph-beta-sdk-java/keys{/key_id}', 'collaborators_url': 'https://api.github.com/repos/microsoftgraph/msgraph-beta-sdk-java/collaborators{/collaborator}', 'teams_url': 'https://api.github.com/repos/microsoftgraph/msgraph-beta-sdk-java/teams', 'hooks_url': 'https://api.github.com/repos/microsoftgraph/msgraph-beta-sdk-java/hooks', 'issue_events_url': 'https://api.github.com/repos/microsoftgraph/msgraph-beta-sdk-java/issues/events{/number}', 'events_url': 'https://api.github.com/repos/microsoftgraph/msgraph-beta-sdk-java/events', 'assignees_url': 'https://api.github.com/repos/microsoftgraph/msgraph-beta-sdk-java/assignees{/user}', 'branches_url': 'https://api.github.com/repos/microsoftgraph/msgraph-beta-sdk-java/branches{/branch}', 'tags_url': 'https://api.github.com/repos/microsoftgraph/msgraph-beta-sdk-java/tags', 'blobs_url': 'https://api.github.com/repos/microsoftgraph/msgraph-beta-sdk-java/git/blobs{/sha}', 'git_tags_url': 'https://api.github.com/repos/microsoftgraph/msgraph-beta-sdk-java/git/tags{/sha}', 'git_refs_url': 'https://api.github.com/repos/microsoftgraph/msgraph-beta-sdk-java/git/refs{/sha}', 'trees_url': 'https://api.github.com/repos/microsoftgraph/msgraph-beta-sdk-java/git/trees{/sha}', 'statuses_url': 'https://api.github.com/repos/microsoftgraph/msgraph-beta-sdk-java/statuses/{sha}', 'languages_url': 'https://api.github.com/repos/microsoftgraph/msgraph-beta-sdk-java/languages', 'stargazers_url': 'https://api.github.com/repos/microsoftgraph/msgraph-beta-sdk-java/stargazers', 'contributors_url': 'https://api.github.com/repos/microsoftgraph/msgraph-beta-sdk-java/contributors', 'subscribers_url': 'https://api.github.com/repos/microsoftgraph/msgraph-beta-sdk-java/subscribers', 'subscription_url': 'https://api.github.com/repos/microsoftgraph/msgraph-beta-sdk-java/subscription', 'commits_url': 'https://api.github.com/repos/microsoftgraph/msgraph-beta-sdk-java/commits{/sha}', 'git_commits_url': 'https://api.github.com/repos/microsoftgraph/msgraph-beta-sdk-java/git/commits{/sha}', 'comments_url': 'https://api.github.com/repos/microsoftgraph/msgraph-beta-sdk-java/comments{/number}', 'issue_comment_url': 'https://api.github.com/repos/microsoftgraph/msgraph-beta-sdk-java/issues/comments{/number}', 'contents_url': 'https://api.github.com/repos/microsoftgraph/msgraph-beta-sdk-java/contents/{+path}', 'compare_url': 'https://api.github.com/repos/microsoftgraph/msgraph-beta-sdk-java/compare/{base}...{head}', 'merges_url': 'https://api.github.com/repos/microsoftgraph/msgraph-beta-sdk-java/merges', 'archive_url': 'https://api.github.com/repos/microsoftgraph/msgraph-beta-sdk-java/{archive_format}{/ref}', 'downloads_url': 'https://api.github.com/repos/microsoftgraph/msgraph-beta-sdk-java/downloads', 'issues_url': 'https://api.github.com/repos/microsoftgraph/msgraph-beta-sdk-java/issues{/number}', 'pulls_url': 'https://api.github.com/repos/microsoftgraph/msgraph-beta-sdk-java/pulls{/number}', 'milestones_url': 'https://api.github.com/repos/microsoftgraph/msgraph-beta-sdk-java/milestones{/number}', 'notifications_url': 'https://api.github.com/repos/microsoftgraph/msgraph-beta-sdk-java/notifications{?since,all,participating}', 'labels_url': 'https://api.github.com/repos/microsoftgraph/msgraph-beta-sdk-java/labels{/name}', 'releases_url': 'https://api.github.com/repos/microsoftgraph/msgraph-beta-sdk-java/releases{/id}', 'deployments_url': 'https://api.github.com/repos/microsoftgraph/msgraph-beta-sdk-java/deployments', 'created_at': '2019-08-26T21:59:24Z', 'updated_at': '2022-02-23T21:45:26Z', 'pushed_at': '2022-04-12T11:07:58Z', 'git_url': 'git://github.com/microsoftgraph/msgraph-beta-sdk-java.git', 'ssh_url': 'git@github.com:microsoftgraph/msgraph-beta-sdk-java.git', 'clone_url': 'https://github.com/microsoftgraph/msgraph-beta-sdk-java.git', 'svn_url': 'https://github.com/microsoftgraph/msgraph-beta-sdk-java', 'homepage': 'https://docs.microsoft.com/en-us/graph/sdks/use-beta?tabs=Java', 'size': 52028, 'stargazers_count': 8, 'watchers_count': 8, 'language': 'Java', 'has_issues': True, 'has_projects': True, 'has_downloads': True, 'has_wiki': False, 'has_pages': False, 'forks_count': 5, 'mirror_url': None, 'archived': False, 'disabled': False, 'open_issues_count': 3, 'license': {'key': 'mit', 'name': 'MIT License', 'spdx_id': 'MIT', 'url': 'https://api.github.com/licenses/mit', 'node_id': 'MDc6TGljZW5zZTEz'}, 'allow_forking': True, 'is_template': False, 'topics': ['java', 'microsoft-graph', 'sdk'], 'visibility': 'public', 'forks': 5, 'open_issues': 3, 'watchers': 8, 'default_branch': 'dev'}}, '_links': {'self': {'href': 'https://api.github.com/repos/microsoftgraph/msgraph-beta-sdk-java/pulls/278'}, 'html': {'href': 'https://github.com/microsoftgraph/msgraph-beta-sdk-java/pull/278'}, 'issue': {'href': 'https://api.github.com/repos/microsoftgraph/msgraph-beta-sdk-java/issues/278'}, 'comments': {'href': 'https://api.github.com/repos/microsoftgraph/msgraph-beta-sdk-java/issues/278/comments'}, 'review_comments': {'href': 'https://api.github.com/repos/microsoftgraph/msgraph-beta-sdk-java/pulls/278/comments'}, 'review_comment': {'href': 'https://api.github.com/repos/microsoftgraph/msgraph-beta-sdk-java/pulls/comments{/number}'}, 'commits': {'href': 'https://api.github.com/repos/microsoftgraph/msgraph-beta-sdk-java/pulls/278/commits'}, 'statuses': {'href': 'https://api.github.com/repos/microsoftgraph/msgraph-beta-sdk-java/statuses/be98ad7a466b3e266a28d514d1765a8d4d78d99d'}}, 'author_association': 'CONTRIBUTOR', 'auto_merge': None, 'active_lock_reason': None, 'merged': False, 'mergeable': None, 'rebaseable': None, 'mergeable_state': 'unknown', 'merged_by': None, 'comments': 0, 'review_comments': 0, 'maintainer_can_modify': False, 'commits': 1, 'additions': 2903, 'deletions': 87, 'changed_files': 84}}",opened,Java
21243849284,PullRequestEvent,microsoftgraph/msgraph-sdk-java,0.0,2022-04-12T10:08:15Z,"{'action': 'opened', 'number': 1044, 'pull_request': {'url': 'https://api.github.com/repos/microsoftgraph/msgraph-sdk-java/pulls/1044', 'id': 907456770, 'node_id': 'PR_kwDOBig9Oc42FrEC', 'html_url': 'https://github.com/microsoftgraph/msgraph-sdk-java/pull/1044', 'diff_url': 'https://github.com/microsoftgraph/msgraph-sdk-java/pull/1044.diff', 'patch_url': 'https://github.com/microsoftgraph/msgraph-sdk-java/pull/1044.patch', 'issue_url': 'https://api.github.com/repos/microsoftgraph/msgraph-sdk-java/issues/1044', 'number': 1044, 'state': 'open', 'locked': False, 'title': 'Generated v1.0 models and request builders using Typewriter', 'user': {'login': 'ramsessanchez', 'id': 63934382, 'node_id': 'MDQ6VXNlcjYzOTM0Mzgy', 'avatar_url': 'https://avatars.githubusercontent.com/u/63934382?v=4', 'gravatar_id': '', 'url': 'https://api.github.com/users/ramsessanchez', 'html_url': 'https://github.com/ramsessanchez', 'followers_url': 'https://api.github.com/users/ramsessanchez/followers', 'following_url': 'https://api.github.com/users/ramsessanchez/following{/other_user}', 'gists_url': 'https://api.github.com/users/ramsessanchez/gists{/gist_id}', 'starred_url': 'https://api.github.com/users/ramsessanchez/starred{/owner}{/repo}', 'subscriptions_url': 'https://api.github.com/users/ramsessanchez/subscriptions', 'organizations_url': 'https://api.github.com/users/ramsessanchez/orgs', 'repos_url': 'https://api.github.com/users/ramsessanchez/repos', 'events_url': 'https://api.github.com/users/ramsessanchez/events{/privacy}', 'received_events_url': 'https://api.github.com/users/ramsessanchez/received_events', 'type': 'User', 'site_admin': False}, 'body': 'This pull request was automatically created by the GitHub Action, **create pull request**. \n\n The commit hash is _75376114776ff8d61119e364f349b5cf537ca330_. \n\n **Important** Check for unexpected deletions or changes in this PR.', 'created_at': '2022-04-12T10:08:14Z', 'updated_at': '2022-04-12T10:08:15Z', 'closed_at': None, 'merged_at': None, 'merge_commit_sha': None, 'assignee': None, 'assignees': [], 'requested_reviewers': [{'login': 'zengin', 'id': 803311, 'node_id': 'MDQ6VXNlcjgwMzMxMQ==', 'avatar_url': 'https://avatars.githubusercontent.com/u/803311?v=4', 'gravatar_id': '', 'url': 'https://api.github.com/users/zengin', 'html_url': 'https://github.com/zengin', 'followers_url': 'https://api.github.com/users/zengin/followers', 'following_url': 'https://api.github.com/users/zengin/following{/other_user}', 'gists_url': 'https://api.github.com/users/zengin/gists{/gist_id}', 'starred_url': 'https://api.github.com/users/zengin/starred{/owner}{/repo}', 'subscriptions_url': 'https://api.github.com/users/zengin/subscriptions', 'organizations_url': 'https://api.github.com/users/zengin/orgs', 'repos_url': 'https://api.github.com/users/zengin/repos', 'events_url': 'https://api.github.com/users/zengin/events{/privacy}', 'received_events_url': 'https://api.github.com/users/zengin/received_events', 'type': 'User', 'site_admin': False}, {'login': 'baywet', 'id': 7905502, 'node_id': 'MDQ6VXNlcjc5MDU1MDI=', 'avatar_url': 'https://avatars.githubusercontent.com/u/7905502?v=4', 'gravatar_id': '', 'url': 'https://api.github.com/users/baywet', 'html_url': 'https://github.com/baywet', 'followers_url': 'https://api.github.com/users/baywet/followers', 'following_url': 'https://api.github.com/users/baywet/following{/other_user}', 'gists_url': 'https://api.github.com/users/baywet/gists{/gist_id}', 'starred_url': 'https://api.github.com/users/baywet/starred{/owner}{/repo}', 'subscriptions_url': 'https://api.github.com/users/baywet/subscriptions', 'organizations_url': 'https://api.github.com/users/baywet/orgs', 'repos_url': 'https://api.github.com/users/baywet/repos', 'events_url': 'https://api.github.com/users/baywet/events{/privacy}', 'received_events_url': 'https://api.github.com/users/baywet/received_events', 'type': 'User', 'site_admin': False}, {'login': 'MIchaelMainer', 'id': 8527305, 'node_id': 'MDQ6VXNlcjg1MjczMDU=', 'avatar_url': 'https://avatars.githubusercontent.com/u/8527305?v=4', 'gravatar_id': '', 'url': 'https://api.github.com/users/MIchaelMainer', 'html_url': 'https://github.com/MIchaelMainer', 'followers_url': 'https://api.github.com/users/MIchaelMainer/followers', 'following_url': 'https://api.github.com/users/MIchaelMainer/following{/other_user}', 'gists_url': 'https://api.github.com/users/MIchaelMainer/gists{/gist_id}', 'starred_url': 'https://api.github.com/users/MIchaelMainer/starred{/owner}{/repo}', 'subscriptions_url': 'https://api.github.com/users/MIchaelMainer/subscriptions', 'organizations_url': 'https://api.github.com/users/MIchaelMainer/orgs', 'repos_url': 'https://api.github.com/users/MIchaelMainer/repos', 'events_url': 'https://api.github.com/users/MIchaelMainer/events{/privacy}', 'received_events_url': 'https://api.github.com/users/MIchaelMainer/received_events', 'type': 'User', 'site_admin': False}, {'login': 'ddyett', 'id': 20829981, 'node_id': 'MDQ6VXNlcjIwODI5OTgx', 'avatar_url': 'https://avatars.githubusercontent.com/u/20829981?v=4', 'gravatar_id': '', 'url': 'https://api.github.com/users/ddyett', 'html_url': 'https://github.com/ddyett', 'followers_url': 'https://api.github.com/users/ddyett/followers', 'following_url': 'https://api.github.com/users/ddyett/following{/other_user}', 'gists_url': 'https://api.github.com/users/ddyett/gists{/gist_id}', 'starred_url': 'https://api.github.com/users/ddyett/starred{/owner}{/repo}', 'subscriptions_url': 'https://api.github.com/users/ddyett/subscriptions', 'organizations_url': 'https://api.github.com/users/ddyett/orgs', 'repos_url': 'https://api.github.com/users/ddyett/repos', 'events_url': 'https://api.github.com/users/ddyett/events{/privacy}', 'received_events_url': 'https://api.github.com/users/ddyett/received_events', 'type': 'User', 'site_admin': False}, {'login': 'nikithauc', 'id': 23219007, 'node_id': 'MDQ6VXNlcjIzMjE5MDA3', 'avatar_url': 'https://avatars.githubusercontent.com/u/23219007?v=4', 'gravatar_id': '', 'url': 'https://api.github.com/users/nikithauc', 'html_url': 'https://github.com/nikithauc', 'followers_url': 'https://api.github.com/users/nikithauc/followers', 'following_url': 'https://api.github.com/users/nikithauc/following{/other_user}', 'gists_url': 'https://api.github.com/users/nikithauc/gists{/gist_id}', 'starred_url': 'https://api.github.com/users/nikithauc/starred{/owner}{/repo}', 'subscriptions_url': 'https://api.github.com/users/nikithauc/subscriptions', 'organizations_url': 'https://api.github.com/users/nikithauc/orgs', 'repos_url': 'https://api.github.com/users/nikithauc/repos', 'events_url': 'https://api.github.com/users/nikithauc/events{/privacy}', 'received_events_url': 'https://api.github.com/users/nikithauc/received_events', 'type': 'User', 'site_admin': False}], 'requested_teams': [], 'labels': [], 'milestone': None, 'draft': False, 'commits_url': 'https://api.github.com/repos/microsoftgraph/msgraph-sdk-java/pulls/1044/commits', 'review_comments_url': 'https://api.github.com/repos/microsoftgraph/msgraph-sdk-java/pulls/1044/comments', 'review_comment_url': 'https://api.github.com/repos/microsoftgraph/msgraph-sdk-java/pulls/comments{/number}', 'comments_url': 'https://api.github.com/repos/microsoftgraph/msgraph-sdk-java/issues/1044/comments', 'statuses_url': 'https://api.github.com/repos/microsoftgraph/msgraph-sdk-java/statuses/75376114776ff8d61119e364f349b5cf537ca330', 'head': {'label': 'microsoftgraph:v1.0/pipelinebuild/72445', 'ref': 'v1.0/pipelinebuild/72445', 'sha': '75376114776ff8d61119e364f349b5cf537ca330', 'user': {'login': 'microsoftgraph', 'id': 17304259, 'node_id': 'MDEyOk9yZ2FuaXphdGlvbjE3MzA0MjU5', 'avatar_url': 'https://avatars.githubusercontent.com/u/17304259?v=4', 'gravatar_id': '', 'url': 'https://api.github.com/users/microsoftgraph', 'html_url': 'https://github.com/microsoftgraph', 'followers_url': 'https://api.github.com/users/microsoftgraph/followers', 'following_url': 'https://api.github.com/users/microsoftgraph/following{/other_user}', 'gists_url': 'https://api.github.com/users/microsoftgraph/gists{/gist_id}', 'starred_url': 'https://api.github.com/users/microsoftgraph/starred{/owner}{/repo}', 'subscriptions_url': 'https://api.github.com/users/microsoftgraph/subscriptions', 'organizations_url': 'https://api.github.com/users/microsoftgraph/orgs', 'repos_url': 'https://api.github.com/users/microsoftgraph/repos', 'events_url': 'https://api.github.com/users/microsoftgraph/events{/privacy}', 'received_events_url': 'https://api.github.com/users/microsoftgraph/received_events', 'type': 'Organization', 'site_admin': False}, 'repo': {'id': 103300409, 'node_id': 'MDEwOlJlcG9zaXRvcnkxMDMzMDA0MDk=', 'name': 'msgraph-sdk-java', 'full_name': 'microsoftgraph/msgraph-sdk-java', 'private': False, 'owner': {'login': 'microsoftgraph', 'id': 17304259, 'node_id': 'MDEyOk9yZ2FuaXphdGlvbjE3MzA0MjU5', 'avatar_url': 'https://avatars.githubusercontent.com/u/17304259?v=4', 'gravatar_id': '', 'url': 'https://api.github.com/users/microsoftgraph', 'html_url': 'https://github.com/microsoftgraph', 'followers_url': 'https://api.github.com/users/microsoftgraph/followers', 'following_url': 'https://api.github.com/users/microsoftgraph/following{/other_user}', 'gists_url': 'https://api.github.com/users/microsoftgraph/gists{/gist_id}', 'starred_url': 'https://api.github.com/users/microsoftgraph/starred{/owner}{/repo}', 'subscriptions_url': 'https://api.github.com/users/microsoftgraph/subscriptions', 'organizations_url': 'https://api.github.com/users/microsoftgraph/orgs', 'repos_url': 'https://api.github.com/users/microsoftgraph/repos', 'events_url': 'https://api.github.com/users/microsoftgraph/events{/privacy}', 'received_events_url': 'https://api.github.com/users/microsoftgraph/received_events', 'type': 'Organization', 'site_admin': False}, 'html_url': 'https://github.com/microsoftgraph/msgraph-sdk-java', 'description': 'Microsoft Graph SDK for Java', 'fork': False, 'url': 'https://api.github.com/repos/microsoftgraph/msgraph-sdk-java', 'forks_url': 'https://api.github.com/repos/microsoftgraph/msgraph-sdk-java/forks', 'keys_url': 'https://api.github.com/repos/microsoftgraph/msgraph-sdk-java/keys{/key_id}', 'collaborators_url': 'https://api.github.com/repos/microsoftgraph/msgraph-sdk-java/collaborators{/collaborator}', 'teams_url': 'https://api.github.com/repos/microsoftgraph/msgraph-sdk-java/teams', 'hooks_url': 'https://api.github.com/repos/microsoftgraph/msgraph-sdk-java/hooks', 'issue_events_url': 'https://api.github.com/repos/microsoftgraph/msgraph-sdk-java/issues/events{/number}', 'events_url': 'https://api.github.com/repos/microsoftgraph/msgraph-sdk-java/events', 'assignees_url': 'https://api.github.com/repos/microsoftgraph/msgraph-sdk-java/assignees{/user}', 'branches_url': 'https://api.github.com/repos/microsoftgraph/msgraph-sdk-java/branches{/branch}', 'tags_url': 'https://api.github.com/repos/microsoftgraph/msgraph-sdk-java/tags', 'blobs_url': 'https://api.github.com/repos/microsoftgraph/msgraph-sdk-java/git/blobs{/sha}', 'git_tags_url': 'https://api.github.com/repos/microsoftgraph/msgraph-sdk-java/git/tags{/sha}', 'git_refs_url': 'https://api.github.com/repos/microsoftgraph/msgraph-sdk-java/git/refs{/sha}', 'trees_url': 'https://api.github.com/repos/microsoftgraph/msgraph-sdk-java/git/trees{/sha}', 'statuses_url': 'https://api.github.com/repos/microsoftgraph/msgraph-sdk-java/statuses/{sha}', 'languages_url': 'https://api.github.com/repos/microsoftgraph/msgraph-sdk-java/languages', 'stargazers_url': 'https://api.github.com/repos/microsoftgraph/msgraph-sdk-java/stargazers', 'contributors_url': 'https://api.github.com/repos/microsoftgraph/msgraph-sdk-java/contributors', 'subscribers_url': 'https://api.github.com/repos/microsoftgraph/msgraph-sdk-java/subscribers', 'subscription_url': 'https://api.github.com/repos/microsoftgraph/msgraph-sdk-java/subscription', 'commits_url': 'https://api.github.com/repos/microsoftgraph/msgraph-sdk-java/commits{/sha}', 'git_commits_url': 'https://api.github.com/repos/microsoftgraph/msgraph-sdk-java/git/commits{/sha}', 'comments_url': 'https://api.github.com/repos/microsoftgraph/msgraph-sdk-java/comments{/number}', 'issue_comment_url': 'https://api.github.com/repos/microsoftgraph/msgraph-sdk-java/issues/comments{/number}', 'contents_url': 'https://api.github.com/repos/microsoftgraph/msgraph-sdk-java/contents/{+path}', 'compare_url': 'https://api.github.com/repos/microsoftgraph/msgraph-sdk-java/compare/{base}...{head}', 'merges_url': 'https://api.github.com/repos/microsoftgraph/msgraph-sdk-java/merges', 'archive_url': 'https://api.github.com/repos/microsoftgraph/msgraph-sdk-java/{archive_format}{/ref}', 'downloads_url': 'https://api.github.com/repos/microsoftgraph/msgraph-sdk-java/downloads', 'issues_url': 'https://api.github.com/repos/microsoftgraph/msgraph-sdk-java/issues{/number}', 'pulls_url': 'https://api.github.com/repos/microsoftgraph/msgraph-sdk-java/pulls{/number}', 'milestones_url': 'https://api.github.com/repos/microsoftgraph/msgraph-sdk-java/milestones{/number}', 'notifications_url': 'https://api.github.com/repos/microsoftgraph/msgraph-sdk-java/notifications{?since,all,participating}', 'labels_url': 'https://api.github.com/repos/microsoftgraph/msgraph-sdk-java/labels{/name}', 'releases_url': 'https://api.github.com/repos/microsoftgraph/msgraph-sdk-java/releases{/id}', 'deployments_url': 'https://api.github.com/repos/microsoftgraph/msgraph-sdk-java/deployments', 'created_at': '2017-09-12T17:20:15Z', 'updated_at': '2022-04-10T14:24:06Z', 'pushed_at': '2022-04-12T10:08:15Z', 'git_url': 'git://github.com/microsoftgraph/msgraph-sdk-java.git', 'ssh_url': 'git@github.com:microsoftgraph/msgraph-sdk-java.git', 'clone_url': 'https://github.com/microsoftgraph/msgraph-sdk-java.git', 'svn_url': 'https://github.com/microsoftgraph/msgraph-sdk-java', 'homepage': 'https://docs.microsoft.com/en-us/graph/sdks/sdks-overview', 'size': 59040, 'stargazers_count': 245, 'watchers_count': 245, 'language': 'Java', 'has_issues': True, 'has_projects': True, 'has_downloads': True, 'has_wiki': False, 'has_pages': False, 'forks_count': 101, 'mirror_url': None, 'archived': False, 'disabled': False, 'open_issues_count': 4, 'license': {'key': 'mit', 'name': 'MIT License', 'spdx_id': 'MIT', 'url': 'https://api.github.com/licenses/mit', 'node_id': 'MDc6TGljZW5zZTEz'}, 'allow_forking': True, 'is_template': False, 'topics': ['java', 'microsoft-graph', 'microsoft-graph-sdk', 'sdk'], 'visibility': 'public', 'forks': 101, 'open_issues': 4, 'watchers': 245, 'default_branch': 'dev'}}, 'base': {'label': 'microsoftgraph:dev', 'ref': 'dev', 'sha': '9bf53e2b648d05e0e96a1af16d80d10666d2a50b', 'user': {'login': 'microsoftgraph', 'id': 17304259, 'node_id': 'MDEyOk9yZ2FuaXphdGlvbjE3MzA0MjU5', 'avatar_url': 'https://avatars.githubusercontent.com/u/17304259?v=4', 'gravatar_id': '', 'url': 'https://api.github.com/users/microsoftgraph', 'html_url': 'https://github.com/microsoftgraph', 'followers_url': 'https://api.github.com/users/microsoftgraph/followers', 'following_url': 'https://api.github.com/users/microsoftgraph/following{/other_user}', 'gists_url': 'https://api.github.com/users/microsoftgraph/gists{/gist_id}', 'starred_url': 'https://api.github.com/users/microsoftgraph/starred{/owner}{/repo}', 'subscriptions_url': 'https://api.github.com/users/microsoftgraph/subscriptions', 'organizations_url': 'https://api.github.com/users/microsoftgraph/orgs', 'repos_url': 'https://api.github.com/users/microsoftgraph/repos', 'events_url': 'https://api.github.com/users/microsoftgraph/events{/privacy}', 'received_events_url': 'https://api.github.com/users/microsoftgraph/received_events', 'type': 'Organization', 'site_admin': False}, 'repo': {'id': 103300409, 'node_id': 'MDEwOlJlcG9zaXRvcnkxMDMzMDA0MDk=', 'name': 'msgraph-sdk-java', 'full_name': 'microsoftgraph/msgraph-sdk-java', 'private': False, 'owner': {'login': 'microsoftgraph', 'id': 17304259, 'node_id': 'MDEyOk9yZ2FuaXphdGlvbjE3MzA0MjU5', 'avatar_url': 'https://avatars.githubusercontent.com/u/17304259?v=4', 'gravatar_id': '', 'url': 'https://api.github.com/users/microsoftgraph', 'html_url': 'https://github.com/microsoftgraph', 'followers_url': 'https://api.github.com/users/microsoftgraph/followers', 'following_url': 'https://api.github.com/users/microsoftgraph/following{/other_user}', 'gists_url': 'https://api.github.com/users/microsoftgraph/gists{/gist_id}', 'starred_url': 'https://api.github.com/users/microsoftgraph/starred{/owner}{/repo}', 'subscriptions_url': 'https://api.github.com/users/microsoftgraph/subscriptions', 'organizations_url': 'https://api.github.com/users/microsoftgraph/orgs', 'repos_url': 'https://api.github.com/users/microsoftgraph/repos', 'events_url': 'https://api.github.com/users/microsoftgraph/events{/privacy}', 'received_events_url': 'https://api.github.com/users/microsoftgraph/received_events', 'type': 'Organization', 'site_admin': False}, 'html_url': 'https://github.com/microsoftgraph/msgraph-sdk-java', 'description': 'Microsoft Graph SDK for Java', 'fork': False, 'url': 'https://api.github.com/repos/microsoftgraph/msgraph-sdk-java', 'forks_url': 'https://api.github.com/repos/microsoftgraph/msgraph-sdk-java/forks', 'keys_url': 'https://api.github.com/repos/microsoftgraph/msgraph-sdk-java/keys{/key_id}', 'collaborators_url': 'https://api.github.com/repos/microsoftgraph/msgraph-sdk-java/collaborators{/collaborator}', 'teams_url': 'https://api.github.com/repos/microsoftgraph/msgraph-sdk-java/teams', 'hooks_url': 'https://api.github.com/repos/microsoftgraph/msgraph-sdk-java/hooks', 'issue_events_url': 'https://api.github.com/repos/microsoftgraph/msgraph-sdk-java/issues/events{/number}', 'events_url': 'https://api.github.com/repos/microsoftgraph/msgraph-sdk-java/events', 'assignees_url': 'https://api.github.com/repos/microsoftgraph/msgraph-sdk-java/assignees{/user}', 'branches_url': 'https://api.github.com/repos/microsoftgraph/msgraph-sdk-java/branches{/branch}', 'tags_url': 'https://api.github.com/repos/microsoftgraph/msgraph-sdk-java/tags', 'blobs_url': 'https://api.github.com/repos/microsoftgraph/msgraph-sdk-java/git/blobs{/sha}', 'git_tags_url': 'https://api.github.com/repos/microsoftgraph/msgraph-sdk-java/git/tags{/sha}', 'git_refs_url': 'https://api.github.com/repos/microsoftgraph/msgraph-sdk-java/git/refs{/sha}', 'trees_url': 'https://api.github.com/repos/microsoftgraph/msgraph-sdk-java/git/trees{/sha}', 'statuses_url': 'https://api.github.com/repos/microsoftgraph/msgraph-sdk-java/statuses/{sha}', 'languages_url': 'https://api.github.com/repos/microsoftgraph/msgraph-sdk-java/languages', 'stargazers_url': 'https://api.github.com/repos/microsoftgraph/msgraph-sdk-java/stargazers', 'contributors_url': 'https://api.github.com/repos/microsoftgraph/msgraph-sdk-java/contributors', 'subscribers_url': 'https://api.github.com/repos/microsoftgraph/msgraph-sdk-java/subscribers', 'subscription_url': 'https://api.github.com/repos/microsoftgraph/msgraph-sdk-java/subscription', 'commits_url': 'https://api.github.com/repos/microsoftgraph/msgraph-sdk-java/commits{/sha}', 'git_commits_url': 'https://api.github.com/repos/microsoftgraph/msgraph-sdk-java/git/commits{/sha}', 'comments_url': 'https://api.github.com/repos/microsoftgraph/msgraph-sdk-java/comments{/number}', 'issue_comment_url': 'https://api.github.com/repos/microsoftgraph/msgraph-sdk-java/issues/comments{/number}', 'contents_url': 'https://api.github.com/repos/microsoftgraph/msgraph-sdk-java/contents/{+path}', 'compare_url': 'https://api.github.com/repos/microsoftgraph/msgraph-sdk-java/compare/{base}...{head}', 'merges_url': 'https://api.github.com/repos/microsoftgraph/msgraph-sdk-java/merges', 'archive_url': 'https://api.github.com/repos/microsoftgraph/msgraph-sdk-java/{archive_format}{/ref}', 'downloads_url': 'https://api.github.com/repos/microsoftgraph/msgraph-sdk-java/downloads', 'issues_url': 'https://api.github.com/repos/microsoftgraph/msgraph-sdk-java/issues{/number}', 'pulls_url': 'https://api.github.com/repos/microsoftgraph/msgraph-sdk-java/pulls{/number}', 'milestones_url': 'https://api.github.com/repos/microsoftgraph/msgraph-sdk-java/milestones{/number}', 'notifications_url': 'https://api.github.com/repos/microsoftgraph/msgraph-sdk-java/notifications{?since,all,participating}', 'labels_url': 'https://api.github.com/repos/microsoftgraph/msgraph-sdk-java/labels{/name}', 'releases_url': 'https://api.github.com/repos/microsoftgraph/msgraph-sdk-java/releases{/id}', 'deployments_url': 'https://api.github.com/repos/microsoftgraph/msgraph-sdk-java/deployments', 'created_at': '2017-09-12T17:20:15Z', 'updated_at': '2022-04-10T14:24:06Z', 'pushed_at': '2022-04-12T10:08:15Z', 'git_url': 'git://github.com/microsoftgraph/msgraph-sdk-java.git', 'ssh_url': 'git@github.com:microsoftgraph/msgraph-sdk-java.git', 'clone_url': 'https://github.com/microsoftgraph/msgraph-sdk-java.git', 'svn_url': 'https://github.com/microsoftgraph/msgraph-sdk-java', 'homepage': 'https://docs.microsoft.com/en-us/graph/sdks/sdks-overview', 'size': 59040, 'stargazers_count': 245, 'watchers_count': 245, 'language': 'Java', 'has_issues': True, 'has_projects': True, 'has_downloads': True, 'has_wiki': False, 'has_pages': False, 'forks_count': 101, 'mirror_url': None, 'archived': False, 'disabled': False, 'open_issues_count': 4, 'license': {'key': 'mit', 'name': 'MIT License', 'spdx_id': 'MIT', 'url': 'https://api.github.com/licenses/mit', 'node_id': 'MDc6TGljZW5zZTEz'}, 'allow_forking': True, 'is_template': False, 'topics': ['java', 'microsoft-graph', 'microsoft-graph-sdk', 'sdk'], 'visibility': 'public', 'forks': 101, 'open_issues': 4, 'watchers': 245, 'default_branch': 'dev'}}, '_links': {'self': {'href': 'https://api.github.com/repos/microsoftgraph/msgraph-sdk-java/pulls/1044'}, 'html': {'href': 'https://github.com/microsoftgraph/msgraph-sdk-java/pull/1044'}, 'issue': {'href': 'https://api.github.com/repos/microsoftgraph/msgraph-sdk-java/issues/1044'}, 'comments': {'href': 'https://api.github.com/repos/microsoftgraph/msgraph-sdk-java/issues/1044/comments'}, 'review_comments': {'href': 'https://api.github.com/repos/microsoftgraph/msgraph-sdk-java/pulls/1044/comments'}, 'review_comment': {'href': 'https://api.github.com/repos/microsoftgraph/msgraph-sdk-java/pulls/comments{/number}'}, 'commits': {'href': 'https://api.github.com/repos/microsoftgraph/msgraph-sdk-java/pulls/1044/commits'}, 'statuses': {'href': 'https://api.github.com/repos/microsoftgraph/msgraph-sdk-java/statuses/75376114776ff8d61119e364f349b5cf537ca330'}}, 'author_association': 'CONTRIBUTOR', 'auto_merge': None, 'active_lock_reason': None, 'merged': False, 'mergeable': None, 'rebaseable': None, 'mergeable_state': 'unknown', 'merged_by': None, 'comments': 0, 'review_comments': 0, 'maintainer_can_modify': False, 'commits': 1, 'additions': 13133, 'deletions': 15, 'changed_files': 169}}",opened,Java
21174778977,IssuesEvent,microsoft/kiota,0.0,2022-04-07T21:48:40Z,"{'action': 'closed', 'issue': {'url': 'https://api.github.com/repos/microsoft/kiota/issues/1502', 'repository_url': 'https://api.github.com/repos/microsoft/kiota', 'labels_url': 'https://api.github.com/repos/microsoft/kiota/issues/1502/labels{/name}', 'comments_url': 'https://api.github.com/repos/microsoft/kiota/issues/1502/comments', 'events_url': 'https://api.github.com/repos/microsoft/kiota/issues/1502/events', 'html_url': 'https://github.com/microsoft/kiota/issues/1502', 'id': 1196593154, 'node_id': 'I_kwDOE0q91s5HUpAC', 'number': 1502, 'title': 'Java: RetryHandler MUST respect retry-after: <date>', 'user': {'login': 'ddyett', 'id': 20829981, 'node_id': 'MDQ6VXNlcjIwODI5OTgx', 'avatar_url': 'https://avatars.githubusercontent.com/u/20829981?v=4', 'gravatar_id': '', 'url': 'https://api.github.com/users/ddyett', 'html_url': 'https://github.com/ddyett', 'followers_url': 'https://api.github.com/users/ddyett/followers', 'following_url': 'https://api.github.com/users/ddyett/following{/other_user}', 'gists_url': 'https://api.github.com/users/ddyett/gists{/gist_id}', 'starred_url': 'https://api.github.com/users/ddyett/starred{/owner}{/repo}', 'subscriptions_url': 'https://api.github.com/users/ddyett/subscriptions', 'organizations_url': 'https://api.github.com/users/ddyett/orgs', 'repos_url': 'https://api.github.com/users/ddyett/repos', 'events_url': 'https://api.github.com/users/ddyett/events{/privacy}', 'received_events_url': 'https://api.github.com/users/ddyett/received_events', 'type': 'User', 'site_admin': False}, 'labels': [], 'state': 'closed', 'locked': False, 'assignee': {'login': 'ramsessanchez', 'id': 63934382, 'node_id': 'MDQ6VXNlcjYzOTM0Mzgy', 'avatar_url': 'https://avatars.githubusercontent.com/u/63934382?v=4', 'gravatar_id': '', 'url': 'https://api.github.com/users/ramsessanchez', 'html_url': 'https://github.com/ramsessanchez', 'followers_url': 'https://api.github.com/users/ramsessanchez/followers', 'following_url': 'https://api.github.com/users/ramsessanchez/following{/other_user}', 'gists_url': 'https://api.github.com/users/ramsessanchez/gists{/gist_id}', 'starred_url': 'https://api.github.com/users/ramsessanchez/starred{/owner}{/repo}', 'subscriptions_url': 'https://api.github.com/users/ramsessanchez/subscriptions', 'organizations_url': 'https://api.github.com/users/ramsessanchez/orgs', 'repos_url': 'https://api.github.com/users/ramsessanchez/repos', 'events_url': 'https://api.github.com/users/ramsessanchez/events{/privacy}', 'received_events_url': 'https://api.github.com/users/ramsessanchez/received_events', 'type': 'User', 'site_admin': False}, 'assignees': [{'login': 'ramsessanchez', 'id': 63934382, 'node_id': 'MDQ6VXNlcjYzOTM0Mzgy', 'avatar_url': 'https://avatars.githubusercontent.com/u/63934382?v=4', 'gravatar_id': '', 'url': 'https://api.github.com/users/ramsessanchez', 'html_url': 'https://github.com/ramsessanchez', 'followers_url': 'https://api.github.com/users/ramsessanchez/followers', 'following_url': 'https://api.github.com/users/ramsessanchez/following{/other_user}', 'gists_url': 'https://api.github.com/users/ramsessanchez/gists{/gist_id}', 'starred_url': 'https://api.github.com/users/ramsessanchez/starred{/owner}{/repo}', 'subscriptions_url': 'https://api.github.com/users/ramsessanchez/subscriptions', 'organizations_url': 'https://api.github.com/users/ramsessanchez/orgs', 'repos_url': 'https://api.github.com/users/ramsessanchez/repos', 'events_url': 'https://api.github.com/users/ramsessanchez/events{/privacy}', 'received_events_url': 'https://api.github.com/users/ramsessanchez/received_events', 'type': 'User', 'site_admin': False}], 'milestone': None, 'comments': 1, 'created_at': '2022-04-07T21:34:44Z', 'updated_at': '2022-04-07T21:48:40Z', 'closed_at': '2022-04-07T21:48:40Z', 'author_association': 'MEMBER', 'active_lock_reason': None, 'body': None, 'reactions': {'url': 'https://api.github.com/repos/microsoft/kiota/issues/1502/reactions', 'total_count': 0, '+1': 0, '-1': 0, 'laugh': 0, 'hooray': 0, 'confused': 0, 'heart': 0, 'rocket': 0, 'eyes': 0}, 'timeline_url': 'https://api.github.com/repos/microsoft/kiota/issues/1502/timeline', 'performed_via_github_app': None}}",closed,C#
21174778944,IssueCommentEvent,microsoft/kiota,0.0,2022-04-07T21:48:40Z,"{'action': 'created', 'issue': {'url': 'https://api.github.com/repos/microsoft/kiota/issues/1502', 'repository_url': 'https://api.github.com/repos/microsoft/kiota', 'labels_url': 'https://api.github.com/repos/microsoft/kiota/issues/1502/labels{/name}', 'comments_url': 'https://api.github.com/repos/microsoft/kiota/issues/1502/comments', 'events_url': 'https://api.github.com/repos/microsoft/kiota/issues/1502/events', 'html_url': 'https://github.com/microsoft/kiota/issues/1502', 'id': 1196593154, 'node_id': 'I_kwDOE0q91s5HUpAC', 'number': 1502, 'title': 'Java: RetryHandler MUST respect retry-after: <date>', 'user': {'login': 'ddyett', 'id': 20829981, 'node_id': 'MDQ6VXNlcjIwODI5OTgx', 'avatar_url': 'https://avatars.githubusercontent.com/u/20829981?v=4', 'gravatar_id': '', 'url': 'https://api.github.com/users/ddyett', 'html_url': 'https://github.com/ddyett', 'followers_url': 'https://api.github.com/users/ddyett/followers', 'following_url': 'https://api.github.com/users/ddyett/following{/other_user}', 'gists_url': 'https://api.github.com/users/ddyett/gists{/gist_id}', 'starred_url': 'https://api.github.com/users/ddyett/starred{/owner}{/repo}', 'subscriptions_url': 'https://api.github.com/users/ddyett/subscriptions', 'organizations_url': 'https://api.github.com/users/ddyett/orgs', 'repos_url': 'https://api.github.com/users/ddyett/repos', 'events_url': 'https://api.github.com/users/ddyett/events{/privacy}', 'received_events_url': 'https://api.github.com/users/ddyett/received_events', 'type': 'User', 'site_admin': False}, 'labels': [], 'state': 'closed', 'locked': False, 'assignee': {'login': 'ramsessanchez', 'id': 63934382, 'node_id': 'MDQ6VXNlcjYzOTM0Mzgy', 'avatar_url': 'https://avatars.githubusercontent.com/u/63934382?v=4', 'gravatar_id': '', 'url': 'https://api.github.com/users/ramsessanchez', 'html_url': 'https://github.com/ramsessanchez', 'followers_url': 'https://api.github.com/users/ramsessanchez/followers', 'following_url': 'https://api.github.com/users/ramsessanchez/following{/other_user}', 'gists_url': 'https://api.github.com/users/ramsessanchez/gists{/gist_id}', 'starred_url': 'https://api.github.com/users/ramsessanchez/starred{/owner}{/repo}', 'subscriptions_url': 'https://api.github.com/users/ramsessanchez/subscriptions', 'organizations_url': 'https://api.github.com/users/ramsessanchez/orgs', 'repos_url': 'https://api.github.com/users/ramsessanchez/repos', 'events_url': 'https://api.github.com/users/ramsessanchez/events{/privacy}', 'received_events_url': 'https://api.github.com/users/ramsessanchez/received_events', 'type': 'User', 'site_admin': False}, 'assignees': [{'login': 'ramsessanchez', 'id': 63934382, 'node_id': 'MDQ6VXNlcjYzOTM0Mzgy', 'avatar_url': 'https://avatars.githubusercontent.com/u/63934382?v=4', 'gravatar_id': '', 'url': 'https://api.github.com/users/ramsessanchez', 'html_url': 'https://github.com/ramsessanchez', 'followers_url': 'https://api.github.com/users/ramsessanchez/followers', 'following_url': 'https://api.github.com/users/ramsessanchez/following{/other_user}', 'gists_url': 'https://api.github.com/users/ramsessanchez/gists{/gist_id}', 'starred_url': 'https://api.github.com/users/ramsessanchez/starred{/owner}{/repo}', 'subscriptions_url': 'https://api.github.com/users/ramsessanchez/subscriptions', 'organizations_url': 'https://api.github.com/users/ramsessanchez/orgs', 'repos_url': 'https://api.github.com/users/ramsessanchez/repos', 'events_url': 'https://api.github.com/users/ramsessanchez/events{/privacy}', 'received_events_url': 'https://api.github.com/users/ramsessanchez/received_events', 'type': 'User', 'site_admin': False}], 'milestone': None, 'comments': 1, 'created_at': '2022-04-07T21:34:44Z', 'updated_at': '2022-04-07T21:48:40Z', 'closed_at': '2022-04-07T21:48:40Z', 'author_association': 'MEMBER', 'active_lock_reason': None, 'body': None, 'reactions': {'url': 'https://api.github.com/repos/microsoft/kiota/issues/1502/reactions', 'total_count': 0, '+1': 0, '-1': 0, 'laugh': 0, 'hooray': 0, 'confused': 0, 'heart': 0, 'rocket': 0, 'eyes': 0}, 'timeline_url': 'https://api.github.com/repos/microsoft/kiota/issues/1502/timeline', 'performed_via_github_app': None}, 'comment': {'url': 'https://api.github.com/repos/microsoft/kiota/issues/comments/1092243546', 'html_url': 'https://github.com/microsoft/kiota/issues/1502#issuecomment-1092243546', 'issue_url': 'https://api.github.com/repos/microsoft/kiota/issues/1502', 'id': 1092243546, 'node_id': 'IC_kwDOE0q91s5BGlBa', 'user': {'login': 'ramsessanchez', 'id': 63934382, 'node_id': 'MDQ6VXNlcjYzOTM0Mzgy', 'avatar_url': 'https://avatars.githubusercontent.com/u/63934382?v=4', 'gravatar_id': '', 'url': 'https://api.github.com/users/ramsessanchez', 'html_url': 'https://github.com/ramsessanchez', 'followers_url': 'https://api.github.com/users/ramsessanchez/followers', 'following_url': 'https://api.github.com/users/ramsessanchez/following{/other_user}', 'gists_url': 'https://api.github.com/users/ramsessanchez/gists{/gist_id}', 'starred_url': 'https://api.github.com/users/ramsessanchez/starred{/owner}{/repo}', 'subscriptions_url': 'https://api.github.com/users/ramsessanchez/subscriptions', 'organizations_url': 'https://api.github.com/users/ramsessanchez/orgs', 'repos_url': 'https://api.github.com/users/ramsessanchez/repos', 'events_url': 'https://api.github.com/users/ramsessanchez/events{/privacy}', 'received_events_url': 'https://api.github.com/users/ramsessanchez/received_events', 'type': 'User', 'site_admin': False}, 'created_at': '2022-04-07T21:48:40Z', 'updated_at': '2022-04-07T21:48:40Z', 'author_association': 'CONTRIBUTOR', 'body': '#1477 ', 'reactions': {'url': 'https://api.github.com/repos/microsoft/kiota/issues/comments/1092243546/reactions', 'total_count': 0, '+1': 0, '-1': 0, 'laugh': 0, 'hooray': 0, 'confused': 0, 'heart': 0, 'rocket': 0, 'eyes': 0}, 'performed_via_github_app': None}}",created,C#
21172677512,PushEvent,microsoft/kiota,0.0,2022-04-07T19:23:56Z,"{'push_id': 9567629677, 'size': 1, 'distinct_size': 1, 'ref': 'refs/heads/rsh/java-core-migration', 'head': '571895d337afb5c1c4f9be18d6e39db9d6c3e200', 'before': '007a2548730cf0fb9faa5a72099b4f0c625bfec0', 'commits': [{'sha': '571895d337afb5c1c4f9be18d6e39db9d6c3e200', 'author': {'email': '63934382+ramsessanchez@users.noreply.github.com', 'name': 'ramsessanchez'}, 'message': 'Delete TelemetryUtilities.java', 'distinct': True, 'url': 'https://api.github.com/repos/microsoft/kiota/commits/571895d337afb5c1c4f9be18d6e39db9d6c3e200'}]}",,C#
21169901900,IssueCommentEvent,microsoftgraph/msgraph-sdk-java,0.0,2022-04-07T16:37:06Z,"{'action': 'created', 'issue': {'url': 'https://api.github.com/repos/microsoftgraph/msgraph-sdk-java/issues/1039', 'repository_url': 'https://api.github.com/repos/microsoftgraph/msgraph-sdk-java', 'labels_url': 'https://api.github.com/repos/microsoftgraph/msgraph-sdk-java/issues/1039/labels{/name}', 'comments_url': 'https://api.github.com/repos/microsoftgraph/msgraph-sdk-java/issues/1039/comments', 'events_url': 'https://api.github.com/repos/microsoftgraph/msgraph-sdk-java/issues/1039/events', 'html_url': 'https://github.com/microsoftgraph/msgraph-sdk-java/issues/1039', 'id': 1195548385, 'node_id': 'I_kwDOBig9Oc5HQp7h', 'number': 1039, 'title': 'Kotlin app java.lang.LinkageError', 'user': {'login': 'RyderChen0708', 'id': 55533331, 'node_id': 'MDQ6VXNlcjU1NTMzMzMx', 'avatar_url': 'https://avatars.githubusercontent.com/u/55533331?v=4', 'gravatar_id': '', 'url': 'https://api.github.com/users/RyderChen0708', 'html_url': 'https://github.com/RyderChen0708', 'followers_url': 'https://api.github.com/users/RyderChen0708/followers', 'following_url': 'https://api.github.com/users/RyderChen0708/following{/other_user}', 'gists_url': 'https://api.github.com/users/RyderChen0708/gists{/gist_id}', 'starred_url': 'https://api.github.com/users/RyderChen0708/starred{/owner}{/repo}', 'subscriptions_url': 'https://api.github.com/users/RyderChen0708/subscriptions', 'organizations_url': 'https://api.github.com/users/RyderChen0708/orgs', 'repos_url': 'https://api.github.com/users/RyderChen0708/repos', 'events_url': 'https://api.github.com/users/RyderChen0708/events{/privacy}', 'received_events_url': 'https://api.github.com/users/RyderChen0708/received_events', 'type': 'User', 'site_admin': False}, 'labels': [{'id': 690561660, 'node_id': 'MDU6TGFiZWw2OTA1NjE2NjA=', 'url': 'https://api.github.com/repos/microsoftgraph/msgraph-sdk-java/labels/question', 'name': 'question', 'color': 'cc317c', 'default': True, 'description': None}, {'id': 1575412316, 'node_id': 'MDU6TGFiZWwxNTc1NDEyMzE2', 'url': 'https://api.github.com/repos/microsoftgraph/msgraph-sdk-java/labels/Needs:%20Attention%20:wave:', 'name': 'Needs: Attention :wave:', 'color': 'ededed', 'default': False, 'description': None}], 'state': 'open', 'locked': False, 'assignee': {'login': 'ramsessanchez', 'id': 63934382, 'node_id': 'MDQ6VXNlcjYzOTM0Mzgy', 'avatar_url': 'https://avatars.githubusercontent.com/u/63934382?v=4', 'gravatar_id': '', 'url': 'https://api.github.com/users/ramsessanchez', 'html_url': 'https://github.com/ramsessanchez', 'followers_url': 'https://api.github.com/users/ramsessanchez/followers', 'following_url': 'https://api.github.com/users/ramsessanchez/following{/other_user}', 'gists_url': 'https://api.github.com/users/ramsessanchez/gists{/gist_id}', 'starred_url': 'https://api.github.com/users/ramsessanchez/starred{/owner}{/repo}', 'subscriptions_url': 'https://api.github.com/users/ramsessanchez/subscriptions', 'organizations_url': 'https://api.github.com/users/ramsessanchez/orgs', 'repos_url': 'https://api.github.com/users/ramsessanchez/repos', 'events_url': 'https://api.github.com/users/ramsessanchez/events{/privacy}', 'received_events_url': 'https://api.github.com/users/ramsessanchez/received_events', 'type': 'User', 'site_admin': False}, 'assignees': [{'login': 'ramsessanchez', 'id': 63934382, 'node_id': 'MDQ6VXNlcjYzOTM0Mzgy', 'avatar_url': 'https://avatars.githubusercontent.com/u/63934382?v=4', 'gravatar_id': '', 'url': 'https://api.github.com/users/ramsessanchez', 'html_url': 'https://github.com/ramsessanchez', 'followers_url': 'https://api.github.com/users/ramsessanchez/followers', 'following_url': 'https://api.github.com/users/ramsessanchez/following{/other_user}', 'gists_url': 'https://api.github.com/users/ramsessanchez/gists{/gist_id}', 'starred_url': 'https://api.github.com/users/ramsessanchez/starred{/owner}{/repo}', 'subscriptions_url': 'https://api.github.com/users/ramsessanchez/subscriptions', 'organizations_url': 'https://api.github.com/users/ramsessanchez/orgs', 'repos_url': 'https://api.github.com/users/ramsessanchez/repos', 'events_url': 'https://api.github.com/users/ramsessanchez/events{/privacy}', 'received_events_url': 'https://api.github.com/users/ramsessanchez/received_events', 'type': 'User', 'site_admin': False}], 'milestone': None, 'comments': 1, 'created_at': '2022-04-07T05:45:37Z', 'updated_at': '2022-04-07T16:37:05Z', 'closed_at': None, 'author_association': 'NONE', 'active_lock_reason': None, 'body': ' My app use microsoft.identity to login Microsoft account\r\n\r\nbut at here cause crash.\r\n```\r\nval interactiveBrowserCredential = InteractiveBrowserCredentialBuilder()\r\n            .clientId(CLIENT_ID)\r\n            .redirectUrl("""")\r\n            .build()\r\n```\r\nhere is crash information\r\n\r\n`java.lang.LinkageError: Package versions: jackson-annotations=0.0, jackson-core=0.0, jackson-databind=0.0, jackson-dataformat-xml=0.0, jackson-datatype-jsr310=0.0, azure-core=1.26.0, Troubleshooting version conflicts: https://aka.ms/azsdk/java/dependency/troubleshoot`\r\n\r\ni try to modify dependencies\r\nbut not work.\r\n\r\n```\r\n    implementation \'com.microsoft.identity.client:msal:3.0.2\'\r\n    implementation \'com.microsoft.graph:microsoft-graph:5.19.0\'\r\n    implementation \'com.azure:azure-identity:1.4.6\'\r\n    implementation \'com.azure:azure-sdk-bom:1.2.0\'\r\n    implementation \'com.fasterxml.jackson.module:jackson-module-kotlin:2.10.5\'\r\n```\r\n\r\nThanks for help!', 'reactions': {'url': 'https://api.github.com/repos/microsoftgraph/msgraph-sdk-java/issues/1039/reactions', 'total_count': 0, '+1': 0, '-1': 0, 'laugh': 0, 'hooray': 0, 'confused': 0, 'heart': 0, 'rocket': 0, 'eyes': 0}, 'timeline_url': 'https://api.github.com/repos/microsoftgraph/msgraph-sdk-java/issues/1039/timeline', 'performed_via_github_app': None}, 'comment': {'url': 'https://api.github.com/repos/microsoftgraph/msgraph-sdk-java/issues/comments/1091965503', 'html_url': 'https://github.com/microsoftgraph/msgraph-sdk-java/issues/1039#issuecomment-1091965503', 'issue_url': 'https://api.github.com/repos/microsoftgraph/msgraph-sdk-java/issues/1039', 'id': 1091965503, 'node_id': 'IC_kwDOBig9Oc5BFhI_', 'user': {'login': 'ramsessanchez', 'id': 63934382, 'node_id': 'MDQ6VXNlcjYzOTM0Mzgy', 'avatar_url': 'https://avatars.githubusercontent.com/u/63934382?v=4', 'gravatar_id': '', 'url': 'https://api.github.com/users/ramsessanchez', 'html_url': 'https://github.com/ramsessanchez', 'followers_url': 'https://api.github.com/users/ramsessanchez/followers', 'following_url': 'https://api.github.com/users/ramsessanchez/following{/other_user}', 'gists_url': 'https://api.github.com/users/ramsessanchez/gists{/gist_id}', 'starred_url': 'https://api.github.com/users/ramsessanchez/starred{/owner}{/repo}', 'subscriptions_url': 'https://api.github.com/users/ramsessanchez/subscriptions', 'organizations_url': 'https://api.github.com/users/ramsessanchez/orgs', 'repos_url': 'https://api.github.com/users/ramsessanchez/repos', 'events_url': 'https://api.github.com/users/ramsessanchez/events{/privacy}', 'received_events_url': 'https://api.github.com/users/ramsessanchez/received_events', 'type': 'User', 'site_admin': False}, 'created_at': '2022-04-07T16:37:05Z', 'updated_at': '2022-04-07T16:37:05Z', 'author_association': 'CONTRIBUTOR', 'body': ""Hi @RyderChen0708, I don't believe you need the microsoft.identiy dependency, the graph-sdk uses azure-identity for the credential builders.\r\nThese two should be enough to create a sign-on.:\r\n    implementation 'com.microsoft.graph:microsoft-graph:5.8.0'\r\n    implementation 'com.azure:azure-identity:1.4.0'\r\nLet me know if you're able to sign-on using these two and if not I'll be happy to look further into it. \r\nThanks for using the SDK! \r\n    \r\n    "", 'reactions': {'url': 'https://api.github.com/repos/microsoftgraph/msgraph-sdk-java/issues/comments/1091965503/reactions', 'total_count': 0, '+1': 0, '-1': 0, 'laugh': 0, 'hooray': 0, 'confused': 0, 'heart': 0, 'rocket': 0, 'eyes': 0}, 'performed_via_github_app': None}}",created,Java
21154562030,IssueCommentEvent,microsoftgraph/msgraph-sdk-java,0.0,2022-04-07T00:45:01Z,"{'action': 'created', 'issue': {'url': 'https://api.github.com/repos/microsoftgraph/msgraph-sdk-java/issues/1037', 'repository_url': 'https://api.github.com/repos/microsoftgraph/msgraph-sdk-java', 'labels_url': 'https://api.github.com/repos/microsoftgraph/msgraph-sdk-java/issues/1037/labels{/name}', 'comments_url': 'https://api.github.com/repos/microsoftgraph/msgraph-sdk-java/issues/1037/comments', 'events_url': 'https://api.github.com/repos/microsoftgraph/msgraph-sdk-java/issues/1037/events', 'html_url': 'https://github.com/microsoftgraph/msgraph-sdk-java/issues/1037', 'id': 1189746283, 'node_id': 'I_kwDOBig9Oc5G6hZr', 'number': 1037, 'title': 'Batch not support Move the Messages.', 'user': {'login': 'syredeye', 'id': 5217821, 'node_id': 'MDQ6VXNlcjUyMTc4MjE=', 'avatar_url': 'https://avatars.githubusercontent.com/u/5217821?v=4', 'gravatar_id': '', 'url': 'https://api.github.com/users/syredeye', 'html_url': 'https://github.com/syredeye', 'followers_url': 'https://api.github.com/users/syredeye/followers', 'following_url': 'https://api.github.com/users/syredeye/following{/other_user}', 'gists_url': 'https://api.github.com/users/syredeye/gists{/gist_id}', 'starred_url': 'https://api.github.com/users/syredeye/starred{/owner}{/repo}', 'subscriptions_url': 'https://api.github.com/users/syredeye/subscriptions', 'organizations_url': 'https://api.github.com/users/syredeye/orgs', 'repos_url': 'https://api.github.com/users/syredeye/repos', 'events_url': 'https://api.github.com/users/syredeye/events{/privacy}', 'received_events_url': 'https://api.github.com/users/syredeye/received_events', 'type': 'User', 'site_admin': False}, 'labels': [{'id': 690561660, 'node_id': 'MDU6TGFiZWw2OTA1NjE2NjA=', 'url': 'https://api.github.com/repos/microsoftgraph/msgraph-sdk-java/labels/question', 'name': 'question', 'color': 'cc317c', 'default': True, 'description': None}, {'id': 1575412316, 'node_id': 'MDU6TGFiZWwxNTc1NDEyMzE2', 'url': 'https://api.github.com/repos/microsoftgraph/msgraph-sdk-java/labels/Needs:%20Attention%20:wave:', 'name': 'Needs: Attention :wave:', 'color': 'ededed', 'default': False, 'description': None}], 'state': 'open', 'locked': False, 'assignee': {'login': 'ramsessanchez', 'id': 63934382, 'node_id': 'MDQ6VXNlcjYzOTM0Mzgy', 'avatar_url': 'https://avatars.githubusercontent.com/u/63934382?v=4', 'gravatar_id': '', 'url': 'https://api.github.com/users/ramsessanchez', 'html_url': 'https://github.com/ramsessanchez', 'followers_url': 'https://api.github.com/users/ramsessanchez/followers', 'following_url': 'https://api.github.com/users/ramsessanchez/following{/other_user}', 'gists_url': 'https://api.github.com/users/ramsessanchez/gists{/gist_id}', 'starred_url': 'https://api.github.com/users/ramsessanchez/starred{/owner}{/repo}', 'subscriptions_url': 'https://api.github.com/users/ramsessanchez/subscriptions', 'organizations_url': 'https://api.github.com/users/ramsessanchez/orgs', 'repos_url': 'https://api.github.com/users/ramsessanchez/repos', 'events_url': 'https://api.github.com/users/ramsessanchez/events{/privacy}', 'received_events_url': 'https://api.github.com/users/ramsessanchez/received_events', 'type': 'User', 'site_admin': False}, 'assignees': [{'login': 'ramsessanchez', 'id': 63934382, 'node_id': 'MDQ6VXNlcjYzOTM0Mzgy', 'avatar_url': 'https://avatars.githubusercontent.com/u/63934382?v=4', 'gravatar_id': '', 'url': 'https://api.github.com/users/ramsessanchez', 'html_url': 'https://github.com/ramsessanchez', 'followers_url': 'https://api.github.com/users/ramsessanchez/followers', 'following_url': 'https://api.github.com/users/ramsessanchez/following{/other_user}', 'gists_url': 'https://api.github.com/users/ramsessanchez/gists{/gist_id}', 'starred_url': 'https://api.github.com/users/ramsessanchez/starred{/owner}{/repo}', 'subscriptions_url': 'https://api.github.com/users/ramsessanchez/subscriptions', 'organizations_url': 'https://api.github.com/users/ramsessanchez/orgs', 'repos_url': 'https://api.github.com/users/ramsessanchez/repos', 'events_url': 'https://api.github.com/users/ramsessanchez/events{/privacy}', 'received_events_url': 'https://api.github.com/users/ramsessanchez/received_events', 'type': 'User', 'site_admin': False}], 'milestone': None, 'comments': 0, 'created_at': '2022-04-01T12:46:27Z', 'updated_at': '2022-04-07T00:45:00Z', 'closed_at': None, 'author_association': 'NONE', 'active_lock_reason': None, 'body': 'Sorry, my english.\r\n\r\nBasic code\r\n```java\r\n        final BatchRequestContent batchRequestContent = new BatchRequestContent();\r\n        MessageMoveRequest request =  client.me()\r\n                .messages(""AAA="")\r\n                .move(MessageMoveParameterSet.newBuilder()\r\n                        .withDestinationId(""deleteditems"")\r\n                        .build()\r\n                ).buildRequest();\r\n\r\n        String requestId = batchRequestContent.addBatchRequestStep(request, HttpMethod.POST);\r\n\r\n        final BatchResponseContent batchResponseContent = client.batch().buildRequest().post(batchRequestContent);\r\n        final Message message = batchResponseContent.getResponseById(requestId).getDeserializedBody(Message.class);\r\n\r\n        System.out.println(message.subject);\r\n```\r\n\r\nor \r\n\r\n```java\r\nString requestId = batchRequestContent.addBatchRequestStep(request, HttpMethod.POST, MessageMoveParameterSet.newBuilder().withDestinationId(""deleteditems"").build());\r\n```\r\n\r\nThat code throw exception : 409 Error message: Write request id : 724517486 does not contain Content-Type header or body.\r\n\r\nSo I modify added HeaderOption to buildRequest(), but the result was the same.\r\n\r\nSpent three hours figuring out the cause.\r\nMessageMoveParameterSet is not instanceof IJsonBackedObject (package com.microsoft.graph.serializer)\r\n\r\n```java\r\n       if(step.body != null && step.body instanceof IJsonBackedObject &&\r\n            (step.headers == null || !step.headers.containsKey(contentTypeHeaderKey))) {\r\n            if(step.headers == null)\r\n                step.headers = new HashMap<>();\r\n            step.headers.putIfAbsent(contentTypeHeaderKey, ""application/json"");\r\n        }\r\n```\r\n\r\n\r\nCreate, class\r\n\r\n```java\r\n@Getter @Setter\r\npublic class MessageMoveDestinationId implements IJsonBackedObject {\r\n    @SerializedName(value = ""destinationId"", alternate = {""DestinationId""})\r\n    @Expose\r\n    @Nonnull\r\n    private String destinationId;\r\n\r\n    public MessageMoveDestinationId(@Nonnull String destinationId) {\r\n        this.destinationId = destinationId;\r\n    }\r\n\r\n    @Override\r\n    public void setRawObject(@Nonnull ISerializer serializer, @Nonnull JsonObject json) {\r\n\r\n    }\r\n   \r\n    //I haven\'t tested whether it\'s necessary.\r\n    private transient AdditionalDataManager additionalDataManager = new AdditionalDataManager(this);\r\n\r\n    @Override\r\n    @Nonnull\r\n    public final AdditionalDataManager additionalDataManager() {\r\n        return additionalDataManager;\r\n    }\r\n}\r\n```\r\n\r\nand run\r\n```java\r\n       final BatchRequestContent batchRequestContent = new BatchRequestContent();\r\n        MessageMoveRequest request =  client.me()\r\n                 .messages(""AAA="")\r\n                 .move(null).buildRequest();\r\n\r\n        MessageMoveDestinationId destinationId = new MessageMoveDestinationId(""deleteditems"");\r\n\r\n        String requestId = batchRequestContent.addBatchRequestStep(request, HttpMethod.POST, destinationId);\r\n```\r\n\r\nIt was worked.\r\n', 'reactions': {'url': 'https://api.github.com/repos/microsoftgraph/msgraph-sdk-java/issues/1037/reactions', 'total_count': 0, '+1': 0, '-1': 0, 'laugh': 0, 'hooray': 0, 'confused': 0, 'heart': 0, 'rocket': 0, 'eyes': 0}, 'timeline_url': 'https://api.github.com/repos/microsoftgraph/msgraph-sdk-java/issues/1037/timeline', 'performed_via_github_app': None}, 'comment': {'url': 'https://api.github.com/repos/microsoftgraph/msgraph-sdk-java/issues/comments/1090964948', 'html_url': 'https://github.com/microsoftgraph/msgraph-sdk-java/issues/1037#issuecomment-1090964948', 'issue_url': 'https://api.github.com/repos/microsoftgraph/msgraph-sdk-java/issues/1037', 'id': 1090964948, 'node_id': 'IC_kwDOBig9Oc5BBs3U', 'user': {'login': 'ramsessanchez', 'id': 63934382, 'node_id': 'MDQ6VXNlcjYzOTM0Mzgy', 'avatar_url': 'https://avatars.githubusercontent.com/u/63934382?v=4', 'gravatar_id': '', 'url': 'https://api.github.com/users/ramsessanchez', 'html_url': 'https://github.com/ramsessanchez', 'followers_url': 'https://api.github.com/users/ramsessanchez/followers', 'following_url': 'https://api.github.com/users/ramsessanchez/following{/other_user}', 'gists_url': 'https://api.github.com/users/ramsessanchez/gists{/gist_id}', 'starred_url': 'https://api.github.com/users/ramsessanchez/starred{/owner}{/repo}', 'subscriptions_url': 'https://api.github.com/users/ramsessanchez/subscriptions', 'organizations_url': 'https://api.github.com/users/ramsessanchez/orgs', 'repos_url': 'https://api.github.com/users/ramsessanchez/repos', 'events_url': 'https://api.github.com/users/ramsessanchez/events{/privacy}', 'received_events_url': 'https://api.github.com/users/ramsessanchez/received_events', 'type': 'User', 'site_admin': False}, 'created_at': '2022-04-07T00:45:00Z', 'updated_at': '2022-04-07T00:45:00Z', 'author_association': 'CONTRIBUTOR', 'body': 'Hi @syredeye, apologies for the delay, have been spending some time trying to figure out the best way to help, fortunately I have some good news! \r\nFirst of all, I would like to say thank you. You have helped us discover a bug in the way that we handle batch requests for \'actions\' in the Java-Sdk. It seems that we are not handling the body of these \'actions\' correctly and therefor they are being lost when added to a batch request. Unfortunately, this is a bit of a tough issue to fix in the SDK and will take some time. In the meantime I offer you this solution that should help your issue and thus make it so that you do not have to create your own custom class. Here you go:\r\n``` Java\r\n        final BatchRequestContent batchRequestContent = new BatchRequestContent();\r\n        MessageMoveRequest request = graphClient.me()\r\n                .messages(""AAA="")\r\n                .move(MessageMoveParameterSet.newBuilder().withDestinationId(""deletedItems"").build()).buildRequest();\r\n        request.post();\r\n\r\n        String requestId = batchRequestContent.addBatchRequestStep(request, HttpMethod.POST, request.body);\r\n\r\n```\r\n ', 'reactions': {'url': 'https://api.github.com/repos/microsoftgraph/msgraph-sdk-java/issues/comments/1090964948/reactions', 'total_count': 0, '+1': 0, '-1': 0, 'laugh': 0, 'hooray': 0, 'confused': 0, 'heart': 0, 'rocket': 0, 'eyes': 0}, 'performed_via_github_app': None}}",created,Java
21128029312,DeleteEvent,microsoftgraph/msgraph-beta-sdk-java,0.0,2022-04-05T18:59:27Z,"{'ref': 'beta/pipelinebuild/71731', 'ref_type': 'branch', 'pusher_type': 'user'}",,Java
21128029566,PushEvent,microsoftgraph/msgraph-beta-sdk-java,0.0,2022-04-05T18:59:28Z,"{'push_id': 9545719110, 'size': 3, 'distinct_size': 3, 'ref': 'refs/heads/dev', 'head': 'e26125d94e40fb6b7d614362c6a501fdd03f5f23', 'before': '160eb5a555bdfed762dee32fb87730561d88aa62', 'commits': [{'sha': 'e5861ae6fda6ffbc200429107b5c1b7c1314444e', 'author': {'email': 'GraphTooling@service.microsoft.com', 'name': 'Microsoft Graph DevX Tooling'}, 'message': 'Update generated files with build 71731', 'distinct': True, 'url': 'https://api.github.com/repos/microsoftgraph/msgraph-beta-sdk-java/commits/e5861ae6fda6ffbc200429107b5c1b7c1314444e'}, {'sha': '623d7c5cc38996f28d45126225196699423a6130', 'author': {'email': '63934382+ramsessanchez@users.noreply.github.com', 'name': 'ramsessanchez'}, 'message': 'Update CHANGELOG.md', 'distinct': True, 'url': 'https://api.github.com/repos/microsoftgraph/msgraph-beta-sdk-java/commits/623d7c5cc38996f28d45126225196699423a6130'}, {'sha': 'e26125d94e40fb6b7d614362c6a501fdd03f5f23', 'author': {'email': '63934382+ramsessanchez@users.noreply.github.com', 'name': 'ramsessanchez'}, 'message': 'Merge pull request #273 from microsoftgraph/beta/pipelinebuild/71731\n\nGenerated beta models and request builders using Typewriter', 'distinct': True, 'url': 'https://api.github.com/repos/microsoftgraph/msgraph-beta-sdk-java/commits/e26125d94e40fb6b7d614362c6a501fdd03f5f23'}]}",,Java
21128029217,PullRequestEvent,microsoftgraph/msgraph-beta-sdk-java,0.0,2022-04-05T18:59:27Z,"{'action': 'closed', 'number': 273, 'pull_request': {'url': 'https://api.github.com/repos/microsoftgraph/msgraph-beta-sdk-java/pulls/273', 'id': 900115023, 'node_id': 'PR_kwDODDF5Ls41pqpP', 'html_url': 'https://github.com/microsoftgraph/msgraph-beta-sdk-java/pull/273', 'diff_url': 'https://github.com/microsoftgraph/msgraph-beta-sdk-java/pull/273.diff', 'patch_url': 'https://github.com/microsoftgraph/msgraph-beta-sdk-java/pull/273.patch', 'issue_url': 'https://api.github.com/repos/microsoftgraph/msgraph-beta-sdk-java/issues/273', 'number': 273, 'state': 'closed', 'locked': False, 'title': 'Generated beta models and request builders using Typewriter', 'user': {'login': 'ramsessanchez', 'id': 63934382, 'node_id': 'MDQ6VXNlcjYzOTM0Mzgy', 'avatar_url': 'https://avatars.githubusercontent.com/u/63934382?v=4', 'gravatar_id': '', 'url': 'https://api.github.com/users/ramsessanchez', 'html_url': 'https://github.com/ramsessanchez', 'followers_url': 'https://api.github.com/users/ramsessanchez/followers', 'following_url': 'https://api.github.com/users/ramsessanchez/following{/other_user}', 'gists_url': 'https://api.github.com/users/ramsessanchez/gists{/gist_id}', 'starred_url': 'https://api.github.com/users/ramsessanchez/starred{/owner}{/repo}', 'subscriptions_url': 'https://api.github.com/users/ramsessanchez/subscriptions', 'organizations_url': 'https://api.github.com/users/ramsessanchez/orgs', 'repos_url': 'https://api.github.com/users/ramsessanchez/repos', 'events_url': 'https://api.github.com/users/ramsessanchez/events{/privacy}', 'received_events_url': 'https://api.github.com/users/ramsessanchez/received_events', 'type': 'User', 'site_admin': False}, 'body': 'This pull request was automatically created by the GitHub Action, **create pull request**. \n\n The commit hash is _e5861ae6fda6ffbc200429107b5c1b7c1314444e_. \n\n **Important** Check for unexpected deletions or changes in this PR.\n\n###### Microsoft Reviewers: [Open in CodeFlow](https://portal.fabricbot.ms/api/codeflow?pullrequest=https://github.com/microsoftgraph/msgraph-beta-sdk-java/pull/273)', 'created_at': '2022-04-05T11:45:55Z', 'updated_at': '2022-04-05T18:59:26Z', 'closed_at': '2022-04-05T18:59:26Z', 'merged_at': '2022-04-05T18:59:26Z', 'merge_commit_sha': 'e26125d94e40fb6b7d614362c6a501fdd03f5f23', 'assignee': {'login': 'ramsessanchez', 'id': 63934382, 'node_id': 'MDQ6VXNlcjYzOTM0Mzgy', 'avatar_url': 'https://avatars.githubusercontent.com/u/63934382?v=4', 'gravatar_id': '', 'url': 'https://api.github.com/users/ramsessanchez', 'html_url': 'https://github.com/ramsessanchez', 'followers_url': 'https://api.github.com/users/ramsessanchez/followers', 'following_url': 'https://api.github.com/users/ramsessanchez/following{/other_user}', 'gists_url': 'https://api.github.com/users/ramsessanchez/gists{/gist_id}', 'starred_url': 'https://api.github.com/users/ramsessanchez/starred{/owner}{/repo}', 'subscriptions_url': 'https://api.github.com/users/ramsessanchez/subscriptions', 'organizations_url': 'https://api.github.com/users/ramsessanchez/orgs', 'repos_url': 'https://api.github.com/users/ramsessanchez/repos', 'events_url': 'https://api.github.com/users/ramsessanchez/events{/privacy}', 'received_events_url': 'https://api.github.com/users/ramsessanchez/received_events', 'type': 'User', 'site_admin': False}, 'assignees': [{'login': 'ramsessanchez', 'id': 63934382, 'node_id': 'MDQ6VXNlcjYzOTM0Mzgy', 'avatar_url': 'https://avatars.githubusercontent.com/u/63934382?v=4', 'gravatar_id': '', 'url': 'https://api.github.com/users/ramsessanchez', 'html_url': 'https://github.com/ramsessanchez', 'followers_url': 'https://api.github.com/users/ramsessanchez/followers', 'following_url': 'https://api.github.com/users/ramsessanchez/following{/other_user}', 'gists_url': 'https://api.github.com/users/ramsessanchez/gists{/gist_id}', 'starred_url': 'https://api.github.com/users/ramsessanchez/starred{/owner}{/repo}', 'subscriptions_url': 'https://api.github.com/users/ramsessanchez/subscriptions', 'organizations_url': 'https://api.github.com/users/ramsessanchez/orgs', 'repos_url': 'https://api.github.com/users/ramsessanchez/repos', 'events_url': 'https://api.github.com/users/ramsessanchez/events{/privacy}', 'received_events_url': 'https://api.github.com/users/ramsessanchez/received_events', 'type': 'User', 'site_admin': False}], 'requested_reviewers': [{'login': 'zengin', 'id': 803311, 'node_id': 'MDQ6VXNlcjgwMzMxMQ==', 'avatar_url': 'https://avatars.githubusercontent.com/u/803311?v=4', 'gravatar_id': '', 'url': 'https://api.github.com/users/zengin', 'html_url': 'https://github.com/zengin', 'followers_url': 'https://api.github.com/users/zengin/followers', 'following_url': 'https://api.github.com/users/zengin/following{/other_user}', 'gists_url': 'https://api.github.com/users/zengin/gists{/gist_id}', 'starred_url': 'https://api.github.com/users/zengin/starred{/owner}{/repo}', 'subscriptions_url': 'https://api.github.com/users/zengin/subscriptions', 'organizations_url': 'https://api.github.com/users/zengin/orgs', 'repos_url': 'https://api.github.com/users/zengin/repos', 'events_url': 'https://api.github.com/users/zengin/events{/privacy}', 'received_events_url': 'https://api.github.com/users/zengin/received_events', 'type': 'User', 'site_admin': False}, {'login': 'peombwa', 'id': 7061532, 'node_id': 'MDQ6VXNlcjcwNjE1MzI=', 'avatar_url': 'https://avatars.githubusercontent.com/u/7061532?v=4', 'gravatar_id': '', 'url': 'https://api.github.com/users/peombwa', 'html_url': 'https://github.com/peombwa', 'followers_url': 'https://api.github.com/users/peombwa/followers', 'following_url': 'https://api.github.com/users/peombwa/following{/other_user}', 'gists_url': 'https://api.github.com/users/peombwa/gists{/gist_id}', 'starred_url': 'https://api.github.com/users/peombwa/starred{/owner}{/repo}', 'subscriptions_url': 'https://api.github.com/users/peombwa/subscriptions', 'organizations_url': 'https://api.github.com/users/peombwa/orgs', 'repos_url': 'https://api.github.com/users/peombwa/repos', 'events_url': 'https://api.github.com/users/peombwa/events{/privacy}', 'received_events_url': 'https://api.github.com/users/peombwa/received_events', 'type': 'User', 'site_admin': False}, {'login': 'MIchaelMainer', 'id': 8527305, 'node_id': 'MDQ6VXNlcjg1MjczMDU=', 'avatar_url': 'https://avatars.githubusercontent.com/u/8527305?v=4', 'gravatar_id': '', 'url': 'https://api.github.com/users/MIchaelMainer', 'html_url': 'https://github.com/MIchaelMainer', 'followers_url': 'https://api.github.com/users/MIchaelMainer/followers', 'following_url': 'https://api.github.com/users/MIchaelMainer/following{/other_user}', 'gists_url': 'https://api.github.com/users/MIchaelMainer/gists{/gist_id}', 'starred_url': 'https://api.github.com/users/MIchaelMainer/starred{/owner}{/repo}', 'subscriptions_url': 'https://api.github.com/users/MIchaelMainer/subscriptions', 'organizations_url': 'https://api.github.com/users/MIchaelMainer/orgs', 'repos_url': 'https://api.github.com/users/MIchaelMainer/repos', 'events_url': 'https://api.github.com/users/MIchaelMainer/events{/privacy}', 'received_events_url': 'https://api.github.com/users/MIchaelMainer/received_events', 'type': 'User', 'site_admin': False}, {'login': 'ddyett', 'id': 20829981, 'node_id': 'MDQ6VXNlcjIwODI5OTgx', 'avatar_url': 'https://avatars.githubusercontent.com/u/20829981?v=4', 'gravatar_id': '', 'url': 'https://api.github.com/users/ddyett', 'html_url': 'https://github.com/ddyett', 'followers_url': 'https://api.github.com/users/ddyett/followers', 'following_url': 'https://api.github.com/users/ddyett/following{/other_user}', 'gists_url': 'https://api.github.com/users/ddyett/gists{/gist_id}', 'starred_url': 'https://api.github.com/users/ddyett/starred{/owner}{/repo}', 'subscriptions_url': 'https://api.github.com/users/ddyett/subscriptions', 'organizations_url': 'https://api.github.com/users/ddyett/orgs', 'repos_url': 'https://api.github.com/users/ddyett/repos', 'events_url': 'https://api.github.com/users/ddyett/events{/privacy}', 'received_events_url': 'https://api.github.com/users/ddyett/received_events', 'type': 'User', 'site_admin': False}, {'login': 'nikithauc', 'id': 23219007, 'node_id': 'MDQ6VXNlcjIzMjE5MDA3', 'avatar_url': 'https://avatars.githubusercontent.com/u/23219007?v=4', 'gravatar_id': '', 'url': 'https://api.github.com/users/nikithauc', 'html_url': 'https://github.com/nikithauc', 'followers_url': 'https://api.github.com/users/nikithauc/followers', 'following_url': 'https://api.github.com/users/nikithauc/following{/other_user}', 'gists_url': 'https://api.github.com/users/nikithauc/gists{/gist_id}', 'starred_url': 'https://api.github.com/users/nikithauc/starred{/owner}{/repo}', 'subscriptions_url': 'https://api.github.com/users/nikithauc/subscriptions', 'organizations_url': 'https://api.github.com/users/nikithauc/orgs', 'repos_url': 'https://api.github.com/users/nikithauc/repos', 'events_url': 'https://api.github.com/users/nikithauc/events{/privacy}', 'received_events_url': 'https://api.github.com/users/nikithauc/received_events', 'type': 'User', 'site_admin': False}], 'requested_teams': [], 'labels': [{'id': 2333584516, 'node_id': 'MDU6TGFiZWwyMzMzNTg0NTE2', 'url': 'https://api.github.com/repos/microsoftgraph/msgraph-beta-sdk-java/labels/generated', 'name': 'generated', 'color': 'ededed', 'default': False, 'description': ''}], 'milestone': None, 'draft': False, 'commits_url': 'https://api.github.com/repos/microsoftgraph/msgraph-beta-sdk-java/pulls/273/commits', 'review_comments_url': 'https://api.github.com/repos/microsoftgraph/msgraph-beta-sdk-java/pulls/273/comments', 'review_comment_url': 'https://api.github.com/repos/microsoftgraph/msgraph-beta-sdk-java/pulls/comments{/number}', 'comments_url': 'https://api.github.com/repos/microsoftgraph/msgraph-beta-sdk-java/issues/273/comments', 'statuses_url': 'https://api.github.com/repos/microsoftgraph/msgraph-beta-sdk-java/statuses/623d7c5cc38996f28d45126225196699423a6130', 'head': {'label': 'microsoftgraph:beta/pipelinebuild/71731', 'ref': 'beta/pipelinebuild/71731', 'sha': '623d7c5cc38996f28d45126225196699423a6130', 'user': {'login': 'microsoftgraph', 'id': 17304259, 'node_id': 'MDEyOk9yZ2FuaXphdGlvbjE3MzA0MjU5', 'avatar_url': 'https://avatars.githubusercontent.com/u/17304259?v=4', 'gravatar_id': '', 'url': 'https://api.github.com/users/microsoftgraph', 'html_url': 'https://github.com/microsoftgraph', 'followers_url': 'https://api.github.com/users/microsoftgraph/followers', 'following_url': 'https://api.github.com/users/microsoftgraph/following{/other_user}', 'gists_url': 'https://api.github.com/users/microsoftgraph/gists{/gist_id}', 'starred_url': 'https://api.github.com/users/microsoftgraph/starred{/owner}{/repo}', 'subscriptions_url': 'https://api.github.com/users/microsoftgraph/subscriptions', 'organizations_url': 'https://api.github.com/users/microsoftgraph/orgs', 'repos_url': 'https://api.github.com/users/microsoftgraph/repos', 'events_url': 'https://api.github.com/users/microsoftgraph/events{/privacy}', 'received_events_url': 'https://api.github.com/users/microsoftgraph/received_events', 'type': 'Organization', 'site_admin': False}, 'repo': {'id': 204568878, 'node_id': 'MDEwOlJlcG9zaXRvcnkyMDQ1Njg4Nzg=', 'name': 'msgraph-beta-sdk-java', 'full_name': 'microsoftgraph/msgraph-beta-sdk-java', 'private': False, 'owner': {'login': 'microsoftgraph', 'id': 17304259, 'node_id': 'MDEyOk9yZ2FuaXphdGlvbjE3MzA0MjU5', 'avatar_url': 'https://avatars.githubusercontent.com/u/17304259?v=4', 'gravatar_id': '', 'url': 'https://api.github.com/users/microsoftgraph', 'html_url': 'https://github.com/microsoftgraph', 'followers_url': 'https://api.github.com/users/microsoftgraph/followers', 'following_url': 'https://api.github.com/users/microsoftgraph/following{/other_user}', 'gists_url': 'https://api.github.com/users/microsoftgraph/gists{/gist_id}', 'starred_url': 'https://api.github.com/users/microsoftgraph/starred{/owner}{/repo}', 'subscriptions_url': 'https://api.github.com/users/microsoftgraph/subscriptions', 'organizations_url': 'https://api.github.com/users/microsoftgraph/orgs', 'repos_url': 'https://api.github.com/users/microsoftgraph/repos', 'events_url': 'https://api.github.com/users/microsoftgraph/events{/privacy}', 'received_events_url': 'https://api.github.com/users/microsoftgraph/received_events', 'type': 'Organization', 'site_admin': False}, 'html_url': 'https://github.com/microsoftgraph/msgraph-beta-sdk-java', 'description': 'Microsoft Graph Beta Java SDK', 'fork': False, 'url': 'https://api.github.com/repos/microsoftgraph/msgraph-beta-sdk-java', 'forks_url': 'https://api.github.com/repos/microsoftgraph/msgraph-beta-sdk-java/forks', 'keys_url': 'https://api.github.com/repos/microsoftgraph/msgraph-beta-sdk-java/keys{/key_id}', 'collaborators_url': 'https://api.github.com/repos/microsoftgraph/msgraph-beta-sdk-java/collaborators{/collaborator}', 'teams_url': 'https://api.github.com/repos/microsoftgraph/msgraph-beta-sdk-java/teams', 'hooks_url': 'https://api.github.com/repos/microsoftgraph/msgraph-beta-sdk-java/hooks', 'issue_events_url': 'https://api.github.com/repos/microsoftgraph/msgraph-beta-sdk-java/issues/events{/number}', 'events_url': 'https://api.github.com/repos/microsoftgraph/msgraph-beta-sdk-java/events', 'assignees_url': 'https://api.github.com/repos/microsoftgraph/msgraph-beta-sdk-java/assignees{/user}', 'branches_url': 'https://api.github.com/repos/microsoftgraph/msgraph-beta-sdk-java/branches{/branch}', 'tags_url': 'https://api.github.com/repos/microsoftgraph/msgraph-beta-sdk-java/tags', 'blobs_url': 'https://api.github.com/repos/microsoftgraph/msgraph-beta-sdk-java/git/blobs{/sha}', 'git_tags_url': 'https://api.github.com/repos/microsoftgraph/msgraph-beta-sdk-java/git/tags{/sha}', 'git_refs_url': 'https://api.github.com/repos/microsoftgraph/msgraph-beta-sdk-java/git/refs{/sha}', 'trees_url': 'https://api.github.com/repos/microsoftgraph/msgraph-beta-sdk-java/git/trees{/sha}', 'statuses_url': 'https://api.github.com/repos/microsoftgraph/msgraph-beta-sdk-java/statuses/{sha}', 'languages_url': 'https://api.github.com/repos/microsoftgraph/msgraph-beta-sdk-java/languages', 'stargazers_url': 'https://api.github.com/repos/microsoftgraph/msgraph-beta-sdk-java/stargazers', 'contributors_url': 'https://api.github.com/repos/microsoftgraph/msgraph-beta-sdk-java/contributors', 'subscribers_url': 'https://api.github.com/repos/microsoftgraph/msgraph-beta-sdk-java/subscribers', 'subscription_url': 'https://api.github.com/repos/microsoftgraph/msgraph-beta-sdk-java/subscription', 'commits_url': 'https://api.github.com/repos/microsoftgraph/msgraph-beta-sdk-java/commits{/sha}', 'git_commits_url': 'https://api.github.com/repos/microsoftgraph/msgraph-beta-sdk-java/git/commits{/sha}', 'comments_url': 'https://api.github.com/repos/microsoftgraph/msgraph-beta-sdk-java/comments{/number}', 'issue_comment_url': 'https://api.github.com/repos/microsoftgraph/msgraph-beta-sdk-java/issues/comments{/number}', 'contents_url': 'https://api.github.com/repos/microsoftgraph/msgraph-beta-sdk-java/contents/{+path}', 'compare_url': 'https://api.github.com/repos/microsoftgraph/msgraph-beta-sdk-java/compare/{base}...{head}', 'merges_url': 'https://api.github.com/repos/microsoftgraph/msgraph-beta-sdk-java/merges', 'archive_url': 'https://api.github.com/repos/microsoftgraph/msgraph-beta-sdk-java/{archive_format}{/ref}', 'downloads_url': 'https://api.github.com/repos/microsoftgraph/msgraph-beta-sdk-java/downloads', 'issues_url': 'https://api.github.com/repos/microsoftgraph/msgraph-beta-sdk-java/issues{/number}', 'pulls_url': 'https://api.github.com/repos/microsoftgraph/msgraph-beta-sdk-java/pulls{/number}', 'milestones_url': 'https://api.github.com/repos/microsoftgraph/msgraph-beta-sdk-java/milestones{/number}', 'notifications_url': 'https://api.github.com/repos/microsoftgraph/msgraph-beta-sdk-java/notifications{?since,all,participating}', 'labels_url': 'https://api.github.com/repos/microsoftgraph/msgraph-beta-sdk-java/labels{/name}', 'releases_url': 'https://api.github.com/repos/microsoftgraph/msgraph-beta-sdk-java/releases{/id}', 'deployments_url': 'https://api.github.com/repos/microsoftgraph/msgraph-beta-sdk-java/deployments', 'created_at': '2019-08-26T21:59:24Z', 'updated_at': '2022-02-23T21:45:26Z', 'pushed_at': '2022-04-05T18:59:26Z', 'git_url': 'git://github.com/microsoftgraph/msgraph-beta-sdk-java.git', 'ssh_url': 'git@github.com:microsoftgraph/msgraph-beta-sdk-java.git', 'clone_url': 'https://github.com/microsoftgraph/msgraph-beta-sdk-java.git', 'svn_url': 'https://github.com/microsoftgraph/msgraph-beta-sdk-java', 'homepage': 'https://docs.microsoft.com/en-us/graph/sdks/use-beta?tabs=Java', 'size': 52001, 'stargazers_count': 8, 'watchers_count': 8, 'language': 'Java', 'has_issues': True, 'has_projects': True, 'has_downloads': True, 'has_wiki': False, 'has_pages': False, 'forks_count': 5, 'mirror_url': None, 'archived': False, 'disabled': False, 'open_issues_count': 2, 'license': {'key': 'mit', 'name': 'MIT License', 'spdx_id': 'MIT', 'url': 'https://api.github.com/licenses/mit', 'node_id': 'MDc6TGljZW5zZTEz'}, 'allow_forking': True, 'is_template': False, 'topics': ['java', 'microsoft-graph', 'sdk'], 'visibility': 'public', 'forks': 5, 'open_issues': 2, 'watchers': 8, 'default_branch': 'dev'}}, 'base': {'label': 'microsoftgraph:dev', 'ref': 'dev', 'sha': '160eb5a555bdfed762dee32fb87730561d88aa62', 'user': {'login': 'microsoftgraph', 'id': 17304259, 'node_id': 'MDEyOk9yZ2FuaXphdGlvbjE3MzA0MjU5', 'avatar_url': 'https://avatars.githubusercontent.com/u/17304259?v=4', 'gravatar_id': '', 'url': 'https://api.github.com/users/microsoftgraph', 'html_url': 'https://github.com/microsoftgraph', 'followers_url': 'https://api.github.com/users/microsoftgraph/followers', 'following_url': 'https://api.github.com/users/microsoftgraph/following{/other_user}', 'gists_url': 'https://api.github.com/users/microsoftgraph/gists{/gist_id}', 'starred_url': 'https://api.github.com/users/microsoftgraph/starred{/owner}{/repo}', 'subscriptions_url': 'https://api.github.com/users/microsoftgraph/subscriptions', 'organizations_url': 'https://api.github.com/users/microsoftgraph/orgs', 'repos_url': 'https://api.github.com/users/microsoftgraph/repos', 'events_url': 'https://api.github.com/users/microsoftgraph/events{/privacy}', 'received_events_url': 'https://api.github.com/users/microsoftgraph/received_events', 'type': 'Organization', 'site_admin': False}, 'repo': {'id': 204568878, 'node_id': 'MDEwOlJlcG9zaXRvcnkyMDQ1Njg4Nzg=', 'name': 'msgraph-beta-sdk-java', 'full_name': 'microsoftgraph/msgraph-beta-sdk-java', 'private': False, 'owner': {'login': 'microsoftgraph', 'id': 17304259, 'node_id': 'MDEyOk9yZ2FuaXphdGlvbjE3MzA0MjU5', 'avatar_url': 'https://avatars.githubusercontent.com/u/17304259?v=4', 'gravatar_id': '', 'url': 'https://api.github.com/users/microsoftgraph', 'html_url': 'https://github.com/microsoftgraph', 'followers_url': 'https://api.github.com/users/microsoftgraph/followers', 'following_url': 'https://api.github.com/users/microsoftgraph/following{/other_user}', 'gists_url': 'https://api.github.com/users/microsoftgraph/gists{/gist_id}', 'starred_url': 'https://api.github.com/users/microsoftgraph/starred{/owner}{/repo}', 'subscriptions_url': 'https://api.github.com/users/microsoftgraph/subscriptions', 'organizations_url': 'https://api.github.com/users/microsoftgraph/orgs', 'repos_url': 'https://api.github.com/users/microsoftgraph/repos', 'events_url': 'https://api.github.com/users/microsoftgraph/events{/privacy}', 'received_events_url': 'https://api.github.com/users/microsoftgraph/received_events', 'type': 'Organization', 'site_admin': False}, 'html_url': 'https://github.com/microsoftgraph/msgraph-beta-sdk-java', 'description': 'Microsoft Graph Beta Java SDK', 'fork': False, 'url': 'https://api.github.com/repos/microsoftgraph/msgraph-beta-sdk-java', 'forks_url': 'https://api.github.com/repos/microsoftgraph/msgraph-beta-sdk-java/forks', 'keys_url': 'https://api.github.com/repos/microsoftgraph/msgraph-beta-sdk-java/keys{/key_id}', 'collaborators_url': 'https://api.github.com/repos/microsoftgraph/msgraph-beta-sdk-java/collaborators{/collaborator}', 'teams_url': 'https://api.github.com/repos/microsoftgraph/msgraph-beta-sdk-java/teams', 'hooks_url': 'https://api.github.com/repos/microsoftgraph/msgraph-beta-sdk-java/hooks', 'issue_events_url': 'https://api.github.com/repos/microsoftgraph/msgraph-beta-sdk-java/issues/events{/number}', 'events_url': 'https://api.github.com/repos/microsoftgraph/msgraph-beta-sdk-java/events', 'assignees_url': 'https://api.github.com/repos/microsoftgraph/msgraph-beta-sdk-java/assignees{/user}', 'branches_url': 'https://api.github.com/repos/microsoftgraph/msgraph-beta-sdk-java/branches{/branch}', 'tags_url': 'https://api.github.com/repos/microsoftgraph/msgraph-beta-sdk-java/tags', 'blobs_url': 'https://api.github.com/repos/microsoftgraph/msgraph-beta-sdk-java/git/blobs{/sha}', 'git_tags_url': 'https://api.github.com/repos/microsoftgraph/msgraph-beta-sdk-java/git/tags{/sha}', 'git_refs_url': 'https://api.github.com/repos/microsoftgraph/msgraph-beta-sdk-java/git/refs{/sha}', 'trees_url': 'https://api.github.com/repos/microsoftgraph/msgraph-beta-sdk-java/git/trees{/sha}', 'statuses_url': 'https://api.github.com/repos/microsoftgraph/msgraph-beta-sdk-java/statuses/{sha}', 'languages_url': 'https://api.github.com/repos/microsoftgraph/msgraph-beta-sdk-java/languages', 'stargazers_url': 'https://api.github.com/repos/microsoftgraph/msgraph-beta-sdk-java/stargazers', 'contributors_url': 'https://api.github.com/repos/microsoftgraph/msgraph-beta-sdk-java/contributors', 'subscribers_url': 'https://api.github.com/repos/microsoftgraph/msgraph-beta-sdk-java/subscribers', 'subscription_url': 'https://api.github.com/repos/microsoftgraph/msgraph-beta-sdk-java/subscription', 'commits_url': 'https://api.github.com/repos/microsoftgraph/msgraph-beta-sdk-java/commits{/sha}', 'git_commits_url': 'https://api.github.com/repos/microsoftgraph/msgraph-beta-sdk-java/git/commits{/sha}', 'comments_url': 'https://api.github.com/repos/microsoftgraph/msgraph-beta-sdk-java/comments{/number}', 'issue_comment_url': 'https://api.github.com/repos/microsoftgraph/msgraph-beta-sdk-java/issues/comments{/number}', 'contents_url': 'https://api.github.com/repos/microsoftgraph/msgraph-beta-sdk-java/contents/{+path}', 'compare_url': 'https://api.github.com/repos/microsoftgraph/msgraph-beta-sdk-java/compare/{base}...{head}', 'merges_url': 'https://api.github.com/repos/microsoftgraph/msgraph-beta-sdk-java/merges', 'archive_url': 'https://api.github.com/repos/microsoftgraph/msgraph-beta-sdk-java/{archive_format}{/ref}', 'downloads_url': 'https://api.github.com/repos/microsoftgraph/msgraph-beta-sdk-java/downloads', 'issues_url': 'https://api.github.com/repos/microsoftgraph/msgraph-beta-sdk-java/issues{/number}', 'pulls_url': 'https://api.github.com/repos/microsoftgraph/msgraph-beta-sdk-java/pulls{/number}', 'milestones_url': 'https://api.github.com/repos/microsoftgraph/msgraph-beta-sdk-java/milestones{/number}', 'notifications_url': 'https://api.github.com/repos/microsoftgraph/msgraph-beta-sdk-java/notifications{?since,all,participating}', 'labels_url': 'https://api.github.com/repos/microsoftgraph/msgraph-beta-sdk-java/labels{/name}', 'releases_url': 'https://api.github.com/repos/microsoftgraph/msgraph-beta-sdk-java/releases{/id}', 'deployments_url': 'https://api.github.com/repos/microsoftgraph/msgraph-beta-sdk-java/deployments', 'created_at': '2019-08-26T21:59:24Z', 'updated_at': '2022-02-23T21:45:26Z', 'pushed_at': '2022-04-05T18:59:26Z', 'git_url': 'git://github.com/microsoftgraph/msgraph-beta-sdk-java.git', 'ssh_url': 'git@github.com:microsoftgraph/msgraph-beta-sdk-java.git', 'clone_url': 'https://github.com/microsoftgraph/msgraph-beta-sdk-java.git', 'svn_url': 'https://github.com/microsoftgraph/msgraph-beta-sdk-java', 'homepage': 'https://docs.microsoft.com/en-us/graph/sdks/use-beta?tabs=Java', 'size': 52001, 'stargazers_count': 8, 'watchers_count': 8, 'language': 'Java', 'has_issues': True, 'has_projects': True, 'has_downloads': True, 'has_wiki': False, 'has_pages': False, 'forks_count': 5, 'mirror_url': None, 'archived': False, 'disabled': False, 'open_issues_count': 2, 'license': {'key': 'mit', 'name': 'MIT License', 'spdx_id': 'MIT', 'url': 'https://api.github.com/licenses/mit', 'node_id': 'MDc6TGljZW5zZTEz'}, 'allow_forking': True, 'is_template': False, 'topics': ['java', 'microsoft-graph', 'sdk'], 'visibility': 'public', 'forks': 5, 'open_issues': 2, 'watchers': 8, 'default_branch': 'dev'}}, '_links': {'self': {'href': 'https://api.github.com/repos/microsoftgraph/msgraph-beta-sdk-java/pulls/273'}, 'html': {'href': 'https://github.com/microsoftgraph/msgraph-beta-sdk-java/pull/273'}, 'issue': {'href': 'https://api.github.com/repos/microsoftgraph/msgraph-beta-sdk-java/issues/273'}, 'comments': {'href': 'https://api.github.com/repos/microsoftgraph/msgraph-beta-sdk-java/issues/273/comments'}, 'review_comments': {'href': 'https://api.github.com/repos/microsoftgraph/msgraph-beta-sdk-java/pulls/273/comments'}, 'review_comment': {'href': 'https://api.github.com/repos/microsoftgraph/msgraph-beta-sdk-java/pulls/comments{/number}'}, 'commits': {'href': 'https://api.github.com/repos/microsoftgraph/msgraph-beta-sdk-java/pulls/273/commits'}, 'statuses': {'href': 'https://api.github.com/repos/microsoftgraph/msgraph-beta-sdk-java/statuses/623d7c5cc38996f28d45126225196699423a6130'}}, 'author_association': 'CONTRIBUTOR', 'auto_merge': None, 'active_lock_reason': None, 'merged': True, 'mergeable': None, 'rebaseable': None, 'mergeable_state': 'unknown', 'merged_by': {'login': 'ramsessanchez', 'id': 63934382, 'node_id': 'MDQ6VXNlcjYzOTM0Mzgy', 'avatar_url': 'https://avatars.githubusercontent.com/u/63934382?v=4', 'gravatar_id': '', 'url': 'https://api.github.com/users/ramsessanchez', 'html_url': 'https://github.com/ramsessanchez', 'followers_url': 'https://api.github.com/users/ramsessanchez/followers', 'following_url': 'https://api.github.com/users/ramsessanchez/following{/other_user}', 'gists_url': 'https://api.github.com/users/ramsessanchez/gists{/gist_id}', 'starred_url': 'https://api.github.com/users/ramsessanchez/starred{/owner}{/repo}', 'subscriptions_url': 'https://api.github.com/users/ramsessanchez/subscriptions', 'organizations_url': 'https://api.github.com/users/ramsessanchez/orgs', 'repos_url': 'https://api.github.com/users/ramsessanchez/repos', 'events_url': 'https://api.github.com/users/ramsessanchez/events{/privacy}', 'received_events_url': 'https://api.github.com/users/ramsessanchez/received_events', 'type': 'User', 'site_admin': False}, 'comments': 0, 'review_comments': 0, 'maintainer_can_modify': False, 'commits': 2, 'additions': 6439, 'deletions': 97, 'changed_files': 124}}",closed,Java
21127861160,PushEvent,microsoftgraph/msgraph-beta-sdk-java,0.0,2022-04-05T18:49:00Z,"{'push_id': 9545636544, 'size': 1, 'distinct_size': 1, 'ref': 'refs/heads/beta/pipelinebuild/71731', 'head': '623d7c5cc38996f28d45126225196699423a6130', 'before': 'e5861ae6fda6ffbc200429107b5c1b7c1314444e', 'commits': [{'sha': '623d7c5cc38996f28d45126225196699423a6130', 'author': {'email': '63934382+ramsessanchez@users.noreply.github.com', 'name': 'ramsessanchez'}, 'message': 'Update CHANGELOG.md', 'distinct': True, 'url': 'https://api.github.com/repos/microsoftgraph/msgraph-beta-sdk-java/commits/623d7c5cc38996f28d45126225196699423a6130'}]}",,Java
21127607141,PushEvent,microsoftgraph/msgraph-sdk-java,0.0,2022-04-05T18:33:20Z,"{'push_id': 9545511081, 'size': 3, 'distinct_size': 3, 'ref': 'refs/heads/dev', 'head': '1b0d6c6adf7ddb63d5093b26256eb484e3d05064', 'before': '29e11e3e096a8838dd8df35c0606fa348f758c26', 'commits': [{'sha': '4b0d2e82c76d67f2f24805ee8a1be8cd70caf87b', 'author': {'email': 'GraphTooling@service.microsoft.com', 'name': 'Microsoft Graph DevX Tooling'}, 'message': 'Update generated files with build 71731', 'distinct': True, 'url': 'https://api.github.com/repos/microsoftgraph/msgraph-sdk-java/commits/4b0d2e82c76d67f2f24805ee8a1be8cd70caf87b'}, {'sha': '5c281ce3467ae1bb00cb00c259d5207f0937e36e', 'author': {'email': '63934382+ramsessanchez@users.noreply.github.com', 'name': 'ramsessanchez'}, 'message': 'Update CHANGELOG.md', 'distinct': True, 'url': 'https://api.github.com/repos/microsoftgraph/msgraph-sdk-java/commits/5c281ce3467ae1bb00cb00c259d5207f0937e36e'}, {'sha': '1b0d6c6adf7ddb63d5093b26256eb484e3d05064', 'author': {'email': '63934382+ramsessanchez@users.noreply.github.com', 'name': 'ramsessanchez'}, 'message': 'Merge pull request #1038 from microsoftgraph/v1.0/pipelinebuild/71731\n\nGenerated v1.0 models and request builders using Typewriter', 'distinct': True, 'url': 'https://api.github.com/repos/microsoftgraph/msgraph-sdk-java/commits/1b0d6c6adf7ddb63d5093b26256eb484e3d05064'}]}",,Java
21127606910,DeleteEvent,microsoftgraph/msgraph-sdk-java,0.0,2022-04-05T18:33:19Z,"{'ref': 'v1.0/pipelinebuild/71731', 'ref_type': 'branch', 'pusher_type': 'user'}",,Java
21127606814,PullRequestEvent,microsoftgraph/msgraph-sdk-java,0.0,2022-04-05T18:33:19Z,"{'action': 'closed', 'number': 1038, 'pull_request': {'url': 'https://api.github.com/repos/microsoftgraph/msgraph-sdk-java/pulls/1038', 'id': 900015805, 'node_id': 'PR_kwDOBig9Oc41pSa9', 'html_url': 'https://github.com/microsoftgraph/msgraph-sdk-java/pull/1038', 'diff_url': 'https://github.com/microsoftgraph/msgraph-sdk-java/pull/1038.diff', 'patch_url': 'https://github.com/microsoftgraph/msgraph-sdk-java/pull/1038.patch', 'issue_url': 'https://api.github.com/repos/microsoftgraph/msgraph-sdk-java/issues/1038', 'number': 1038, 'state': 'closed', 'locked': False, 'title': 'Generated v1.0 models and request builders using Typewriter', 'user': {'login': 'ramsessanchez', 'id': 63934382, 'node_id': 'MDQ6VXNlcjYzOTM0Mzgy', 'avatar_url': 'https://avatars.githubusercontent.com/u/63934382?v=4', 'gravatar_id': '', 'url': 'https://api.github.com/users/ramsessanchez', 'html_url': 'https://github.com/ramsessanchez', 'followers_url': 'https://api.github.com/users/ramsessanchez/followers', 'following_url': 'https://api.github.com/users/ramsessanchez/following{/other_user}', 'gists_url': 'https://api.github.com/users/ramsessanchez/gists{/gist_id}', 'starred_url': 'https://api.github.com/users/ramsessanchez/starred{/owner}{/repo}', 'subscriptions_url': 'https://api.github.com/users/ramsessanchez/subscriptions', 'organizations_url': 'https://api.github.com/users/ramsessanchez/orgs', 'repos_url': 'https://api.github.com/users/ramsessanchez/repos', 'events_url': 'https://api.github.com/users/ramsessanchez/events{/privacy}', 'received_events_url': 'https://api.github.com/users/ramsessanchez/received_events', 'type': 'User', 'site_admin': False}, 'body': 'This pull request was automatically created by the GitHub Action, **create pull request**. \n\n The commit hash is _4b0d2e82c76d67f2f24805ee8a1be8cd70caf87b_. \n\n **Important** Check for unexpected deletions or changes in this PR.', 'created_at': '2022-04-05T10:12:37Z', 'updated_at': '2022-04-05T18:33:19Z', 'closed_at': '2022-04-05T18:33:18Z', 'merged_at': '2022-04-05T18:33:18Z', 'merge_commit_sha': '1b0d6c6adf7ddb63d5093b26256eb484e3d05064', 'assignee': {'login': 'ramsessanchez', 'id': 63934382, 'node_id': 'MDQ6VXNlcjYzOTM0Mzgy', 'avatar_url': 'https://avatars.githubusercontent.com/u/63934382?v=4', 'gravatar_id': '', 'url': 'https://api.github.com/users/ramsessanchez', 'html_url': 'https://github.com/ramsessanchez', 'followers_url': 'https://api.github.com/users/ramsessanchez/followers', 'following_url': 'https://api.github.com/users/ramsessanchez/following{/other_user}', 'gists_url': 'https://api.github.com/users/ramsessanchez/gists{/gist_id}', 'starred_url': 'https://api.github.com/users/ramsessanchez/starred{/owner}{/repo}', 'subscriptions_url': 'https://api.github.com/users/ramsessanchez/subscriptions', 'organizations_url': 'https://api.github.com/users/ramsessanchez/orgs', 'repos_url': 'https://api.github.com/users/ramsessanchez/repos', 'events_url': 'https://api.github.com/users/ramsessanchez/events{/privacy}', 'received_events_url': 'https://api.github.com/users/ramsessanchez/received_events', 'type': 'User', 'site_admin': False}, 'assignees': [{'login': 'ramsessanchez', 'id': 63934382, 'node_id': 'MDQ6VXNlcjYzOTM0Mzgy', 'avatar_url': 'https://avatars.githubusercontent.com/u/63934382?v=4', 'gravatar_id': '', 'url': 'https://api.github.com/users/ramsessanchez', 'html_url': 'https://github.com/ramsessanchez', 'followers_url': 'https://api.github.com/users/ramsessanchez/followers', 'following_url': 'https://api.github.com/users/ramsessanchez/following{/other_user}', 'gists_url': 'https://api.github.com/users/ramsessanchez/gists{/gist_id}', 'starred_url': 'https://api.github.com/users/ramsessanchez/starred{/owner}{/repo}', 'subscriptions_url': 'https://api.github.com/users/ramsessanchez/subscriptions', 'organizations_url': 'https://api.github.com/users/ramsessanchez/orgs', 'repos_url': 'https://api.github.com/users/ramsessanchez/repos', 'events_url': 'https://api.github.com/users/ramsessanchez/events{/privacy}', 'received_events_url': 'https://api.github.com/users/ramsessanchez/received_events', 'type': 'User', 'site_admin': False}], 'requested_reviewers': [{'login': 'zengin', 'id': 803311, 'node_id': 'MDQ6VXNlcjgwMzMxMQ==', 'avatar_url': 'https://avatars.githubusercontent.com/u/803311?v=4', 'gravatar_id': '', 'url': 'https://api.github.com/users/zengin', 'html_url': 'https://github.com/zengin', 'followers_url': 'https://api.github.com/users/zengin/followers', 'following_url': 'https://api.github.com/users/zengin/following{/other_user}', 'gists_url': 'https://api.github.com/users/zengin/gists{/gist_id}', 'starred_url': 'https://api.github.com/users/zengin/starred{/owner}{/repo}', 'subscriptions_url': 'https://api.github.com/users/zengin/subscriptions', 'organizations_url': 'https://api.github.com/users/zengin/orgs', 'repos_url': 'https://api.github.com/users/zengin/repos', 'events_url': 'https://api.github.com/users/zengin/events{/privacy}', 'received_events_url': 'https://api.github.com/users/zengin/received_events', 'type': 'User', 'site_admin': False}, {'login': 'peombwa', 'id': 7061532, 'node_id': 'MDQ6VXNlcjcwNjE1MzI=', 'avatar_url': 'https://avatars.githubusercontent.com/u/7061532?v=4', 'gravatar_id': '', 'url': 'https://api.github.com/users/peombwa', 'html_url': 'https://github.com/peombwa', 'followers_url': 'https://api.github.com/users/peombwa/followers', 'following_url': 'https://api.github.com/users/peombwa/following{/other_user}', 'gists_url': 'https://api.github.com/users/peombwa/gists{/gist_id}', 'starred_url': 'https://api.github.com/users/peombwa/starred{/owner}{/repo}', 'subscriptions_url': 'https://api.github.com/users/peombwa/subscriptions', 'organizations_url': 'https://api.github.com/users/peombwa/orgs', 'repos_url': 'https://api.github.com/users/peombwa/repos', 'events_url': 'https://api.github.com/users/peombwa/events{/privacy}', 'received_events_url': 'https://api.github.com/users/peombwa/received_events', 'type': 'User', 'site_admin': False}, {'login': 'MIchaelMainer', 'id': 8527305, 'node_id': 'MDQ6VXNlcjg1MjczMDU=', 'avatar_url': 'https://avatars.githubusercontent.com/u/8527305?v=4', 'gravatar_id': '', 'url': 'https://api.github.com/users/MIchaelMainer', 'html_url': 'https://github.com/MIchaelMainer', 'followers_url': 'https://api.github.com/users/MIchaelMainer/followers', 'following_url': 'https://api.github.com/users/MIchaelMainer/following{/other_user}', 'gists_url': 'https://api.github.com/users/MIchaelMainer/gists{/gist_id}', 'starred_url': 'https://api.github.com/users/MIchaelMainer/starred{/owner}{/repo}', 'subscriptions_url': 'https://api.github.com/users/MIchaelMainer/subscriptions', 'organizations_url': 'https://api.github.com/users/MIchaelMainer/orgs', 'repos_url': 'https://api.github.com/users/MIchaelMainer/repos', 'events_url': 'https://api.github.com/users/MIchaelMainer/events{/privacy}', 'received_events_url': 'https://api.github.com/users/MIchaelMainer/received_events', 'type': 'User', 'site_admin': False}, {'login': 'ddyett', 'id': 20829981, 'node_id': 'MDQ6VXNlcjIwODI5OTgx', 'avatar_url': 'https://avatars.githubusercontent.com/u/20829981?v=4', 'gravatar_id': '', 'url': 'https://api.github.com/users/ddyett', 'html_url': 'https://github.com/ddyett', 'followers_url': 'https://api.github.com/users/ddyett/followers', 'following_url': 'https://api.github.com/users/ddyett/following{/other_user}', 'gists_url': 'https://api.github.com/users/ddyett/gists{/gist_id}', 'starred_url': 'https://api.github.com/users/ddyett/starred{/owner}{/repo}', 'subscriptions_url': 'https://api.github.com/users/ddyett/subscriptions', 'organizations_url': 'https://api.github.com/users/ddyett/orgs', 'repos_url': 'https://api.github.com/users/ddyett/repos', 'events_url': 'https://api.github.com/users/ddyett/events{/privacy}', 'received_events_url': 'https://api.github.com/users/ddyett/received_events', 'type': 'User', 'site_admin': False}, {'login': 'nikithauc', 'id': 23219007, 'node_id': 'MDQ6VXNlcjIzMjE5MDA3', 'avatar_url': 'https://avatars.githubusercontent.com/u/23219007?v=4', 'gravatar_id': '', 'url': 'https://api.github.com/users/nikithauc', 'html_url': 'https://github.com/nikithauc', 'followers_url': 'https://api.github.com/users/nikithauc/followers', 'following_url': 'https://api.github.com/users/nikithauc/following{/other_user}', 'gists_url': 'https://api.github.com/users/nikithauc/gists{/gist_id}', 'starred_url': 'https://api.github.com/users/nikithauc/starred{/owner}{/repo}', 'subscriptions_url': 'https://api.github.com/users/nikithauc/subscriptions', 'organizations_url': 'https://api.github.com/users/nikithauc/orgs', 'repos_url': 'https://api.github.com/users/nikithauc/repos', 'events_url': 'https://api.github.com/users/nikithauc/events{/privacy}', 'received_events_url': 'https://api.github.com/users/nikithauc/received_events', 'type': 'User', 'site_admin': False}], 'requested_teams': [], 'labels': [{'id': 1160728929, 'node_id': 'MDU6TGFiZWwxMTYwNzI4OTI5', 'url': 'https://api.github.com/repos/microsoftgraph/msgraph-sdk-java/labels/generated', 'name': 'generated', 'color': 'ededed', 'default': False, 'description': None}], 'milestone': None, 'draft': False, 'commits_url': 'https://api.github.com/repos/microsoftgraph/msgraph-sdk-java/pulls/1038/commits', 'review_comments_url': 'https://api.github.com/repos/microsoftgraph/msgraph-sdk-java/pulls/1038/comments', 'review_comment_url': 'https://api.github.com/repos/microsoftgraph/msgraph-sdk-java/pulls/comments{/number}', 'comments_url': 'https://api.github.com/repos/microsoftgraph/msgraph-sdk-java/issues/1038/comments', 'statuses_url': 'https://api.github.com/repos/microsoftgraph/msgraph-sdk-java/statuses/5c281ce3467ae1bb00cb00c259d5207f0937e36e', 'head': {'label': 'microsoftgraph:v1.0/pipelinebuild/71731', 'ref': 'v1.0/pipelinebuild/71731', 'sha': '5c281ce3467ae1bb00cb00c259d5207f0937e36e', 'user': {'login': 'microsoftgraph', 'id': 17304259, 'node_id': 'MDEyOk9yZ2FuaXphdGlvbjE3MzA0MjU5', 'avatar_url': 'https://avatars.githubusercontent.com/u/17304259?v=4', 'gravatar_id': '', 'url': 'https://api.github.com/users/microsoftgraph', 'html_url': 'https://github.com/microsoftgraph', 'followers_url': 'https://api.github.com/users/microsoftgraph/followers', 'following_url': 'https://api.github.com/users/microsoftgraph/following{/other_user}', 'gists_url': 'https://api.github.com/users/microsoftgraph/gists{/gist_id}', 'starred_url': 'https://api.github.com/users/microsoftgraph/starred{/owner}{/repo}', 'subscriptions_url': 'https://api.github.com/users/microsoftgraph/subscriptions', 'organizations_url': 'https://api.github.com/users/microsoftgraph/orgs', 'repos_url': 'https://api.github.com/users/microsoftgraph/repos', 'events_url': 'https://api.github.com/users/microsoftgraph/events{/privacy}', 'received_events_url': 'https://api.github.com/users/microsoftgraph/received_events', 'type': 'Organization', 'site_admin': False}, 'repo': {'id': 103300409, 'node_id': 'MDEwOlJlcG9zaXRvcnkxMDMzMDA0MDk=', 'name': 'msgraph-sdk-java', 'full_name': 'microsoftgraph/msgraph-sdk-java', 'private': False, 'owner': {'login': 'microsoftgraph', 'id': 17304259, 'node_id': 'MDEyOk9yZ2FuaXphdGlvbjE3MzA0MjU5', 'avatar_url': 'https://avatars.githubusercontent.com/u/17304259?v=4', 'gravatar_id': '', 'url': 'https://api.github.com/users/microsoftgraph', 'html_url': 'https://github.com/microsoftgraph', 'followers_url': 'https://api.github.com/users/microsoftgraph/followers', 'following_url': 'https://api.github.com/users/microsoftgraph/following{/other_user}', 'gists_url': 'https://api.github.com/users/microsoftgraph/gists{/gist_id}', 'starred_url': 'https://api.github.com/users/microsoftgraph/starred{/owner}{/repo}', 'subscriptions_url': 'https://api.github.com/users/microsoftgraph/subscriptions', 'organizations_url': 'https://api.github.com/users/microsoftgraph/orgs', 'repos_url': 'https://api.github.com/users/microsoftgraph/repos', 'events_url': 'https://api.github.com/users/microsoftgraph/events{/privacy}', 'received_events_url': 'https://api.github.com/users/microsoftgraph/received_events', 'type': 'Organization', 'site_admin': False}, 'html_url': 'https://github.com/microsoftgraph/msgraph-sdk-java', 'description': 'Microsoft Graph SDK for Java', 'fork': False, 'url': 'https://api.github.com/repos/microsoftgraph/msgraph-sdk-java', 'forks_url': 'https://api.github.com/repos/microsoftgraph/msgraph-sdk-java/forks', 'keys_url': 'https://api.github.com/repos/microsoftgraph/msgraph-sdk-java/keys{/key_id}', 'collaborators_url': 'https://api.github.com/repos/microsoftgraph/msgraph-sdk-java/collaborators{/collaborator}', 'teams_url': 'https://api.github.com/repos/microsoftgraph/msgraph-sdk-java/teams', 'hooks_url': 'https://api.github.com/repos/microsoftgraph/msgraph-sdk-java/hooks', 'issue_events_url': 'https://api.github.com/repos/microsoftgraph/msgraph-sdk-java/issues/events{/number}', 'events_url': 'https://api.github.com/repos/microsoftgraph/msgraph-sdk-java/events', 'assignees_url': 'https://api.github.com/repos/microsoftgraph/msgraph-sdk-java/assignees{/user}', 'branches_url': 'https://api.github.com/repos/microsoftgraph/msgraph-sdk-java/branches{/branch}', 'tags_url': 'https://api.github.com/repos/microsoftgraph/msgraph-sdk-java/tags', 'blobs_url': 'https://api.github.com/repos/microsoftgraph/msgraph-sdk-java/git/blobs{/sha}', 'git_tags_url': 'https://api.github.com/repos/microsoftgraph/msgraph-sdk-java/git/tags{/sha}', 'git_refs_url': 'https://api.github.com/repos/microsoftgraph/msgraph-sdk-java/git/refs{/sha}', 'trees_url': 'https://api.github.com/repos/microsoftgraph/msgraph-sdk-java/git/trees{/sha}', 'statuses_url': 'https://api.github.com/repos/microsoftgraph/msgraph-sdk-java/statuses/{sha}', 'languages_url': 'https://api.github.com/repos/microsoftgraph/msgraph-sdk-java/languages', 'stargazers_url': 'https://api.github.com/repos/microsoftgraph/msgraph-sdk-java/stargazers', 'contributors_url': 'https://api.github.com/repos/microsoftgraph/msgraph-sdk-java/contributors', 'subscribers_url': 'https://api.github.com/repos/microsoftgraph/msgraph-sdk-java/subscribers', 'subscription_url': 'https://api.github.com/repos/microsoftgraph/msgraph-sdk-java/subscription', 'commits_url': 'https://api.github.com/repos/microsoftgraph/msgraph-sdk-java/commits{/sha}', 'git_commits_url': 'https://api.github.com/repos/microsoftgraph/msgraph-sdk-java/git/commits{/sha}', 'comments_url': 'https://api.github.com/repos/microsoftgraph/msgraph-sdk-java/comments{/number}', 'issue_comment_url': 'https://api.github.com/repos/microsoftgraph/msgraph-sdk-java/issues/comments{/number}', 'contents_url': 'https://api.github.com/repos/microsoftgraph/msgraph-sdk-java/contents/{+path}', 'compare_url': 'https://api.github.com/repos/microsoftgraph/msgraph-sdk-java/compare/{base}...{head}', 'merges_url': 'https://api.github.com/repos/microsoftgraph/msgraph-sdk-java/merges', 'archive_url': 'https://api.github.com/repos/microsoftgraph/msgraph-sdk-java/{archive_format}{/ref}', 'downloads_url': 'https://api.github.com/repos/microsoftgraph/msgraph-sdk-java/downloads', 'issues_url': 'https://api.github.com/repos/microsoftgraph/msgraph-sdk-java/issues{/number}', 'pulls_url': 'https://api.github.com/repos/microsoftgraph/msgraph-sdk-java/pulls{/number}', 'milestones_url': 'https://api.github.com/repos/microsoftgraph/msgraph-sdk-java/milestones{/number}', 'notifications_url': 'https://api.github.com/repos/microsoftgraph/msgraph-sdk-java/notifications{?since,all,participating}', 'labels_url': 'https://api.github.com/repos/microsoftgraph/msgraph-sdk-java/labels{/name}', 'releases_url': 'https://api.github.com/repos/microsoftgraph/msgraph-sdk-java/releases{/id}', 'deployments_url': 'https://api.github.com/repos/microsoftgraph/msgraph-sdk-java/deployments', 'created_at': '2017-09-12T17:20:15Z', 'updated_at': '2022-03-30T14:36:25Z', 'pushed_at': '2022-04-05T18:33:18Z', 'git_url': 'git://github.com/microsoftgraph/msgraph-sdk-java.git', 'ssh_url': 'git@github.com:microsoftgraph/msgraph-sdk-java.git', 'clone_url': 'https://github.com/microsoftgraph/msgraph-sdk-java.git', 'svn_url': 'https://github.com/microsoftgraph/msgraph-sdk-java', 'homepage': 'https://docs.microsoft.com/en-us/graph/sdks/sdks-overview', 'size': 59013, 'stargazers_count': 244, 'watchers_count': 244, 'language': 'Java', 'has_issues': True, 'has_projects': True, 'has_downloads': True, 'has_wiki': False, 'has_pages': False, 'forks_count': 101, 'mirror_url': None, 'archived': False, 'disabled': False, 'open_issues_count': 5, 'license': {'key': 'mit', 'name': 'MIT License', 'spdx_id': 'MIT', 'url': 'https://api.github.com/licenses/mit', 'node_id': 'MDc6TGljZW5zZTEz'}, 'allow_forking': True, 'is_template': False, 'topics': ['java', 'microsoft-graph', 'microsoft-graph-sdk', 'sdk'], 'visibility': 'public', 'forks': 101, 'open_issues': 5, 'watchers': 244, 'default_branch': 'dev'}}, 'base': {'label': 'microsoftgraph:dev', 'ref': 'dev', 'sha': '29e11e3e096a8838dd8df35c0606fa348f758c26', 'user': {'login': 'microsoftgraph', 'id': 17304259, 'node_id': 'MDEyOk9yZ2FuaXphdGlvbjE3MzA0MjU5', 'avatar_url': 'https://avatars.githubusercontent.com/u/17304259?v=4', 'gravatar_id': '', 'url': 'https://api.github.com/users/microsoftgraph', 'html_url': 'https://github.com/microsoftgraph', 'followers_url': 'https://api.github.com/users/microsoftgraph/followers', 'following_url': 'https://api.github.com/users/microsoftgraph/following{/other_user}', 'gists_url': 'https://api.github.com/users/microsoftgraph/gists{/gist_id}', 'starred_url': 'https://api.github.com/users/microsoftgraph/starred{/owner}{/repo}', 'subscriptions_url': 'https://api.github.com/users/microsoftgraph/subscriptions', 'organizations_url': 'https://api.github.com/users/microsoftgraph/orgs', 'repos_url': 'https://api.github.com/users/microsoftgraph/repos', 'events_url': 'https://api.github.com/users/microsoftgraph/events{/privacy}', 'received_events_url': 'https://api.github.com/users/microsoftgraph/received_events', 'type': 'Organization', 'site_admin': False}, 'repo': {'id': 103300409, 'node_id': 'MDEwOlJlcG9zaXRvcnkxMDMzMDA0MDk=', 'name': 'msgraph-sdk-java', 'full_name': 'microsoftgraph/msgraph-sdk-java', 'private': False, 'owner': {'login': 'microsoftgraph', 'id': 17304259, 'node_id': 'MDEyOk9yZ2FuaXphdGlvbjE3MzA0MjU5', 'avatar_url': 'https://avatars.githubusercontent.com/u/17304259?v=4', 'gravatar_id': '', 'url': 'https://api.github.com/users/microsoftgraph', 'html_url': 'https://github.com/microsoftgraph', 'followers_url': 'https://api.github.com/users/microsoftgraph/followers', 'following_url': 'https://api.github.com/users/microsoftgraph/following{/other_user}', 'gists_url': 'https://api.github.com/users/microsoftgraph/gists{/gist_id}', 'starred_url': 'https://api.github.com/users/microsoftgraph/starred{/owner}{/repo}', 'subscriptions_url': 'https://api.github.com/users/microsoftgraph/subscriptions', 'organizations_url': 'https://api.github.com/users/microsoftgraph/orgs', 'repos_url': 'https://api.github.com/users/microsoftgraph/repos', 'events_url': 'https://api.github.com/users/microsoftgraph/events{/privacy}', 'received_events_url': 'https://api.github.com/users/microsoftgraph/received_events', 'type': 'Organization', 'site_admin': False}, 'html_url': 'https://github.com/microsoftgraph/msgraph-sdk-java', 'description': 'Microsoft Graph SDK for Java', 'fork': False, 'url': 'https://api.github.com/repos/microsoftgraph/msgraph-sdk-java', 'forks_url': 'https://api.github.com/repos/microsoftgraph/msgraph-sdk-java/forks', 'keys_url': 'https://api.github.com/repos/microsoftgraph/msgraph-sdk-java/keys{/key_id}', 'collaborators_url': 'https://api.github.com/repos/microsoftgraph/msgraph-sdk-java/collaborators{/collaborator}', 'teams_url': 'https://api.github.com/repos/microsoftgraph/msgraph-sdk-java/teams', 'hooks_url': 'https://api.github.com/repos/microsoftgraph/msgraph-sdk-java/hooks', 'issue_events_url': 'https://api.github.com/repos/microsoftgraph/msgraph-sdk-java/issues/events{/number}', 'events_url': 'https://api.github.com/repos/microsoftgraph/msgraph-sdk-java/events', 'assignees_url': 'https://api.github.com/repos/microsoftgraph/msgraph-sdk-java/assignees{/user}', 'branches_url': 'https://api.github.com/repos/microsoftgraph/msgraph-sdk-java/branches{/branch}', 'tags_url': 'https://api.github.com/repos/microsoftgraph/msgraph-sdk-java/tags', 'blobs_url': 'https://api.github.com/repos/microsoftgraph/msgraph-sdk-java/git/blobs{/sha}', 'git_tags_url': 'https://api.github.com/repos/microsoftgraph/msgraph-sdk-java/git/tags{/sha}', 'git_refs_url': 'https://api.github.com/repos/microsoftgraph/msgraph-sdk-java/git/refs{/sha}', 'trees_url': 'https://api.github.com/repos/microsoftgraph/msgraph-sdk-java/git/trees{/sha}', 'statuses_url': 'https://api.github.com/repos/microsoftgraph/msgraph-sdk-java/statuses/{sha}', 'languages_url': 'https://api.github.com/repos/microsoftgraph/msgraph-sdk-java/languages', 'stargazers_url': 'https://api.github.com/repos/microsoftgraph/msgraph-sdk-java/stargazers', 'contributors_url': 'https://api.github.com/repos/microsoftgraph/msgraph-sdk-java/contributors', 'subscribers_url': 'https://api.github.com/repos/microsoftgraph/msgraph-sdk-java/subscribers', 'subscription_url': 'https://api.github.com/repos/microsoftgraph/msgraph-sdk-java/subscription', 'commits_url': 'https://api.github.com/repos/microsoftgraph/msgraph-sdk-java/commits{/sha}', 'git_commits_url': 'https://api.github.com/repos/microsoftgraph/msgraph-sdk-java/git/commits{/sha}', 'comments_url': 'https://api.github.com/repos/microsoftgraph/msgraph-sdk-java/comments{/number}', 'issue_comment_url': 'https://api.github.com/repos/microsoftgraph/msgraph-sdk-java/issues/comments{/number}', 'contents_url': 'https://api.github.com/repos/microsoftgraph/msgraph-sdk-java/contents/{+path}', 'compare_url': 'https://api.github.com/repos/microsoftgraph/msgraph-sdk-java/compare/{base}...{head}', 'merges_url': 'https://api.github.com/repos/microsoftgraph/msgraph-sdk-java/merges', 'archive_url': 'https://api.github.com/repos/microsoftgraph/msgraph-sdk-java/{archive_format}{/ref}', 'downloads_url': 'https://api.github.com/repos/microsoftgraph/msgraph-sdk-java/downloads', 'issues_url': 'https://api.github.com/repos/microsoftgraph/msgraph-sdk-java/issues{/number}', 'pulls_url': 'https://api.github.com/repos/microsoftgraph/msgraph-sdk-java/pulls{/number}', 'milestones_url': 'https://api.github.com/repos/microsoftgraph/msgraph-sdk-java/milestones{/number}', 'notifications_url': 'https://api.github.com/repos/microsoftgraph/msgraph-sdk-java/notifications{?since,all,participating}', 'labels_url': 'https://api.github.com/repos/microsoftgraph/msgraph-sdk-java/labels{/name}', 'releases_url': 'https://api.github.com/repos/microsoftgraph/msgraph-sdk-java/releases{/id}', 'deployments_url': 'https://api.github.com/repos/microsoftgraph/msgraph-sdk-java/deployments', 'created_at': '2017-09-12T17:20:15Z', 'updated_at': '2022-03-30T14:36:25Z', 'pushed_at': '2022-04-05T18:33:18Z', 'git_url': 'git://github.com/microsoftgraph/msgraph-sdk-java.git', 'ssh_url': 'git@github.com:microsoftgraph/msgraph-sdk-java.git', 'clone_url': 'https://github.com/microsoftgraph/msgraph-sdk-java.git', 'svn_url': 'https://github.com/microsoftgraph/msgraph-sdk-java', 'homepage': 'https://docs.microsoft.com/en-us/graph/sdks/sdks-overview', 'size': 59013, 'stargazers_count': 244, 'watchers_count': 244, 'language': 'Java', 'has_issues': True, 'has_projects': True, 'has_downloads': True, 'has_wiki': False, 'has_pages': False, 'forks_count': 101, 'mirror_url': None, 'archived': False, 'disabled': False, 'open_issues_count': 5, 'license': {'key': 'mit', 'name': 'MIT License', 'spdx_id': 'MIT', 'url': 'https://api.github.com/licenses/mit', 'node_id': 'MDc6TGljZW5zZTEz'}, 'allow_forking': True, 'is_template': False, 'topics': ['java', 'microsoft-graph', 'microsoft-graph-sdk', 'sdk'], 'visibility': 'public', 'forks': 101, 'open_issues': 5, 'watchers': 244, 'default_branch': 'dev'}}, '_links': {'self': {'href': 'https://api.github.com/repos/microsoftgraph/msgraph-sdk-java/pulls/1038'}, 'html': {'href': 'https://github.com/microsoftgraph/msgraph-sdk-java/pull/1038'}, 'issue': {'href': 'https://api.github.com/repos/microsoftgraph/msgraph-sdk-java/issues/1038'}, 'comments': {'href': 'https://api.github.com/repos/microsoftgraph/msgraph-sdk-java/issues/1038/comments'}, 'review_comments': {'href': 'https://api.github.com/repos/microsoftgraph/msgraph-sdk-java/pulls/1038/comments'}, 'review_comment': {'href': 'https://api.github.com/repos/microsoftgraph/msgraph-sdk-java/pulls/comments{/number}'}, 'commits': {'href': 'https://api.github.com/repos/microsoftgraph/msgraph-sdk-java/pulls/1038/commits'}, 'statuses': {'href': 'https://api.github.com/repos/microsoftgraph/msgraph-sdk-java/statuses/5c281ce3467ae1bb00cb00c259d5207f0937e36e'}}, 'author_association': 'CONTRIBUTOR', 'auto_merge': {'enabled_by': {'login': 'ramsessanchez', 'id': 63934382, 'node_id': 'MDQ6VXNlcjYzOTM0Mzgy', 'avatar_url': 'https://avatars.githubusercontent.com/u/63934382?v=4', 'gravatar_id': '', 'url': 'https://api.github.com/users/ramsessanchez', 'html_url': 'https://github.com/ramsessanchez', 'followers_url': 'https://api.github.com/users/ramsessanchez/followers', 'following_url': 'https://api.github.com/users/ramsessanchez/following{/other_user}', 'gists_url': 'https://api.github.com/users/ramsessanchez/gists{/gist_id}', 'starred_url': 'https://api.github.com/users/ramsessanchez/starred{/owner}{/repo}', 'subscriptions_url': 'https://api.github.com/users/ramsessanchez/subscriptions', 'organizations_url': 'https://api.github.com/users/ramsessanchez/orgs', 'repos_url': 'https://api.github.com/users/ramsessanchez/repos', 'events_url': 'https://api.github.com/users/ramsessanchez/events{/privacy}', 'received_events_url': 'https://api.github.com/users/ramsessanchez/received_events', 'type': 'User', 'site_admin': False}, 'merge_method': 'merge', 'commit_title': 'Merge pull request #1038 from microsoftgraph/v1.0/pipelinebuild/71731', 'commit_message': 'Generated v1.0 models and request builders using Typewriter'}, 'active_lock_reason': None, 'merged': True, 'mergeable': None, 'rebaseable': None, 'mergeable_state': 'unknown', 'merged_by': {'login': 'ramsessanchez', 'id': 63934382, 'node_id': 'MDQ6VXNlcjYzOTM0Mzgy', 'avatar_url': 'https://avatars.githubusercontent.com/u/63934382?v=4', 'gravatar_id': '', 'url': 'https://api.github.com/users/ramsessanchez', 'html_url': 'https://github.com/ramsessanchez', 'followers_url': 'https://api.github.com/users/ramsessanchez/followers', 'following_url': 'https://api.github.com/users/ramsessanchez/following{/other_user}', 'gists_url': 'https://api.github.com/users/ramsessanchez/gists{/gist_id}', 'starred_url': 'https://api.github.com/users/ramsessanchez/starred{/owner}{/repo}', 'subscriptions_url': 'https://api.github.com/users/ramsessanchez/subscriptions', 'organizations_url': 'https://api.github.com/users/ramsessanchez/orgs', 'repos_url': 'https://api.github.com/users/ramsessanchez/repos', 'events_url': 'https://api.github.com/users/ramsessanchez/events{/privacy}', 'received_events_url': 'https://api.github.com/users/ramsessanchez/received_events', 'type': 'User', 'site_admin': False}, 'comments': 0, 'review_comments': 0, 'maintainer_can_modify': False, 'commits': 2, 'additions': 475, 'deletions': 72, 'changed_files': 27}}",closed,Java
21127437386,PushEvent,microsoftgraph/msgraph-sdk-java,0.0,2022-04-05T18:23:10Z,"{'push_id': 9545427674, 'size': 1, 'distinct_size': 1, 'ref': 'refs/heads/v1.0/pipelinebuild/71731', 'head': '5c281ce3467ae1bb00cb00c259d5207f0937e36e', 'before': '4b0d2e82c76d67f2f24805ee8a1be8cd70caf87b', 'commits': [{'sha': '5c281ce3467ae1bb00cb00c259d5207f0937e36e', 'author': {'email': '63934382+ramsessanchez@users.noreply.github.com', 'name': 'ramsessanchez'}, 'message': 'Update CHANGELOG.md', 'distinct': True, 'url': 'https://api.github.com/repos/microsoftgraph/msgraph-sdk-java/commits/5c281ce3467ae1bb00cb00c259d5207f0937e36e'}]}",,Java
21127304363,PushEvent,microsoftgraph/msgraph-sdk-java-core,0.0,2022-04-05T18:15:13Z,"{'push_id': 9545361461, 'size': 1, 'distinct_size': 1, 'ref': 'refs/heads/v3/telemetry', 'head': 'c82abbba1138d7d92db25d01940081fe19e6c560', 'before': '3600936ab428f15acacce40fd3f7623e37d47a43', 'commits': [{'sha': 'c82abbba1138d7d92db25d01940081fe19e6c560', 'author': {'email': 'ramses.sanchez99@gmail.com', 'name': 'ramsessanchez'}, 'message': 'Refactor changes', 'distinct': True, 'url': 'https://api.github.com/repos/microsoftgraph/msgraph-sdk-java-core/commits/c82abbba1138d7d92db25d01940081fe19e6c560'}]}",,Java
21126853578,PushEvent,microsoft/kiota,0.0,2022-04-05T17:48:15Z,"{'push_id': 9545140185, 'size': 2, 'distinct_size': 2, 'ref': 'refs/heads/rsh/java-core-migration', 'head': '007a2548730cf0fb9faa5a72099b4f0c625bfec0', 'before': 'b87119d1eccbc7360bc7e0cccb64af9b70ce5760', 'commits': [{'sha': 'cb3e1e799e275e7abd7358695bc61a03bc55a0db', 'author': {'email': 'ramses.sanchez99@gmail.com', 'name': 'ramsessanchez'}, 'message': 'remove Ilogger and LoggerLevel', 'distinct': True, 'url': 'https://api.github.com/repos/microsoft/kiota/commits/cb3e1e799e275e7abd7358695bc61a03bc55a0db'}, {'sha': '007a2548730cf0fb9faa5a72099b4f0c625bfec0', 'author': {'email': 'ramses.sanchez99@gmail.com', 'name': 'ramsessanchez'}, 'message': 'Ammend telemetryTest', 'distinct': True, 'url': 'https://api.github.com/repos/microsoft/kiota/commits/007a2548730cf0fb9faa5a72099b4f0c625bfec0'}]}",,C#
21126632033,PushEvent,microsoft/kiota,0.0,2022-04-05T17:35:06Z,"{'push_id': 9545031222, 'size': 1, 'distinct_size': 1, 'ref': 'refs/heads/rsh/java-core-migration', 'head': 'b87119d1eccbc7360bc7e0cccb64af9b70ce5760', 'before': 'aa5df0ac52b782ce101ec43da0a3114e7e8f9a7e', 'commits': [{'sha': 'b87119d1eccbc7360bc7e0cccb64af9b70ce5760', 'author': {'email': 'ramses.sanchez99@gmail.com', 'name': 'ramsessanchez'}, 'message': 'TelemetryHandler not part of defaults', 'distinct': True, 'url': 'https://api.github.com/repos/microsoft/kiota/commits/b87119d1eccbc7360bc7e0cccb64af9b70ce5760'}]}",,C#
21126596887,PullRequestReviewEvent,microsoft/kiota,0.0,2022-04-05T17:33:04Z,"{'action': 'created', 'review': {'id': 932274185, 'node_id': 'PRR_kwDOE0q91s43kWAJ', 'user': {'login': 'ramsessanchez', 'id': 63934382, 'node_id': 'MDQ6VXNlcjYzOTM0Mzgy', 'avatar_url': 'https://avatars.githubusercontent.com/u/63934382?v=4', 'gravatar_id': '', 'url': 'https://api.github.com/users/ramsessanchez', 'html_url': 'https://github.com/ramsessanchez', 'followers_url': 'https://api.github.com/users/ramsessanchez/followers', 'following_url': 'https://api.github.com/users/ramsessanchez/following{/other_user}', 'gists_url': 'https://api.github.com/users/ramsessanchez/gists{/gist_id}', 'starred_url': 'https://api.github.com/users/ramsessanchez/starred{/owner}{/repo}', 'subscriptions_url': 'https://api.github.com/users/ramsessanchez/subscriptions', 'organizations_url': 'https://api.github.com/users/ramsessanchez/orgs', 'repos_url': 'https://api.github.com/users/ramsessanchez/repos', 'events_url': 'https://api.github.com/users/ramsessanchez/events{/privacy}', 'received_events_url': 'https://api.github.com/users/ramsessanchez/received_events', 'type': 'User', 'site_admin': False}, 'body': None, 'commit_id': '89038b3ba190e51505eb147c75387f2ae1f78c2f', 'submitted_at': '2022-04-05T17:33:03Z', 'state': 'commented', 'html_url': 'https://github.com/microsoft/kiota/pull/1477#pullrequestreview-932274185', 'pull_request_url': 'https://api.github.com/repos/microsoft/kiota/pulls/1477', 'author_association': 'CONTRIBUTOR', '_links': {'html': {'href': 'https://github.com/microsoft/kiota/pull/1477#pullrequestreview-932274185'}, 'pull_request': {'href': 'https://api.github.com/repos/microsoft/kiota/pulls/1477'}}}, 'pull_request': {'url': 'https://api.github.com/repos/microsoft/kiota/pulls/1477', 'id': 896162193, 'node_id': 'PR_kwDOE0q91s41almR', 'html_url': 'https://github.com/microsoft/kiota/pull/1477', 'diff_url': 'https://github.com/microsoft/kiota/pull/1477.diff', 'patch_url': 'https://github.com/microsoft/kiota/pull/1477.patch', 'issue_url': 'https://api.github.com/repos/microsoft/kiota/issues/1477', 'number': 1477, 'state': 'open', 'locked': False, 'title': 'initial middleware implementations', 'user': {'login': 'ramsessanchez', 'id': 63934382, 'node_id': 'MDQ6VXNlcjYzOTM0Mzgy', 'avatar_url': 'https://avatars.githubusercontent.com/u/63934382?v=4', 'gravatar_id': '', 'url': 'https://api.github.com/users/ramsessanchez', 'html_url': 'https://github.com/ramsessanchez', 'followers_url': 'https://api.github.com/users/ramsessanchez/followers', 'following_url': 'https://api.github.com/users/ramsessanchez/following{/other_user}', 'gists_url': 'https://api.github.com/users/ramsessanchez/gists{/gist_id}', 'starred_url': 'https://api.github.com/users/ramsessanchez/starred{/owner}{/repo}', 'subscriptions_url': 'https://api.github.com/users/ramsessanchez/subscriptions', 'organizations_url': 'https://api.github.com/users/ramsessanchez/orgs', 'repos_url': 'https://api.github.com/users/ramsessanchez/repos', 'events_url': 'https://api.github.com/users/ramsessanchez/events{/privacy}', 'received_events_url': 'https://api.github.com/users/ramsessanchez/received_events', 'type': 'User', 'site_admin': False}, 'body': 'Adding retry, redirect, and telemetry handlers along with tests for these middlewares. \r\n\r\nfixes #1482, #1481, #1480', 'created_at': '2022-03-31T17:23:19Z', 'updated_at': '2022-04-05T17:33:03Z', 'closed_at': None, 'merged_at': None, 'merge_commit_sha': '51d0cbe8e0f39b6cc4c009a0b589478f4277f77f', 'assignee': {'login': 'ramsessanchez', 'id': 63934382, 'node_id': 'MDQ6VXNlcjYzOTM0Mzgy', 'avatar_url': 'https://avatars.githubusercontent.com/u/63934382?v=4', 'gravatar_id': '', 'url': 'https://api.github.com/users/ramsessanchez', 'html_url': 'https://github.com/ramsessanchez', 'followers_url': 'https://api.github.com/users/ramsessanchez/followers', 'following_url': 'https://api.github.com/users/ramsessanchez/following{/other_user}', 'gists_url': 'https://api.github.com/users/ramsessanchez/gists{/gist_id}', 'starred_url': 'https://api.github.com/users/ramsessanchez/starred{/owner}{/repo}', 'subscriptions_url': 'https://api.github.com/users/ramsessanchez/subscriptions', 'organizations_url': 'https://api.github.com/users/ramsessanchez/orgs', 'repos_url': 'https://api.github.com/users/ramsessanchez/repos', 'events_url': 'https://api.github.com/users/ramsessanchez/events{/privacy}', 'received_events_url': 'https://api.github.com/users/ramsessanchez/received_events', 'type': 'User', 'site_admin': False}, 'assignees': [{'login': 'ramsessanchez', 'id': 63934382, 'node_id': 'MDQ6VXNlcjYzOTM0Mzgy', 'avatar_url': 'https://avatars.githubusercontent.com/u/63934382?v=4', 'gravatar_id': '', 'url': 'https://api.github.com/users/ramsessanchez', 'html_url': 'https://github.com/ramsessanchez', 'followers_url': 'https://api.github.com/users/ramsessanchez/followers', 'following_url': 'https://api.github.com/users/ramsessanchez/following{/other_user}', 'gists_url': 'https://api.github.com/users/ramsessanchez/gists{/gist_id}', 'starred_url': 'https://api.github.com/users/ramsessanchez/starred{/owner}{/repo}', 'subscriptions_url': 'https://api.github.com/users/ramsessanchez/subscriptions', 'organizations_url': 'https://api.github.com/users/ramsessanchez/orgs', 'repos_url': 'https://api.github.com/users/ramsessanchez/repos', 'events_url': 'https://api.github.com/users/ramsessanchez/events{/privacy}', 'received_events_url': 'https://api.github.com/users/ramsessanchez/received_events', 'type': 'User', 'site_admin': False}], 'requested_reviewers': [{'login': 'darrelmiller', 'id': 447694, 'node_id': 'MDQ6VXNlcjQ0NzY5NA==', 'avatar_url': 'https://avatars.githubusercontent.com/u/447694?v=4', 'gravatar_id': '', 'url': 'https://api.github.com/users/darrelmiller', 'html_url': 'https://github.com/darrelmiller', 'followers_url': 'https://api.github.com/users/darrelmiller/followers', 'following_url': 'https://api.github.com/users/darrelmiller/following{/other_user}', 'gists_url': 'https://api.github.com/users/darrelmiller/gists{/gist_id}', 'starred_url': 'https://api.github.com/users/darrelmiller/starred{/owner}{/repo}', 'subscriptions_url': 'https://api.github.com/users/darrelmiller/subscriptions', 'organizations_url': 'https://api.github.com/users/darrelmiller/orgs', 'repos_url': 'https://api.github.com/users/darrelmiller/repos', 'events_url': 'https://api.github.com/users/darrelmiller/events{/privacy}', 'received_events_url': 'https://api.github.com/users/darrelmiller/received_events', 'type': 'User', 'site_admin': False}, {'login': 'calebkiage', 'id': 747955, 'node_id': 'MDQ6VXNlcjc0Nzk1NQ==', 'avatar_url': 'https://avatars.githubusercontent.com/u/747955?v=4', 'gravatar_id': '', 'url': 'https://api.github.com/users/calebkiage', 'html_url': 'https://github.com/calebkiage', 'followers_url': 'https://api.github.com/users/calebkiage/followers', 'following_url': 'https://api.github.com/users/calebkiage/following{/other_user}', 'gists_url': 'https://api.github.com/users/calebkiage/gists{/gist_id}', 'starred_url': 'https://api.github.com/users/calebkiage/starred{/owner}{/repo}', 'subscriptions_url': 'https://api.github.com/users/calebkiage/subscriptions', 'organizations_url': 'https://api.github.com/users/calebkiage/orgs', 'repos_url': 'https://api.github.com/users/calebkiage/repos', 'events_url': 'https://api.github.com/users/calebkiage/events{/privacy}', 'received_events_url': 'https://api.github.com/users/calebkiage/received_events', 'type': 'User', 'site_admin': False}, {'login': 'zengin', 'id': 803311, 'node_id': 'MDQ6VXNlcjgwMzMxMQ==', 'avatar_url': 'https://avatars.githubusercontent.com/u/803311?v=4', 'gravatar_id': '', 'url': 'https://api.github.com/users/zengin', 'html_url': 'https://github.com/zengin', 'followers_url': 'https://api.github.com/users/zengin/followers', 'following_url': 'https://api.github.com/users/zengin/following{/other_user}', 'gists_url': 'https://api.github.com/users/zengin/gists{/gist_id}', 'starred_url': 'https://api.github.com/users/zengin/starred{/owner}{/repo}', 'subscriptions_url': 'https://api.github.com/users/zengin/subscriptions', 'organizations_url': 'https://api.github.com/users/zengin/orgs', 'repos_url': 'https://api.github.com/users/zengin/repos', 'events_url': 'https://api.github.com/users/zengin/events{/privacy}', 'received_events_url': 'https://api.github.com/users/zengin/received_events', 'type': 'User', 'site_admin': False}, {'login': 'andrueastman', 'id': 6464005, 'node_id': 'MDQ6VXNlcjY0NjQwMDU=', 'avatar_url': 'https://avatars.githubusercontent.com/u/6464005?v=4', 'gravatar_id': '', 'url': 'https://api.github.com/users/andrueastman', 'html_url': 'https://github.com/andrueastman', 'followers_url': 'https://api.github.com/users/andrueastman/followers', 'following_url': 'https://api.github.com/users/andrueastman/following{/other_user}', 'gists_url': 'https://api.github.com/users/andrueastman/gists{/gist_id}', 'starred_url': 'https://api.github.com/users/andrueastman/starred{/owner}{/repo}', 'subscriptions_url': 'https://api.github.com/users/andrueastman/subscriptions', 'organizations_url': 'https://api.github.com/users/andrueastman/orgs', 'repos_url': 'https://api.github.com/users/andrueastman/repos', 'events_url': 'https://api.github.com/users/andrueastman/events{/privacy}', 'received_events_url': 'https://api.github.com/users/andrueastman/received_events', 'type': 'User', 'site_admin': False}, {'login': 'peombwa', 'id': 7061532, 'node_id': 'MDQ6VXNlcjcwNjE1MzI=', 'avatar_url': 'https://avatars.githubusercontent.com/u/7061532?v=4', 'gravatar_id': '', 'url': 'https://api.github.com/users/peombwa', 'html_url': 'https://github.com/peombwa', 'followers_url': 'https://api.github.com/users/peombwa/followers', 'following_url': 'https://api.github.com/users/peombwa/following{/other_user}', 'gists_url': 'https://api.github.com/users/peombwa/gists{/gist_id}', 'starred_url': 'https://api.github.com/users/peombwa/starred{/owner}{/repo}', 'subscriptions_url': 'https://api.github.com/users/peombwa/subscriptions', 'organizations_url': 'https://api.github.com/users/peombwa/orgs', 'repos_url': 'https://api.github.com/users/peombwa/repos', 'events_url': 'https://api.github.com/users/peombwa/events{/privacy}', 'received_events_url': 'https://api.github.com/users/peombwa/received_events', 'type': 'User', 'site_admin': False}, {'login': 'MIchaelMainer', 'id': 8527305, 'node_id': 'MDQ6VXNlcjg1MjczMDU=', 'avatar_url': 'https://avatars.githubusercontent.com/u/8527305?v=4', 'gravatar_id': '', 'url': 'https://api.github.com/users/MIchaelMainer', 'html_url': 'https://github.com/MIchaelMainer', 'followers_url': 'https://api.github.com/users/MIchaelMainer/followers', 'following_url': 'https://api.github.com/users/MIchaelMainer/following{/other_user}', 'gists_url': 'https://api.github.com/users/MIchaelMainer/gists{/gist_id}', 'starred_url': 'https://api.github.com/users/MIchaelMainer/starred{/owner}{/repo}', 'subscriptions_url': 'https://api.github.com/users/MIchaelMainer/subscriptions', 'organizations_url': 'https://api.github.com/users/MIchaelMainer/orgs', 'repos_url': 'https://api.github.com/users/MIchaelMainer/repos', 'events_url': 'https://api.github.com/users/MIchaelMainer/events{/privacy}', 'received_events_url': 'https://api.github.com/users/MIchaelMainer/received_events', 'type': 'User', 'site_admin': False}, {'login': 'ddyett', 'id': 20829981, 'node_id': 'MDQ6VXNlcjIwODI5OTgx', 'avatar_url': 'https://avatars.githubusercontent.com/u/20829981?v=4', 'gravatar_id': '', 'url': 'https://api.github.com/users/ddyett', 'html_url': 'https://github.com/ddyett', 'followers_url': 'https://api.github.com/users/ddyett/followers', 'following_url': 'https://api.github.com/users/ddyett/following{/other_user}', 'gists_url': 'https://api.github.com/users/ddyett/gists{/gist_id}', 'starred_url': 'https://api.github.com/users/ddyett/starred{/owner}{/repo}', 'subscriptions_url': 'https://api.github.com/users/ddyett/subscriptions', 'organizations_url': 'https://api.github.com/users/ddyett/orgs', 'repos_url': 'https://api.github.com/users/ddyett/repos', 'events_url': 'https://api.github.com/users/ddyett/events{/privacy}', 'received_events_url': 'https://api.github.com/users/ddyett/received_events', 'type': 'User', 'site_admin': False}, {'login': 'nikithauc', 'id': 23219007, 'node_id': 'MDQ6VXNlcjIzMjE5MDA3', 'avatar_url': 'https://avatars.githubusercontent.com/u/23219007?v=4', 'gravatar_id': '', 'url': 'https://api.github.com/users/nikithauc', 'html_url': 'https://github.com/nikithauc', 'followers_url': 'https://api.github.com/users/nikithauc/followers', 'following_url': 'https://api.github.com/users/nikithauc/following{/other_user}', 'gists_url': 'https://api.github.com/users/nikithauc/gists{/gist_id}', 'starred_url': 'https://api.github.com/users/nikithauc/starred{/owner}{/repo}', 'subscriptions_url': 'https://api.github.com/users/nikithauc/subscriptions', 'organizations_url': 'https://api.github.com/users/nikithauc/orgs', 'repos_url': 'https://api.github.com/users/nikithauc/repos', 'events_url': 'https://api.github.com/users/nikithauc/events{/privacy}', 'received_events_url': 'https://api.github.com/users/nikithauc/received_events', 'type': 'User', 'site_admin': False}], 'requested_teams': [], 'labels': [{'id': 3016752852, 'node_id': 'MDU6TGFiZWwzMDE2NzUyODUy', 'url': 'https://api.github.com/repos/microsoft/kiota/labels/Java', 'name': 'Java', 'color': 'B60205', 'default': False, 'description': ''}], 'milestone': {'url': 'https://api.github.com/repos/microsoft/kiota/milestones/8', 'html_url': 'https://github.com/microsoft/kiota/milestone/8', 'labels_url': 'https://api.github.com/repos/microsoft/kiota/milestones/8/labels', 'id': 7163004, 'node_id': 'MI_kwDOE0q91s4AbUx8', 'number': 8, 'title': 'Complete Graph API Surface support', 'description': 'Kiota is able to solve for the limitations previously posed by TypeWriter and listed out in raptor', 'creator': {'login': 'darrelmiller', 'id': 447694, 'node_id': 'MDQ6VXNlcjQ0NzY5NA==', 'avatar_url': 'https://avatars.githubusercontent.com/u/447694?v=4', 'gravatar_id': '', 'url': 'https://api.github.com/users/darrelmiller', 'html_url': 'https://github.com/darrelmiller', 'followers_url': 'https://api.github.com/users/darrelmiller/followers', 'following_url': 'https://api.github.com/users/darrelmiller/following{/other_user}', 'gists_url': 'https://api.github.com/users/darrelmiller/gists{/gist_id}', 'starred_url': 'https://api.github.com/users/darrelmiller/starred{/owner}{/repo}', 'subscriptions_url': 'https://api.github.com/users/darrelmiller/subscriptions', 'organizations_url': 'https://api.github.com/users/darrelmiller/orgs', 'repos_url': 'https://api.github.com/users/darrelmiller/repos', 'events_url': 'https://api.github.com/users/darrelmiller/events{/privacy}', 'received_events_url': 'https://api.github.com/users/darrelmiller/received_events', 'type': 'User', 'site_admin': False}, 'open_issues': 75, 'closed_issues': 8, 'state': 'open', 'created_at': '2021-09-17T16:06:22Z', 'updated_at': '2022-04-05T11:44:51Z', 'due_on': '2022-05-01T07:00:00Z', 'closed_at': None}, 'draft': False, 'commits_url': 'https://api.github.com/repos/microsoft/kiota/pulls/1477/commits', 'review_comments_url': 'https://api.github.com/repos/microsoft/kiota/pulls/1477/comments', 'review_comment_url': 'https://api.github.com/repos/microsoft/kiota/pulls/comments{/number}', 'comments_url': 'https://api.github.com/repos/microsoft/kiota/issues/1477/comments', 'statuses_url': 'https://api.github.com/repos/microsoft/kiota/statuses/aa5df0ac52b782ce101ec43da0a3114e7e8f9a7e', 'head': {'label': 'microsoft:rsh/java-core-migration', 'ref': 'rsh/java-core-migration', 'sha': 'aa5df0ac52b782ce101ec43da0a3114e7e8f9a7e', 'user': {'login': 'microsoft', 'id': 6154722, 'node_id': 'MDEyOk9yZ2FuaXphdGlvbjYxNTQ3MjI=', 'avatar_url': 'https://avatars.githubusercontent.com/u/6154722?v=4', 'gravatar_id': '', 'url': 'https://api.github.com/users/microsoft', 'html_url': 'https://github.com/microsoft', 'followers_url': 'https://api.github.com/users/microsoft/followers', 'following_url': 'https://api.github.com/users/microsoft/following{/other_user}', 'gists_url': 'https://api.github.com/users/microsoft/gists{/gist_id}', 'starred_url': 'https://api.github.com/users/microsoft/starred{/owner}{/repo}', 'subscriptions_url': 'https://api.github.com/users/microsoft/subscriptions', 'organizations_url': 'https://api.github.com/users/microsoft/orgs', 'repos_url': 'https://api.github.com/users/microsoft/repos', 'events_url': 'https://api.github.com/users/microsoft/events{/privacy}', 'received_events_url': 'https://api.github.com/users/microsoft/received_events', 'type': 'Organization', 'site_admin': False}, 'repo': {'id': 323665366, 'node_id': 'MDEwOlJlcG9zaXRvcnkzMjM2NjUzNjY=', 'name': 'kiota', 'full_name': 'microsoft/kiota', 'private': False, 'owner': {'login': 'microsoft', 'id': 6154722, 'node_id': 'MDEyOk9yZ2FuaXphdGlvbjYxNTQ3MjI=', 'avatar_url': 'https://avatars.githubusercontent.com/u/6154722?v=4', 'gravatar_id': '', 'url': 'https://api.github.com/users/microsoft', 'html_url': 'https://github.com/microsoft', 'followers_url': 'https://api.github.com/users/microsoft/followers', 'following_url': 'https://api.github.com/users/microsoft/following{/other_user}', 'gists_url': 'https://api.github.com/users/microsoft/gists{/gist_id}', 'starred_url': 'https://api.github.com/users/microsoft/starred{/owner}{/repo}', 'subscriptions_url': 'https://api.github.com/users/microsoft/subscriptions', 'organizations_url': 'https://api.github.com/users/microsoft/orgs', 'repos_url': 'https://api.github.com/users/microsoft/repos', 'events_url': 'https://api.github.com/users/microsoft/events{/privacy}', 'received_events_url': 'https://api.github.com/users/microsoft/received_events', 'type': 'Organization', 'site_admin': False}, 'html_url': 'https://github.com/microsoft/kiota', 'description': 'OpenAPI based HTTP Client SDK code generator', 'fork': False, 'url': 'https://api.github.com/repos/microsoft/kiota', 'forks_url': 'https://api.github.com/repos/microsoft/kiota/forks', 'keys_url': 'https://api.github.com/repos/microsoft/kiota/keys{/key_id}', 'collaborators_url': 'https://api.github.com/repos/microsoft/kiota/collaborators{/collaborator}', 'teams_url': 'https://api.github.com/repos/microsoft/kiota/teams', 'hooks_url': 'https://api.github.com/repos/microsoft/kiota/hooks', 'issue_events_url': 'https://api.github.com/repos/microsoft/kiota/issues/events{/number}', 'events_url': 'https://api.github.com/repos/microsoft/kiota/events', 'assignees_url': 'https://api.github.com/repos/microsoft/kiota/assignees{/user}', 'branches_url': 'https://api.github.com/repos/microsoft/kiota/branches{/branch}', 'tags_url': 'https://api.github.com/repos/microsoft/kiota/tags', 'blobs_url': 'https://api.github.com/repos/microsoft/kiota/git/blobs{/sha}', 'git_tags_url': 'https://api.github.com/repos/microsoft/kiota/git/tags{/sha}', 'git_refs_url': 'https://api.github.com/repos/microsoft/kiota/git/refs{/sha}', 'trees_url': 'https://api.github.com/repos/microsoft/kiota/git/trees{/sha}', 'statuses_url': 'https://api.github.com/repos/microsoft/kiota/statuses/{sha}', 'languages_url': 'https://api.github.com/repos/microsoft/kiota/languages', 'stargazers_url': 'https://api.github.com/repos/microsoft/kiota/stargazers', 'contributors_url': 'https://api.github.com/repos/microsoft/kiota/contributors', 'subscribers_url': 'https://api.github.com/repos/microsoft/kiota/subscribers', 'subscription_url': 'https://api.github.com/repos/microsoft/kiota/subscription', 'commits_url': 'https://api.github.com/repos/microsoft/kiota/commits{/sha}', 'git_commits_url': 'https://api.github.com/repos/microsoft/kiota/git/commits{/sha}', 'comments_url': 'https://api.github.com/repos/microsoft/kiota/comments{/number}', 'issue_comment_url': 'https://api.github.com/repos/microsoft/kiota/issues/comments{/number}', 'contents_url': 'https://api.github.com/repos/microsoft/kiota/contents/{+path}', 'compare_url': 'https://api.github.com/repos/microsoft/kiota/compare/{base}...{head}', 'merges_url': 'https://api.github.com/repos/microsoft/kiota/merges', 'archive_url': 'https://api.github.com/repos/microsoft/kiota/{archive_format}{/ref}', 'downloads_url': 'https://api.github.com/repos/microsoft/kiota/downloads', 'issues_url': 'https://api.github.com/repos/microsoft/kiota/issues{/number}', 'pulls_url': 'https://api.github.com/repos/microsoft/kiota/pulls{/number}', 'milestones_url': 'https://api.github.com/repos/microsoft/kiota/milestones{/number}', 'notifications_url': 'https://api.github.com/repos/microsoft/kiota/notifications{?since,all,participating}', 'labels_url': 'https://api.github.com/repos/microsoft/kiota/labels{/name}', 'releases_url': 'https://api.github.com/repos/microsoft/kiota/releases{/id}', 'deployments_url': 'https://api.github.com/repos/microsoft/kiota/deployments', 'created_at': '2020-12-22T15:35:49Z', 'updated_at': '2022-04-05T15:22:08Z', 'pushed_at': '2022-04-05T12:00:13Z', 'git_url': 'git://github.com/microsoft/kiota.git', 'ssh_url': 'git@github.com:microsoft/kiota.git', 'clone_url': 'https://github.com/microsoft/kiota.git', 'svn_url': 'https://github.com/microsoft/kiota', 'homepage': 'https://microsoft.github.io/kiota', 'size': 8800, 'stargazers_count': 131, 'watchers_count': 131, 'language': 'C#', 'has_issues': True, 'has_projects': True, 'has_downloads': True, 'has_wiki': False, 'has_pages': True, 'forks_count': 20, 'mirror_url': None, 'archived': False, 'disabled': False, 'open_issues_count': 93, 'license': {'key': 'mit', 'name': 'MIT License', 'spdx_id': 'MIT', 'url': 'https://api.github.com/licenses/mit', 'node_id': 'MDc6TGljZW5zZTEz'}, 'allow_forking': True, 'is_template': False, 'topics': ['api', 'csharp', 'dotnet', 'golang', 'hacktoberfest', 'http', 'java', 'openapi', 'php', 'ruby', 'typescript'], 'visibility': 'public', 'forks': 20, 'open_issues': 93, 'watchers': 131, 'default_branch': 'main'}}, 'base': {'label': 'microsoft:main', 'ref': 'main', 'sha': '36f20bff43ddf7146ba0fbdd7a4ac0c0ecc49143', 'user': {'login': 'microsoft', 'id': 6154722, 'node_id': 'MDEyOk9yZ2FuaXphdGlvbjYxNTQ3MjI=', 'avatar_url': 'https://avatars.githubusercontent.com/u/6154722?v=4', 'gravatar_id': '', 'url': 'https://api.github.com/users/microsoft', 'html_url': 'https://github.com/microsoft', 'followers_url': 'https://api.github.com/users/microsoft/followers', 'following_url': 'https://api.github.com/users/microsoft/following{/other_user}', 'gists_url': 'https://api.github.com/users/microsoft/gists{/gist_id}', 'starred_url': 'https://api.github.com/users/microsoft/starred{/owner}{/repo}', 'subscriptions_url': 'https://api.github.com/users/microsoft/subscriptions', 'organizations_url': 'https://api.github.com/users/microsoft/orgs', 'repos_url': 'https://api.github.com/users/microsoft/repos', 'events_url': 'https://api.github.com/users/microsoft/events{/privacy}', 'received_events_url': 'https://api.github.com/users/microsoft/received_events', 'type': 'Organization', 'site_admin': False}, 'repo': {'id': 323665366, 'node_id': 'MDEwOlJlcG9zaXRvcnkzMjM2NjUzNjY=', 'name': 'kiota', 'full_name': 'microsoft/kiota', 'private': False, 'owner': {'login': 'microsoft', 'id': 6154722, 'node_id': 'MDEyOk9yZ2FuaXphdGlvbjYxNTQ3MjI=', 'avatar_url': 'https://avatars.githubusercontent.com/u/6154722?v=4', 'gravatar_id': '', 'url': 'https://api.github.com/users/microsoft', 'html_url': 'https://github.com/microsoft', 'followers_url': 'https://api.github.com/users/microsoft/followers', 'following_url': 'https://api.github.com/users/microsoft/following{/other_user}', 'gists_url': 'https://api.github.com/users/microsoft/gists{/gist_id}', 'starred_url': 'https://api.github.com/users/microsoft/starred{/owner}{/repo}', 'subscriptions_url': 'https://api.github.com/users/microsoft/subscriptions', 'organizations_url': 'https://api.github.com/users/microsoft/orgs', 'repos_url': 'https://api.github.com/users/microsoft/repos', 'events_url': 'https://api.github.com/users/microsoft/events{/privacy}', 'received_events_url': 'https://api.github.com/users/microsoft/received_events', 'type': 'Organization', 'site_admin': False}, 'html_url': 'https://github.com/microsoft/kiota', 'description': 'OpenAPI based HTTP Client SDK code generator', 'fork': False, 'url': 'https://api.github.com/repos/microsoft/kiota', 'forks_url': 'https://api.github.com/repos/microsoft/kiota/forks', 'keys_url': 'https://api.github.com/repos/microsoft/kiota/keys{/key_id}', 'collaborators_url': 'https://api.github.com/repos/microsoft/kiota/collaborators{/collaborator}', 'teams_url': 'https://api.github.com/repos/microsoft/kiota/teams', 'hooks_url': 'https://api.github.com/repos/microsoft/kiota/hooks', 'issue_events_url': 'https://api.github.com/repos/microsoft/kiota/issues/events{/number}', 'events_url': 'https://api.github.com/repos/microsoft/kiota/events', 'assignees_url': 'https://api.github.com/repos/microsoft/kiota/assignees{/user}', 'branches_url': 'https://api.github.com/repos/microsoft/kiota/branches{/branch}', 'tags_url': 'https://api.github.com/repos/microsoft/kiota/tags', 'blobs_url': 'https://api.github.com/repos/microsoft/kiota/git/blobs{/sha}', 'git_tags_url': 'https://api.github.com/repos/microsoft/kiota/git/tags{/sha}', 'git_refs_url': 'https://api.github.com/repos/microsoft/kiota/git/refs{/sha}', 'trees_url': 'https://api.github.com/repos/microsoft/kiota/git/trees{/sha}', 'statuses_url': 'https://api.github.com/repos/microsoft/kiota/statuses/{sha}', 'languages_url': 'https://api.github.com/repos/microsoft/kiota/languages', 'stargazers_url': 'https://api.github.com/repos/microsoft/kiota/stargazers', 'contributors_url': 'https://api.github.com/repos/microsoft/kiota/contributors', 'subscribers_url': 'https://api.github.com/repos/microsoft/kiota/subscribers', 'subscription_url': 'https://api.github.com/repos/microsoft/kiota/subscription', 'commits_url': 'https://api.github.com/repos/microsoft/kiota/commits{/sha}', 'git_commits_url': 'https://api.github.com/repos/microsoft/kiota/git/commits{/sha}', 'comments_url': 'https://api.github.com/repos/microsoft/kiota/comments{/number}', 'issue_comment_url': 'https://api.github.com/repos/microsoft/kiota/issues/comments{/number}', 'contents_url': 'https://api.github.com/repos/microsoft/kiota/contents/{+path}', 'compare_url': 'https://api.github.com/repos/microsoft/kiota/compare/{base}...{head}', 'merges_url': 'https://api.github.com/repos/microsoft/kiota/merges', 'archive_url': 'https://api.github.com/repos/microsoft/kiota/{archive_format}{/ref}', 'downloads_url': 'https://api.github.com/repos/microsoft/kiota/downloads', 'issues_url': 'https://api.github.com/repos/microsoft/kiota/issues{/number}', 'pulls_url': 'https://api.github.com/repos/microsoft/kiota/pulls{/number}', 'milestones_url': 'https://api.github.com/repos/microsoft/kiota/milestones{/number}', 'notifications_url': 'https://api.github.com/repos/microsoft/kiota/notifications{?since,all,participating}', 'labels_url': 'https://api.github.com/repos/microsoft/kiota/labels{/name}', 'releases_url': 'https://api.github.com/repos/microsoft/kiota/releases{/id}', 'deployments_url': 'https://api.github.com/repos/microsoft/kiota/deployments', 'created_at': '2020-12-22T15:35:49Z', 'updated_at': '2022-04-05T15:22:08Z', 'pushed_at': '2022-04-05T12:00:13Z', 'git_url': 'git://github.com/microsoft/kiota.git', 'ssh_url': 'git@github.com:microsoft/kiota.git', 'clone_url': 'https://github.com/microsoft/kiota.git', 'svn_url': 'https://github.com/microsoft/kiota', 'homepage': 'https://microsoft.github.io/kiota', 'size': 8800, 'stargazers_count': 131, 'watchers_count': 131, 'language': 'C#', 'has_issues': True, 'has_projects': True, 'has_downloads': True, 'has_wiki': False, 'has_pages': True, 'forks_count': 20, 'mirror_url': None, 'archived': False, 'disabled': False, 'open_issues_count': 93, 'license': {'key': 'mit', 'name': 'MIT License', 'spdx_id': 'MIT', 'url': 'https://api.github.com/licenses/mit', 'node_id': 'MDc6TGljZW5zZTEz'}, 'allow_forking': True, 'is_template': False, 'topics': ['api', 'csharp', 'dotnet', 'golang', 'hacktoberfest', 'http', 'java', 'openapi', 'php', 'ruby', 'typescript'], 'visibility': 'public', 'forks': 20, 'open_issues': 93, 'watchers': 131, 'default_branch': 'main'}}, '_links': {'self': {'href': 'https://api.github.com/repos/microsoft/kiota/pulls/1477'}, 'html': {'href': 'https://github.com/microsoft/kiota/pull/1477'}, 'issue': {'href': 'https://api.github.com/repos/microsoft/kiota/issues/1477'}, 'comments': {'href': 'https://api.github.com/repos/microsoft/kiota/issues/1477/comments'}, 'review_comments': {'href': 'https://api.github.com/repos/microsoft/kiota/pulls/1477/comments'}, 'review_comment': {'href': 'https://api.github.com/repos/microsoft/kiota/pulls/comments{/number}'}, 'commits': {'href': 'https://api.github.com/repos/microsoft/kiota/pulls/1477/commits'}, 'statuses': {'href': 'https://api.github.com/repos/microsoft/kiota/statuses/aa5df0ac52b782ce101ec43da0a3114e7e8f9a7e'}}, 'author_association': 'CONTRIBUTOR', 'auto_merge': None, 'active_lock_reason': None}}",created,C#
21126596950,PullRequestReviewCommentEvent,microsoft/kiota,0.0,2022-04-05T17:33:03Z,"{'action': 'created', 'comment': {'url': 'https://api.github.com/repos/microsoft/kiota/pulls/comments/843093775', 'pull_request_review_id': 932274185, 'id': 843093775, 'node_id': 'PRRC_kwDOE0q91s4yQJcP', 'diff_hunk': '@@ -0,0 +1,100 @@\n+package com.microsoft.kiota.http.middleware.options;\n+\n+import java.util.Objects;\n+import java.util.UUID;\n+import java.lang.reflect.Field;\n+\n+import javax.annotation.Nonnull;\n+\n+public class TelemetryUtilities {\n+    \n+    /**\n+     * The Client Request ID for use\n+     */\n+    private String clientRequestId;\n+    /**\n+     * Current SDK version\n+     */\n+    public static final String VERSION = """"; //Set This Upon Release', 'path': 'http/java/okhttp/lib/src/main/java/com/microsoft/kiota/http/middleware/options/TelemetryUtilities.java', 'position': 18, 'original_position': 18, 'commit_id': 'aa5df0ac52b782ce101ec43da0a3114e7e8f9a7e', 'original_commit_id': '89038b3ba190e51505eb147c75387f2ae1f78c2f', 'user': {'login': 'ramsessanchez', 'id': 63934382, 'node_id': 'MDQ6VXNlcjYzOTM0Mzgy', 'avatar_url': 'https://avatars.githubusercontent.com/u/63934382?v=4', 'gravatar_id': '', 'url': 'https://api.github.com/users/ramsessanchez', 'html_url': 'https://github.com/ramsessanchez', 'followers_url': 'https://api.github.com/users/ramsessanchez/followers', 'following_url': 'https://api.github.com/users/ramsessanchez/following{/other_user}', 'gists_url': 'https://api.github.com/users/ramsessanchez/gists{/gist_id}', 'starred_url': 'https://api.github.com/users/ramsessanchez/starred{/owner}{/repo}', 'subscriptions_url': 'https://api.github.com/users/ramsessanchez/subscriptions', 'organizations_url': 'https://api.github.com/users/ramsessanchez/orgs', 'repos_url': 'https://api.github.com/users/ramsessanchez/repos', 'events_url': 'https://api.github.com/users/ramsessanchez/events{/privacy}', 'received_events_url': 'https://api.github.com/users/ramsessanchez/received_events', 'type': 'User', 'site_admin': False}, 'body': ""I'll move this back to core, TelemetryHandlerOption.java and TelemetryHandler.java will stay. "", 'created_at': '2022-04-05T17:33:03Z', 'updated_at': '2022-04-05T17:33:04Z', 'html_url': 'https://github.com/microsoft/kiota/pull/1477#discussion_r843093775', 'pull_request_url': 'https://api.github.com/repos/microsoft/kiota/pulls/1477', 'author_association': 'CONTRIBUTOR', '_links': {'self': {'href': 'https://api.github.com/repos/microsoft/kiota/pulls/comments/843093775'}, 'html': {'href': 'https://github.com/microsoft/kiota/pull/1477#discussion_r843093775'}, 'pull_request': {'href': 'https://api.github.com/repos/microsoft/kiota/pulls/1477'}}, 'reactions': {'url': 'https://api.github.com/repos/microsoft/kiota/pulls/comments/843093775/reactions', 'total_count': 0, '+1': 0, '-1': 0, 'laugh': 0, 'hooray': 0, 'confused': 0, 'heart': 0, 'rocket': 0, 'eyes': 0}, 'start_line': None, 'original_start_line': None, 'start_side': None, 'line': 18, 'original_line': 18, 'side': 'RIGHT', 'in_reply_to_id': 840507049}, 'pull_request': {'url': 'https://api.github.com/repos/microsoft/kiota/pulls/1477', 'id': 896162193, 'node_id': 'PR_kwDOE0q91s41almR', 'html_url': 'https://github.com/microsoft/kiota/pull/1477', 'diff_url': 'https://github.com/microsoft/kiota/pull/1477.diff', 'patch_url': 'https://github.com/microsoft/kiota/pull/1477.patch', 'issue_url': 'https://api.github.com/repos/microsoft/kiota/issues/1477', 'number': 1477, 'state': 'open', 'locked': False, 'title': 'initial middleware implementations', 'user': {'login': 'ramsessanchez', 'id': 63934382, 'node_id': 'MDQ6VXNlcjYzOTM0Mzgy', 'avatar_url': 'https://avatars.githubusercontent.com/u/63934382?v=4', 'gravatar_id': '', 'url': 'https://api.github.com/users/ramsessanchez', 'html_url': 'https://github.com/ramsessanchez', 'followers_url': 'https://api.github.com/users/ramsessanchez/followers', 'following_url': 'https://api.github.com/users/ramsessanchez/following{/other_user}', 'gists_url': 'https://api.github.com/users/ramsessanchez/gists{/gist_id}', 'starred_url': 'https://api.github.com/users/ramsessanchez/starred{/owner}{/repo}', 'subscriptions_url': 'https://api.github.com/users/ramsessanchez/subscriptions', 'organizations_url': 'https://api.github.com/users/ramsessanchez/orgs', 'repos_url': 'https://api.github.com/users/ramsessanchez/repos', 'events_url': 'https://api.github.com/users/ramsessanchez/events{/privacy}', 'received_events_url': 'https://api.github.com/users/ramsessanchez/received_events', 'type': 'User', 'site_admin': False}, 'body': 'Adding retry, redirect, and telemetry handlers along with tests for these middlewares. \r\n\r\nfixes #1482, #1481, #1480', 'created_at': '2022-03-31T17:23:19Z', 'updated_at': '2022-04-05T17:33:03Z', 'closed_at': None, 'merged_at': None, 'merge_commit_sha': '51d0cbe8e0f39b6cc4c009a0b589478f4277f77f', 'assignee': {'login': 'ramsessanchez', 'id': 63934382, 'node_id': 'MDQ6VXNlcjYzOTM0Mzgy', 'avatar_url': 'https://avatars.githubusercontent.com/u/63934382?v=4', 'gravatar_id': '', 'url': 'https://api.github.com/users/ramsessanchez', 'html_url': 'https://github.com/ramsessanchez', 'followers_url': 'https://api.github.com/users/ramsessanchez/followers', 'following_url': 'https://api.github.com/users/ramsessanchez/following{/other_user}', 'gists_url': 'https://api.github.com/users/ramsessanchez/gists{/gist_id}', 'starred_url': 'https://api.github.com/users/ramsessanchez/starred{/owner}{/repo}', 'subscriptions_url': 'https://api.github.com/users/ramsessanchez/subscriptions', 'organizations_url': 'https://api.github.com/users/ramsessanchez/orgs', 'repos_url': 'https://api.github.com/users/ramsessanchez/repos', 'events_url': 'https://api.github.com/users/ramsessanchez/events{/privacy}', 'received_events_url': 'https://api.github.com/users/ramsessanchez/received_events', 'type': 'User', 'site_admin': False}, 'assignees': [{'login': 'ramsessanchez', 'id': 63934382, 'node_id': 'MDQ6VXNlcjYzOTM0Mzgy', 'avatar_url': 'https://avatars.githubusercontent.com/u/63934382?v=4', 'gravatar_id': '', 'url': 'https://api.github.com/users/ramsessanchez', 'html_url': 'https://github.com/ramsessanchez', 'followers_url': 'https://api.github.com/users/ramsessanchez/followers', 'following_url': 'https://api.github.com/users/ramsessanchez/following{/other_user}', 'gists_url': 'https://api.github.com/users/ramsessanchez/gists{/gist_id}', 'starred_url': 'https://api.github.com/users/ramsessanchez/starred{/owner}{/repo}', 'subscriptions_url': 'https://api.github.com/users/ramsessanchez/subscriptions', 'organizations_url': 'https://api.github.com/users/ramsessanchez/orgs', 'repos_url': 'https://api.github.com/users/ramsessanchez/repos', 'events_url': 'https://api.github.com/users/ramsessanchez/events{/privacy}', 'received_events_url': 'https://api.github.com/users/ramsessanchez/received_events', 'type': 'User', 'site_admin': False}], 'requested_reviewers': [{'login': 'darrelmiller', 'id': 447694, 'node_id': 'MDQ6VXNlcjQ0NzY5NA==', 'avatar_url': 'https://avatars.githubusercontent.com/u/447694?v=4', 'gravatar_id': '', 'url': 'https://api.github.com/users/darrelmiller', 'html_url': 'https://github.com/darrelmiller', 'followers_url': 'https://api.github.com/users/darrelmiller/followers', 'following_url': 'https://api.github.com/users/darrelmiller/following{/other_user}', 'gists_url': 'https://api.github.com/users/darrelmiller/gists{/gist_id}', 'starred_url': 'https://api.github.com/users/darrelmiller/starred{/owner}{/repo}', 'subscriptions_url': 'https://api.github.com/users/darrelmiller/subscriptions', 'organizations_url': 'https://api.github.com/users/darrelmiller/orgs', 'repos_url': 'https://api.github.com/users/darrelmiller/repos', 'events_url': 'https://api.github.com/users/darrelmiller/events{/privacy}', 'received_events_url': 'https://api.github.com/users/darrelmiller/received_events', 'type': 'User', 'site_admin': False}, {'login': 'calebkiage', 'id': 747955, 'node_id': 'MDQ6VXNlcjc0Nzk1NQ==', 'avatar_url': 'https://avatars.githubusercontent.com/u/747955?v=4', 'gravatar_id': '', 'url': 'https://api.github.com/users/calebkiage', 'html_url': 'https://github.com/calebkiage', 'followers_url': 'https://api.github.com/users/calebkiage/followers', 'following_url': 'https://api.github.com/users/calebkiage/following{/other_user}', 'gists_url': 'https://api.github.com/users/calebkiage/gists{/gist_id}', 'starred_url': 'https://api.github.com/users/calebkiage/starred{/owner}{/repo}', 'subscriptions_url': 'https://api.github.com/users/calebkiage/subscriptions', 'organizations_url': 'https://api.github.com/users/calebkiage/orgs', 'repos_url': 'https://api.github.com/users/calebkiage/repos', 'events_url': 'https://api.github.com/users/calebkiage/events{/privacy}', 'received_events_url': 'https://api.github.com/users/calebkiage/received_events', 'type': 'User', 'site_admin': False}, {'login': 'zengin', 'id': 803311, 'node_id': 'MDQ6VXNlcjgwMzMxMQ==', 'avatar_url': 'https://avatars.githubusercontent.com/u/803311?v=4', 'gravatar_id': '', 'url': 'https://api.github.com/users/zengin', 'html_url': 'https://github.com/zengin', 'followers_url': 'https://api.github.com/users/zengin/followers', 'following_url': 'https://api.github.com/users/zengin/following{/other_user}', 'gists_url': 'https://api.github.com/users/zengin/gists{/gist_id}', 'starred_url': 'https://api.github.com/users/zengin/starred{/owner}{/repo}', 'subscriptions_url': 'https://api.github.com/users/zengin/subscriptions', 'organizations_url': 'https://api.github.com/users/zengin/orgs', 'repos_url': 'https://api.github.com/users/zengin/repos', 'events_url': 'https://api.github.com/users/zengin/events{/privacy}', 'received_events_url': 'https://api.github.com/users/zengin/received_events', 'type': 'User', 'site_admin': False}, {'login': 'andrueastman', 'id': 6464005, 'node_id': 'MDQ6VXNlcjY0NjQwMDU=', 'avatar_url': 'https://avatars.githubusercontent.com/u/6464005?v=4', 'gravatar_id': '', 'url': 'https://api.github.com/users/andrueastman', 'html_url': 'https://github.com/andrueastman', 'followers_url': 'https://api.github.com/users/andrueastman/followers', 'following_url': 'https://api.github.com/users/andrueastman/following{/other_user}', 'gists_url': 'https://api.github.com/users/andrueastman/gists{/gist_id}', 'starred_url': 'https://api.github.com/users/andrueastman/starred{/owner}{/repo}', 'subscriptions_url': 'https://api.github.com/users/andrueastman/subscriptions', 'organizations_url': 'https://api.github.com/users/andrueastman/orgs', 'repos_url': 'https://api.github.com/users/andrueastman/repos', 'events_url': 'https://api.github.com/users/andrueastman/events{/privacy}', 'received_events_url': 'https://api.github.com/users/andrueastman/received_events', 'type': 'User', 'site_admin': False}, {'login': 'peombwa', 'id': 7061532, 'node_id': 'MDQ6VXNlcjcwNjE1MzI=', 'avatar_url': 'https://avatars.githubusercontent.com/u/7061532?v=4', 'gravatar_id': '', 'url': 'https://api.github.com/users/peombwa', 'html_url': 'https://github.com/peombwa', 'followers_url': 'https://api.github.com/users/peombwa/followers', 'following_url': 'https://api.github.com/users/peombwa/following{/other_user}', 'gists_url': 'https://api.github.com/users/peombwa/gists{/gist_id}', 'starred_url': 'https://api.github.com/users/peombwa/starred{/owner}{/repo}', 'subscriptions_url': 'https://api.github.com/users/peombwa/subscriptions', 'organizations_url': 'https://api.github.com/users/peombwa/orgs', 'repos_url': 'https://api.github.com/users/peombwa/repos', 'events_url': 'https://api.github.com/users/peombwa/events{/privacy}', 'received_events_url': 'https://api.github.com/users/peombwa/received_events', 'type': 'User', 'site_admin': False}, {'login': 'MIchaelMainer', 'id': 8527305, 'node_id': 'MDQ6VXNlcjg1MjczMDU=', 'avatar_url': 'https://avatars.githubusercontent.com/u/8527305?v=4', 'gravatar_id': '', 'url': 'https://api.github.com/users/MIchaelMainer', 'html_url': 'https://github.com/MIchaelMainer', 'followers_url': 'https://api.github.com/users/MIchaelMainer/followers', 'following_url': 'https://api.github.com/users/MIchaelMainer/following{/other_user}', 'gists_url': 'https://api.github.com/users/MIchaelMainer/gists{/gist_id}', 'starred_url': 'https://api.github.com/users/MIchaelMainer/starred{/owner}{/repo}', 'subscriptions_url': 'https://api.github.com/users/MIchaelMainer/subscriptions', 'organizations_url': 'https://api.github.com/users/MIchaelMainer/orgs', 'repos_url': 'https://api.github.com/users/MIchaelMainer/repos', 'events_url': 'https://api.github.com/users/MIchaelMainer/events{/privacy}', 'received_events_url': 'https://api.github.com/users/MIchaelMainer/received_events', 'type': 'User', 'site_admin': False}, {'login': 'ddyett', 'id': 20829981, 'node_id': 'MDQ6VXNlcjIwODI5OTgx', 'avatar_url': 'https://avatars.githubusercontent.com/u/20829981?v=4', 'gravatar_id': '', 'url': 'https://api.github.com/users/ddyett', 'html_url': 'https://github.com/ddyett', 'followers_url': 'https://api.github.com/users/ddyett/followers', 'following_url': 'https://api.github.com/users/ddyett/following{/other_user}', 'gists_url': 'https://api.github.com/users/ddyett/gists{/gist_id}', 'starred_url': 'https://api.github.com/users/ddyett/starred{/owner}{/repo}', 'subscriptions_url': 'https://api.github.com/users/ddyett/subscriptions', 'organizations_url': 'https://api.github.com/users/ddyett/orgs', 'repos_url': 'https://api.github.com/users/ddyett/repos', 'events_url': 'https://api.github.com/users/ddyett/events{/privacy}', 'received_events_url': 'https://api.github.com/users/ddyett/received_events', 'type': 'User', 'site_admin': False}, {'login': 'nikithauc', 'id': 23219007, 'node_id': 'MDQ6VXNlcjIzMjE5MDA3', 'avatar_url': 'https://avatars.githubusercontent.com/u/23219007?v=4', 'gravatar_id': '', 'url': 'https://api.github.com/users/nikithauc', 'html_url': 'https://github.com/nikithauc', 'followers_url': 'https://api.github.com/users/nikithauc/followers', 'following_url': 'https://api.github.com/users/nikithauc/following{/other_user}', 'gists_url': 'https://api.github.com/users/nikithauc/gists{/gist_id}', 'starred_url': 'https://api.github.com/users/nikithauc/starred{/owner}{/repo}', 'subscriptions_url': 'https://api.github.com/users/nikithauc/subscriptions', 'organizations_url': 'https://api.github.com/users/nikithauc/orgs', 'repos_url': 'https://api.github.com/users/nikithauc/repos', 'events_url': 'https://api.github.com/users/nikithauc/events{/privacy}', 'received_events_url': 'https://api.github.com/users/nikithauc/received_events', 'type': 'User', 'site_admin': False}], 'requested_teams': [], 'labels': [{'id': 3016752852, 'node_id': 'MDU6TGFiZWwzMDE2NzUyODUy', 'url': 'https://api.github.com/repos/microsoft/kiota/labels/Java', 'name': 'Java', 'color': 'B60205', 'default': False, 'description': ''}], 'milestone': {'url': 'https://api.github.com/repos/microsoft/kiota/milestones/8', 'html_url': 'https://github.com/microsoft/kiota/milestone/8', 'labels_url': 'https://api.github.com/repos/microsoft/kiota/milestones/8/labels', 'id': 7163004, 'node_id': 'MI_kwDOE0q91s4AbUx8', 'number': 8, 'title': 'Complete Graph API Surface support', 'description': 'Kiota is able to solve for the limitations previously posed by TypeWriter and listed out in raptor', 'creator': {'login': 'darrelmiller', 'id': 447694, 'node_id': 'MDQ6VXNlcjQ0NzY5NA==', 'avatar_url': 'https://avatars.githubusercontent.com/u/447694?v=4', 'gravatar_id': '', 'url': 'https://api.github.com/users/darrelmiller', 'html_url': 'https://github.com/darrelmiller', 'followers_url': 'https://api.github.com/users/darrelmiller/followers', 'following_url': 'https://api.github.com/users/darrelmiller/following{/other_user}', 'gists_url': 'https://api.github.com/users/darrelmiller/gists{/gist_id}', 'starred_url': 'https://api.github.com/users/darrelmiller/starred{/owner}{/repo}', 'subscriptions_url': 'https://api.github.com/users/darrelmiller/subscriptions', 'organizations_url': 'https://api.github.com/users/darrelmiller/orgs', 'repos_url': 'https://api.github.com/users/darrelmiller/repos', 'events_url': 'https://api.github.com/users/darrelmiller/events{/privacy}', 'received_events_url': 'https://api.github.com/users/darrelmiller/received_events', 'type': 'User', 'site_admin': False}, 'open_issues': 75, 'closed_issues': 8, 'state': 'open', 'created_at': '2021-09-17T16:06:22Z', 'updated_at': '2022-04-05T11:44:51Z', 'due_on': '2022-05-01T07:00:00Z', 'closed_at': None}, 'draft': False, 'commits_url': 'https://api.github.com/repos/microsoft/kiota/pulls/1477/commits', 'review_comments_url': 'https://api.github.com/repos/microsoft/kiota/pulls/1477/comments', 'review_comment_url': 'https://api.github.com/repos/microsoft/kiota/pulls/comments{/number}', 'comments_url': 'https://api.github.com/repos/microsoft/kiota/issues/1477/comments', 'statuses_url': 'https://api.github.com/repos/microsoft/kiota/statuses/aa5df0ac52b782ce101ec43da0a3114e7e8f9a7e', 'head': {'label': 'microsoft:rsh/java-core-migration', 'ref': 'rsh/java-core-migration', 'sha': 'aa5df0ac52b782ce101ec43da0a3114e7e8f9a7e', 'user': {'login': 'microsoft', 'id': 6154722, 'node_id': 'MDEyOk9yZ2FuaXphdGlvbjYxNTQ3MjI=', 'avatar_url': 'https://avatars.githubusercontent.com/u/6154722?v=4', 'gravatar_id': '', 'url': 'https://api.github.com/users/microsoft', 'html_url': 'https://github.com/microsoft', 'followers_url': 'https://api.github.com/users/microsoft/followers', 'following_url': 'https://api.github.com/users/microsoft/following{/other_user}', 'gists_url': 'https://api.github.com/users/microsoft/gists{/gist_id}', 'starred_url': 'https://api.github.com/users/microsoft/starred{/owner}{/repo}', 'subscriptions_url': 'https://api.github.com/users/microsoft/subscriptions', 'organizations_url': 'https://api.github.com/users/microsoft/orgs', 'repos_url': 'https://api.github.com/users/microsoft/repos', 'events_url': 'https://api.github.com/users/microsoft/events{/privacy}', 'received_events_url': 'https://api.github.com/users/microsoft/received_events', 'type': 'Organization', 'site_admin': False}, 'repo': {'id': 323665366, 'node_id': 'MDEwOlJlcG9zaXRvcnkzMjM2NjUzNjY=', 'name': 'kiota', 'full_name': 'microsoft/kiota', 'private': False, 'owner': {'login': 'microsoft', 'id': 6154722, 'node_id': 'MDEyOk9yZ2FuaXphdGlvbjYxNTQ3MjI=', 'avatar_url': 'https://avatars.githubusercontent.com/u/6154722?v=4', 'gravatar_id': '', 'url': 'https://api.github.com/users/microsoft', 'html_url': 'https://github.com/microsoft', 'followers_url': 'https://api.github.com/users/microsoft/followers', 'following_url': 'https://api.github.com/users/microsoft/following{/other_user}', 'gists_url': 'https://api.github.com/users/microsoft/gists{/gist_id}', 'starred_url': 'https://api.github.com/users/microsoft/starred{/owner}{/repo}', 'subscriptions_url': 'https://api.github.com/users/microsoft/subscriptions', 'organizations_url': 'https://api.github.com/users/microsoft/orgs', 'repos_url': 'https://api.github.com/users/microsoft/repos', 'events_url': 'https://api.github.com/users/microsoft/events{/privacy}', 'received_events_url': 'https://api.github.com/users/microsoft/received_events', 'type': 'Organization', 'site_admin': False}, 'html_url': 'https://github.com/microsoft/kiota', 'description': 'OpenAPI based HTTP Client SDK code generator', 'fork': False, 'url': 'https://api.github.com/repos/microsoft/kiota', 'forks_url': 'https://api.github.com/repos/microsoft/kiota/forks', 'keys_url': 'https://api.github.com/repos/microsoft/kiota/keys{/key_id}', 'collaborators_url': 'https://api.github.com/repos/microsoft/kiota/collaborators{/collaborator}', 'teams_url': 'https://api.github.com/repos/microsoft/kiota/teams', 'hooks_url': 'https://api.github.com/repos/microsoft/kiota/hooks', 'issue_events_url': 'https://api.github.com/repos/microsoft/kiota/issues/events{/number}', 'events_url': 'https://api.github.com/repos/microsoft/kiota/events', 'assignees_url': 'https://api.github.com/repos/microsoft/kiota/assignees{/user}', 'branches_url': 'https://api.github.com/repos/microsoft/kiota/branches{/branch}', 'tags_url': 'https://api.github.com/repos/microsoft/kiota/tags', 'blobs_url': 'https://api.github.com/repos/microsoft/kiota/git/blobs{/sha}', 'git_tags_url': 'https://api.github.com/repos/microsoft/kiota/git/tags{/sha}', 'git_refs_url': 'https://api.github.com/repos/microsoft/kiota/git/refs{/sha}', 'trees_url': 'https://api.github.com/repos/microsoft/kiota/git/trees{/sha}', 'statuses_url': 'https://api.github.com/repos/microsoft/kiota/statuses/{sha}', 'languages_url': 'https://api.github.com/repos/microsoft/kiota/languages', 'stargazers_url': 'https://api.github.com/repos/microsoft/kiota/stargazers', 'contributors_url': 'https://api.github.com/repos/microsoft/kiota/contributors', 'subscribers_url': 'https://api.github.com/repos/microsoft/kiota/subscribers', 'subscription_url': 'https://api.github.com/repos/microsoft/kiota/subscription', 'commits_url': 'https://api.github.com/repos/microsoft/kiota/commits{/sha}', 'git_commits_url': 'https://api.github.com/repos/microsoft/kiota/git/commits{/sha}', 'comments_url': 'https://api.github.com/repos/microsoft/kiota/comments{/number}', 'issue_comment_url': 'https://api.github.com/repos/microsoft/kiota/issues/comments{/number}', 'contents_url': 'https://api.github.com/repos/microsoft/kiota/contents/{+path}', 'compare_url': 'https://api.github.com/repos/microsoft/kiota/compare/{base}...{head}', 'merges_url': 'https://api.github.com/repos/microsoft/kiota/merges', 'archive_url': 'https://api.github.com/repos/microsoft/kiota/{archive_format}{/ref}', 'downloads_url': 'https://api.github.com/repos/microsoft/kiota/downloads', 'issues_url': 'https://api.github.com/repos/microsoft/kiota/issues{/number}', 'pulls_url': 'https://api.github.com/repos/microsoft/kiota/pulls{/number}', 'milestones_url': 'https://api.github.com/repos/microsoft/kiota/milestones{/number}', 'notifications_url': 'https://api.github.com/repos/microsoft/kiota/notifications{?since,all,participating}', 'labels_url': 'https://api.github.com/repos/microsoft/kiota/labels{/name}', 'releases_url': 'https://api.github.com/repos/microsoft/kiota/releases{/id}', 'deployments_url': 'https://api.github.com/repos/microsoft/kiota/deployments', 'created_at': '2020-12-22T15:35:49Z', 'updated_at': '2022-04-05T15:22:08Z', 'pushed_at': '2022-04-05T12:00:13Z', 'git_url': 'git://github.com/microsoft/kiota.git', 'ssh_url': 'git@github.com:microsoft/kiota.git', 'clone_url': 'https://github.com/microsoft/kiota.git', 'svn_url': 'https://github.com/microsoft/kiota', 'homepage': 'https://microsoft.github.io/kiota', 'size': 8800, 'stargazers_count': 131, 'watchers_count': 131, 'language': 'C#', 'has_issues': True, 'has_projects': True, 'has_downloads': True, 'has_wiki': False, 'has_pages': True, 'forks_count': 20, 'mirror_url': None, 'archived': False, 'disabled': False, 'open_issues_count': 93, 'license': {'key': 'mit', 'name': 'MIT License', 'spdx_id': 'MIT', 'url': 'https://api.github.com/licenses/mit', 'node_id': 'MDc6TGljZW5zZTEz'}, 'allow_forking': True, 'is_template': False, 'topics': ['api', 'csharp', 'dotnet', 'golang', 'hacktoberfest', 'http', 'java', 'openapi', 'php', 'ruby', 'typescript'], 'visibility': 'public', 'forks': 20, 'open_issues': 93, 'watchers': 131, 'default_branch': 'main'}}, 'base': {'label': 'microsoft:main', 'ref': 'main', 'sha': '36f20bff43ddf7146ba0fbdd7a4ac0c0ecc49143', 'user': {'login': 'microsoft', 'id': 6154722, 'node_id': 'MDEyOk9yZ2FuaXphdGlvbjYxNTQ3MjI=', 'avatar_url': 'https://avatars.githubusercontent.com/u/6154722?v=4', 'gravatar_id': '', 'url': 'https://api.github.com/users/microsoft', 'html_url': 'https://github.com/microsoft', 'followers_url': 'https://api.github.com/users/microsoft/followers', 'following_url': 'https://api.github.com/users/microsoft/following{/other_user}', 'gists_url': 'https://api.github.com/users/microsoft/gists{/gist_id}', 'starred_url': 'https://api.github.com/users/microsoft/starred{/owner}{/repo}', 'subscriptions_url': 'https://api.github.com/users/microsoft/subscriptions', 'organizations_url': 'https://api.github.com/users/microsoft/orgs', 'repos_url': 'https://api.github.com/users/microsoft/repos', 'events_url': 'https://api.github.com/users/microsoft/events{/privacy}', 'received_events_url': 'https://api.github.com/users/microsoft/received_events', 'type': 'Organization', 'site_admin': False}, 'repo': {'id': 323665366, 'node_id': 'MDEwOlJlcG9zaXRvcnkzMjM2NjUzNjY=', 'name': 'kiota', 'full_name': 'microsoft/kiota', 'private': False, 'owner': {'login': 'microsoft', 'id': 6154722, 'node_id': 'MDEyOk9yZ2FuaXphdGlvbjYxNTQ3MjI=', 'avatar_url': 'https://avatars.githubusercontent.com/u/6154722?v=4', 'gravatar_id': '', 'url': 'https://api.github.com/users/microsoft', 'html_url': 'https://github.com/microsoft', 'followers_url': 'https://api.github.com/users/microsoft/followers', 'following_url': 'https://api.github.com/users/microsoft/following{/other_user}', 'gists_url': 'https://api.github.com/users/microsoft/gists{/gist_id}', 'starred_url': 'https://api.github.com/users/microsoft/starred{/owner}{/repo}', 'subscriptions_url': 'https://api.github.com/users/microsoft/subscriptions', 'organizations_url': 'https://api.github.com/users/microsoft/orgs', 'repos_url': 'https://api.github.com/users/microsoft/repos', 'events_url': 'https://api.github.com/users/microsoft/events{/privacy}', 'received_events_url': 'https://api.github.com/users/microsoft/received_events', 'type': 'Organization', 'site_admin': False}, 'html_url': 'https://github.com/microsoft/kiota', 'description': 'OpenAPI based HTTP Client SDK code generator', 'fork': False, 'url': 'https://api.github.com/repos/microsoft/kiota', 'forks_url': 'https://api.github.com/repos/microsoft/kiota/forks', 'keys_url': 'https://api.github.com/repos/microsoft/kiota/keys{/key_id}', 'collaborators_url': 'https://api.github.com/repos/microsoft/kiota/collaborators{/collaborator}', 'teams_url': 'https://api.github.com/repos/microsoft/kiota/teams', 'hooks_url': 'https://api.github.com/repos/microsoft/kiota/hooks', 'issue_events_url': 'https://api.github.com/repos/microsoft/kiota/issues/events{/number}', 'events_url': 'https://api.github.com/repos/microsoft/kiota/events', 'assignees_url': 'https://api.github.com/repos/microsoft/kiota/assignees{/user}', 'branches_url': 'https://api.github.com/repos/microsoft/kiota/branches{/branch}', 'tags_url': 'https://api.github.com/repos/microsoft/kiota/tags', 'blobs_url': 'https://api.github.com/repos/microsoft/kiota/git/blobs{/sha}', 'git_tags_url': 'https://api.github.com/repos/microsoft/kiota/git/tags{/sha}', 'git_refs_url': 'https://api.github.com/repos/microsoft/kiota/git/refs{/sha}', 'trees_url': 'https://api.github.com/repos/microsoft/kiota/git/trees{/sha}', 'statuses_url': 'https://api.github.com/repos/microsoft/kiota/statuses/{sha}', 'languages_url': 'https://api.github.com/repos/microsoft/kiota/languages', 'stargazers_url': 'https://api.github.com/repos/microsoft/kiota/stargazers', 'contributors_url': 'https://api.github.com/repos/microsoft/kiota/contributors', 'subscribers_url': 'https://api.github.com/repos/microsoft/kiota/subscribers', 'subscription_url': 'https://api.github.com/repos/microsoft/kiota/subscription', 'commits_url': 'https://api.github.com/repos/microsoft/kiota/commits{/sha}', 'git_commits_url': 'https://api.github.com/repos/microsoft/kiota/git/commits{/sha}', 'comments_url': 'https://api.github.com/repos/microsoft/kiota/comments{/number}', 'issue_comment_url': 'https://api.github.com/repos/microsoft/kiota/issues/comments{/number}', 'contents_url': 'https://api.github.com/repos/microsoft/kiota/contents/{+path}', 'compare_url': 'https://api.github.com/repos/microsoft/kiota/compare/{base}...{head}', 'merges_url': 'https://api.github.com/repos/microsoft/kiota/merges', 'archive_url': 'https://api.github.com/repos/microsoft/kiota/{archive_format}{/ref}', 'downloads_url': 'https://api.github.com/repos/microsoft/kiota/downloads', 'issues_url': 'https://api.github.com/repos/microsoft/kiota/issues{/number}', 'pulls_url': 'https://api.github.com/repos/microsoft/kiota/pulls{/number}', 'milestones_url': 'https://api.github.com/repos/microsoft/kiota/milestones{/number}', 'notifications_url': 'https://api.github.com/repos/microsoft/kiota/notifications{?since,all,participating}', 'labels_url': 'https://api.github.com/repos/microsoft/kiota/labels{/name}', 'releases_url': 'https://api.github.com/repos/microsoft/kiota/releases{/id}', 'deployments_url': 'https://api.github.com/repos/microsoft/kiota/deployments', 'created_at': '2020-12-22T15:35:49Z', 'updated_at': '2022-04-05T15:22:08Z', 'pushed_at': '2022-04-05T12:00:13Z', 'git_url': 'git://github.com/microsoft/kiota.git', 'ssh_url': 'git@github.com:microsoft/kiota.git', 'clone_url': 'https://github.com/microsoft/kiota.git', 'svn_url': 'https://github.com/microsoft/kiota', 'homepage': 'https://microsoft.github.io/kiota', 'size': 8800, 'stargazers_count': 131, 'watchers_count': 131, 'language': 'C#', 'has_issues': True, 'has_projects': True, 'has_downloads': True, 'has_wiki': False, 'has_pages': True, 'forks_count': 20, 'mirror_url': None, 'archived': False, 'disabled': False, 'open_issues_count': 93, 'license': {'key': 'mit', 'name': 'MIT License', 'spdx_id': 'MIT', 'url': 'https://api.github.com/licenses/mit', 'node_id': 'MDc6TGljZW5zZTEz'}, 'allow_forking': True, 'is_template': False, 'topics': ['api', 'csharp', 'dotnet', 'golang', 'hacktoberfest', 'http', 'java', 'openapi', 'php', 'ruby', 'typescript'], 'visibility': 'public', 'forks': 20, 'open_issues': 93, 'watchers': 131, 'default_branch': 'main'}}, '_links': {'self': {'href': 'https://api.github.com/repos/microsoft/kiota/pulls/1477'}, 'html': {'href': 'https://github.com/microsoft/kiota/pull/1477'}, 'issue': {'href': 'https://api.github.com/repos/microsoft/kiota/issues/1477'}, 'comments': {'href': 'https://api.github.com/repos/microsoft/kiota/issues/1477/comments'}, 'review_comments': {'href': 'https://api.github.com/repos/microsoft/kiota/pulls/1477/comments'}, 'review_comment': {'href': 'https://api.github.com/repos/microsoft/kiota/pulls/comments{/number}'}, 'commits': {'href': 'https://api.github.com/repos/microsoft/kiota/pulls/1477/commits'}, 'statuses': {'href': 'https://api.github.com/repos/microsoft/kiota/statuses/aa5df0ac52b782ce101ec43da0a3114e7e8f9a7e'}}, 'author_association': 'CONTRIBUTOR', 'auto_merge': None, 'active_lock_reason': None}}",created,C#
21126572230,PullRequestReviewEvent,microsoft/kiota,0.0,2022-04-05T17:31:35Z,"{'action': 'created', 'review': {'id': 932272104, 'node_id': 'PRR_kwDOE0q91s43kVfo', 'user': {'login': 'ramsessanchez', 'id': 63934382, 'node_id': 'MDQ6VXNlcjYzOTM0Mzgy', 'avatar_url': 'https://avatars.githubusercontent.com/u/63934382?v=4', 'gravatar_id': '', 'url': 'https://api.github.com/users/ramsessanchez', 'html_url': 'https://github.com/ramsessanchez', 'followers_url': 'https://api.github.com/users/ramsessanchez/followers', 'following_url': 'https://api.github.com/users/ramsessanchez/following{/other_user}', 'gists_url': 'https://api.github.com/users/ramsessanchez/gists{/gist_id}', 'starred_url': 'https://api.github.com/users/ramsessanchez/starred{/owner}{/repo}', 'subscriptions_url': 'https://api.github.com/users/ramsessanchez/subscriptions', 'organizations_url': 'https://api.github.com/users/ramsessanchez/orgs', 'repos_url': 'https://api.github.com/users/ramsessanchez/repos', 'events_url': 'https://api.github.com/users/ramsessanchez/events{/privacy}', 'received_events_url': 'https://api.github.com/users/ramsessanchez/received_events', 'type': 'User', 'site_admin': False}, 'body': None, 'commit_id': '89038b3ba190e51505eb147c75387f2ae1f78c2f', 'submitted_at': '2022-04-05T17:31:35Z', 'state': 'commented', 'html_url': 'https://github.com/microsoft/kiota/pull/1477#pullrequestreview-932272104', 'pull_request_url': 'https://api.github.com/repos/microsoft/kiota/pulls/1477', 'author_association': 'CONTRIBUTOR', '_links': {'html': {'href': 'https://github.com/microsoft/kiota/pull/1477#pullrequestreview-932272104'}, 'pull_request': {'href': 'https://api.github.com/repos/microsoft/kiota/pulls/1477'}}}, 'pull_request': {'url': 'https://api.github.com/repos/microsoft/kiota/pulls/1477', 'id': 896162193, 'node_id': 'PR_kwDOE0q91s41almR', 'html_url': 'https://github.com/microsoft/kiota/pull/1477', 'diff_url': 'https://github.com/microsoft/kiota/pull/1477.diff', 'patch_url': 'https://github.com/microsoft/kiota/pull/1477.patch', 'issue_url': 'https://api.github.com/repos/microsoft/kiota/issues/1477', 'number': 1477, 'state': 'open', 'locked': False, 'title': 'initial middleware implementations', 'user': {'login': 'ramsessanchez', 'id': 63934382, 'node_id': 'MDQ6VXNlcjYzOTM0Mzgy', 'avatar_url': 'https://avatars.githubusercontent.com/u/63934382?v=4', 'gravatar_id': '', 'url': 'https://api.github.com/users/ramsessanchez', 'html_url': 'https://github.com/ramsessanchez', 'followers_url': 'https://api.github.com/users/ramsessanchez/followers', 'following_url': 'https://api.github.com/users/ramsessanchez/following{/other_user}', 'gists_url': 'https://api.github.com/users/ramsessanchez/gists{/gist_id}', 'starred_url': 'https://api.github.com/users/ramsessanchez/starred{/owner}{/repo}', 'subscriptions_url': 'https://api.github.com/users/ramsessanchez/subscriptions', 'organizations_url': 'https://api.github.com/users/ramsessanchez/orgs', 'repos_url': 'https://api.github.com/users/ramsessanchez/repos', 'events_url': 'https://api.github.com/users/ramsessanchez/events{/privacy}', 'received_events_url': 'https://api.github.com/users/ramsessanchez/received_events', 'type': 'User', 'site_admin': False}, 'body': 'Adding retry, redirect, and telemetry handlers along with tests for these middlewares. \r\n\r\nfixes #1482, #1481, #1480', 'created_at': '2022-03-31T17:23:19Z', 'updated_at': '2022-04-05T17:31:35Z', 'closed_at': None, 'merged_at': None, 'merge_commit_sha': '51d0cbe8e0f39b6cc4c009a0b589478f4277f77f', 'assignee': {'login': 'ramsessanchez', 'id': 63934382, 'node_id': 'MDQ6VXNlcjYzOTM0Mzgy', 'avatar_url': 'https://avatars.githubusercontent.com/u/63934382?v=4', 'gravatar_id': '', 'url': 'https://api.github.com/users/ramsessanchez', 'html_url': 'https://github.com/ramsessanchez', 'followers_url': 'https://api.github.com/users/ramsessanchez/followers', 'following_url': 'https://api.github.com/users/ramsessanchez/following{/other_user}', 'gists_url': 'https://api.github.com/users/ramsessanchez/gists{/gist_id}', 'starred_url': 'https://api.github.com/users/ramsessanchez/starred{/owner}{/repo}', 'subscriptions_url': 'https://api.github.com/users/ramsessanchez/subscriptions', 'organizations_url': 'https://api.github.com/users/ramsessanchez/orgs', 'repos_url': 'https://api.github.com/users/ramsessanchez/repos', 'events_url': 'https://api.github.com/users/ramsessanchez/events{/privacy}', 'received_events_url': 'https://api.github.com/users/ramsessanchez/received_events', 'type': 'User', 'site_admin': False}, 'assignees': [{'login': 'ramsessanchez', 'id': 63934382, 'node_id': 'MDQ6VXNlcjYzOTM0Mzgy', 'avatar_url': 'https://avatars.githubusercontent.com/u/63934382?v=4', 'gravatar_id': '', 'url': 'https://api.github.com/users/ramsessanchez', 'html_url': 'https://github.com/ramsessanchez', 'followers_url': 'https://api.github.com/users/ramsessanchez/followers', 'following_url': 'https://api.github.com/users/ramsessanchez/following{/other_user}', 'gists_url': 'https://api.github.com/users/ramsessanchez/gists{/gist_id}', 'starred_url': 'https://api.github.com/users/ramsessanchez/starred{/owner}{/repo}', 'subscriptions_url': 'https://api.github.com/users/ramsessanchez/subscriptions', 'organizations_url': 'https://api.github.com/users/ramsessanchez/orgs', 'repos_url': 'https://api.github.com/users/ramsessanchez/repos', 'events_url': 'https://api.github.com/users/ramsessanchez/events{/privacy}', 'received_events_url': 'https://api.github.com/users/ramsessanchez/received_events', 'type': 'User', 'site_admin': False}], 'requested_reviewers': [{'login': 'darrelmiller', 'id': 447694, 'node_id': 'MDQ6VXNlcjQ0NzY5NA==', 'avatar_url': 'https://avatars.githubusercontent.com/u/447694?v=4', 'gravatar_id': '', 'url': 'https://api.github.com/users/darrelmiller', 'html_url': 'https://github.com/darrelmiller', 'followers_url': 'https://api.github.com/users/darrelmiller/followers', 'following_url': 'https://api.github.com/users/darrelmiller/following{/other_user}', 'gists_url': 'https://api.github.com/users/darrelmiller/gists{/gist_id}', 'starred_url': 'https://api.github.com/users/darrelmiller/starred{/owner}{/repo}', 'subscriptions_url': 'https://api.github.com/users/darrelmiller/subscriptions', 'organizations_url': 'https://api.github.com/users/darrelmiller/orgs', 'repos_url': 'https://api.github.com/users/darrelmiller/repos', 'events_url': 'https://api.github.com/users/darrelmiller/events{/privacy}', 'received_events_url': 'https://api.github.com/users/darrelmiller/received_events', 'type': 'User', 'site_admin': False}, {'login': 'calebkiage', 'id': 747955, 'node_id': 'MDQ6VXNlcjc0Nzk1NQ==', 'avatar_url': 'https://avatars.githubusercontent.com/u/747955?v=4', 'gravatar_id': '', 'url': 'https://api.github.com/users/calebkiage', 'html_url': 'https://github.com/calebkiage', 'followers_url': 'https://api.github.com/users/calebkiage/followers', 'following_url': 'https://api.github.com/users/calebkiage/following{/other_user}', 'gists_url': 'https://api.github.com/users/calebkiage/gists{/gist_id}', 'starred_url': 'https://api.github.com/users/calebkiage/starred{/owner}{/repo}', 'subscriptions_url': 'https://api.github.com/users/calebkiage/subscriptions', 'organizations_url': 'https://api.github.com/users/calebkiage/orgs', 'repos_url': 'https://api.github.com/users/calebkiage/repos', 'events_url': 'https://api.github.com/users/calebkiage/events{/privacy}', 'received_events_url': 'https://api.github.com/users/calebkiage/received_events', 'type': 'User', 'site_admin': False}, {'login': 'zengin', 'id': 803311, 'node_id': 'MDQ6VXNlcjgwMzMxMQ==', 'avatar_url': 'https://avatars.githubusercontent.com/u/803311?v=4', 'gravatar_id': '', 'url': 'https://api.github.com/users/zengin', 'html_url': 'https://github.com/zengin', 'followers_url': 'https://api.github.com/users/zengin/followers', 'following_url': 'https://api.github.com/users/zengin/following{/other_user}', 'gists_url': 'https://api.github.com/users/zengin/gists{/gist_id}', 'starred_url': 'https://api.github.com/users/zengin/starred{/owner}{/repo}', 'subscriptions_url': 'https://api.github.com/users/zengin/subscriptions', 'organizations_url': 'https://api.github.com/users/zengin/orgs', 'repos_url': 'https://api.github.com/users/zengin/repos', 'events_url': 'https://api.github.com/users/zengin/events{/privacy}', 'received_events_url': 'https://api.github.com/users/zengin/received_events', 'type': 'User', 'site_admin': False}, {'login': 'andrueastman', 'id': 6464005, 'node_id': 'MDQ6VXNlcjY0NjQwMDU=', 'avatar_url': 'https://avatars.githubusercontent.com/u/6464005?v=4', 'gravatar_id': '', 'url': 'https://api.github.com/users/andrueastman', 'html_url': 'https://github.com/andrueastman', 'followers_url': 'https://api.github.com/users/andrueastman/followers', 'following_url': 'https://api.github.com/users/andrueastman/following{/other_user}', 'gists_url': 'https://api.github.com/users/andrueastman/gists{/gist_id}', 'starred_url': 'https://api.github.com/users/andrueastman/starred{/owner}{/repo}', 'subscriptions_url': 'https://api.github.com/users/andrueastman/subscriptions', 'organizations_url': 'https://api.github.com/users/andrueastman/orgs', 'repos_url': 'https://api.github.com/users/andrueastman/repos', 'events_url': 'https://api.github.com/users/andrueastman/events{/privacy}', 'received_events_url': 'https://api.github.com/users/andrueastman/received_events', 'type': 'User', 'site_admin': False}, {'login': 'peombwa', 'id': 7061532, 'node_id': 'MDQ6VXNlcjcwNjE1MzI=', 'avatar_url': 'https://avatars.githubusercontent.com/u/7061532?v=4', 'gravatar_id': '', 'url': 'https://api.github.com/users/peombwa', 'html_url': 'https://github.com/peombwa', 'followers_url': 'https://api.github.com/users/peombwa/followers', 'following_url': 'https://api.github.com/users/peombwa/following{/other_user}', 'gists_url': 'https://api.github.com/users/peombwa/gists{/gist_id}', 'starred_url': 'https://api.github.com/users/peombwa/starred{/owner}{/repo}', 'subscriptions_url': 'https://api.github.com/users/peombwa/subscriptions', 'organizations_url': 'https://api.github.com/users/peombwa/orgs', 'repos_url': 'https://api.github.com/users/peombwa/repos', 'events_url': 'https://api.github.com/users/peombwa/events{/privacy}', 'received_events_url': 'https://api.github.com/users/peombwa/received_events', 'type': 'User', 'site_admin': False}, {'login': 'MIchaelMainer', 'id': 8527305, 'node_id': 'MDQ6VXNlcjg1MjczMDU=', 'avatar_url': 'https://avatars.githubusercontent.com/u/8527305?v=4', 'gravatar_id': '', 'url': 'https://api.github.com/users/MIchaelMainer', 'html_url': 'https://github.com/MIchaelMainer', 'followers_url': 'https://api.github.com/users/MIchaelMainer/followers', 'following_url': 'https://api.github.com/users/MIchaelMainer/following{/other_user}', 'gists_url': 'https://api.github.com/users/MIchaelMainer/gists{/gist_id}', 'starred_url': 'https://api.github.com/users/MIchaelMainer/starred{/owner}{/repo}', 'subscriptions_url': 'https://api.github.com/users/MIchaelMainer/subscriptions', 'organizations_url': 'https://api.github.com/users/MIchaelMainer/orgs', 'repos_url': 'https://api.github.com/users/MIchaelMainer/repos', 'events_url': 'https://api.github.com/users/MIchaelMainer/events{/privacy}', 'received_events_url': 'https://api.github.com/users/MIchaelMainer/received_events', 'type': 'User', 'site_admin': False}, {'login': 'ddyett', 'id': 20829981, 'node_id': 'MDQ6VXNlcjIwODI5OTgx', 'avatar_url': 'https://avatars.githubusercontent.com/u/20829981?v=4', 'gravatar_id': '', 'url': 'https://api.github.com/users/ddyett', 'html_url': 'https://github.com/ddyett', 'followers_url': 'https://api.github.com/users/ddyett/followers', 'following_url': 'https://api.github.com/users/ddyett/following{/other_user}', 'gists_url': 'https://api.github.com/users/ddyett/gists{/gist_id}', 'starred_url': 'https://api.github.com/users/ddyett/starred{/owner}{/repo}', 'subscriptions_url': 'https://api.github.com/users/ddyett/subscriptions', 'organizations_url': 'https://api.github.com/users/ddyett/orgs', 'repos_url': 'https://api.github.com/users/ddyett/repos', 'events_url': 'https://api.github.com/users/ddyett/events{/privacy}', 'received_events_url': 'https://api.github.com/users/ddyett/received_events', 'type': 'User', 'site_admin': False}, {'login': 'nikithauc', 'id': 23219007, 'node_id': 'MDQ6VXNlcjIzMjE5MDA3', 'avatar_url': 'https://avatars.githubusercontent.com/u/23219007?v=4', 'gravatar_id': '', 'url': 'https://api.github.com/users/nikithauc', 'html_url': 'https://github.com/nikithauc', 'followers_url': 'https://api.github.com/users/nikithauc/followers', 'following_url': 'https://api.github.com/users/nikithauc/following{/other_user}', 'gists_url': 'https://api.github.com/users/nikithauc/gists{/gist_id}', 'starred_url': 'https://api.github.com/users/nikithauc/starred{/owner}{/repo}', 'subscriptions_url': 'https://api.github.com/users/nikithauc/subscriptions', 'organizations_url': 'https://api.github.com/users/nikithauc/orgs', 'repos_url': 'https://api.github.com/users/nikithauc/repos', 'events_url': 'https://api.github.com/users/nikithauc/events{/privacy}', 'received_events_url': 'https://api.github.com/users/nikithauc/received_events', 'type': 'User', 'site_admin': False}], 'requested_teams': [], 'labels': [{'id': 3016752852, 'node_id': 'MDU6TGFiZWwzMDE2NzUyODUy', 'url': 'https://api.github.com/repos/microsoft/kiota/labels/Java', 'name': 'Java', 'color': 'B60205', 'default': False, 'description': ''}], 'milestone': {'url': 'https://api.github.com/repos/microsoft/kiota/milestones/8', 'html_url': 'https://github.com/microsoft/kiota/milestone/8', 'labels_url': 'https://api.github.com/repos/microsoft/kiota/milestones/8/labels', 'id': 7163004, 'node_id': 'MI_kwDOE0q91s4AbUx8', 'number': 8, 'title': 'Complete Graph API Surface support', 'description': 'Kiota is able to solve for the limitations previously posed by TypeWriter and listed out in raptor', 'creator': {'login': 'darrelmiller', 'id': 447694, 'node_id': 'MDQ6VXNlcjQ0NzY5NA==', 'avatar_url': 'https://avatars.githubusercontent.com/u/447694?v=4', 'gravatar_id': '', 'url': 'https://api.github.com/users/darrelmiller', 'html_url': 'https://github.com/darrelmiller', 'followers_url': 'https://api.github.com/users/darrelmiller/followers', 'following_url': 'https://api.github.com/users/darrelmiller/following{/other_user}', 'gists_url': 'https://api.github.com/users/darrelmiller/gists{/gist_id}', 'starred_url': 'https://api.github.com/users/darrelmiller/starred{/owner}{/repo}', 'subscriptions_url': 'https://api.github.com/users/darrelmiller/subscriptions', 'organizations_url': 'https://api.github.com/users/darrelmiller/orgs', 'repos_url': 'https://api.github.com/users/darrelmiller/repos', 'events_url': 'https://api.github.com/users/darrelmiller/events{/privacy}', 'received_events_url': 'https://api.github.com/users/darrelmiller/received_events', 'type': 'User', 'site_admin': False}, 'open_issues': 75, 'closed_issues': 8, 'state': 'open', 'created_at': '2021-09-17T16:06:22Z', 'updated_at': '2022-04-05T11:44:51Z', 'due_on': '2022-05-01T07:00:00Z', 'closed_at': None}, 'draft': False, 'commits_url': 'https://api.github.com/repos/microsoft/kiota/pulls/1477/commits', 'review_comments_url': 'https://api.github.com/repos/microsoft/kiota/pulls/1477/comments', 'review_comment_url': 'https://api.github.com/repos/microsoft/kiota/pulls/comments{/number}', 'comments_url': 'https://api.github.com/repos/microsoft/kiota/issues/1477/comments', 'statuses_url': 'https://api.github.com/repos/microsoft/kiota/statuses/aa5df0ac52b782ce101ec43da0a3114e7e8f9a7e', 'head': {'label': 'microsoft:rsh/java-core-migration', 'ref': 'rsh/java-core-migration', 'sha': 'aa5df0ac52b782ce101ec43da0a3114e7e8f9a7e', 'user': {'login': 'microsoft', 'id': 6154722, 'node_id': 'MDEyOk9yZ2FuaXphdGlvbjYxNTQ3MjI=', 'avatar_url': 'https://avatars.githubusercontent.com/u/6154722?v=4', 'gravatar_id': '', 'url': 'https://api.github.com/users/microsoft', 'html_url': 'https://github.com/microsoft', 'followers_url': 'https://api.github.com/users/microsoft/followers', 'following_url': 'https://api.github.com/users/microsoft/following{/other_user}', 'gists_url': 'https://api.github.com/users/microsoft/gists{/gist_id}', 'starred_url': 'https://api.github.com/users/microsoft/starred{/owner}{/repo}', 'subscriptions_url': 'https://api.github.com/users/microsoft/subscriptions', 'organizations_url': 'https://api.github.com/users/microsoft/orgs', 'repos_url': 'https://api.github.com/users/microsoft/repos', 'events_url': 'https://api.github.com/users/microsoft/events{/privacy}', 'received_events_url': 'https://api.github.com/users/microsoft/received_events', 'type': 'Organization', 'site_admin': False}, 'repo': {'id': 323665366, 'node_id': 'MDEwOlJlcG9zaXRvcnkzMjM2NjUzNjY=', 'name': 'kiota', 'full_name': 'microsoft/kiota', 'private': False, 'owner': {'login': 'microsoft', 'id': 6154722, 'node_id': 'MDEyOk9yZ2FuaXphdGlvbjYxNTQ3MjI=', 'avatar_url': 'https://avatars.githubusercontent.com/u/6154722?v=4', 'gravatar_id': '', 'url': 'https://api.github.com/users/microsoft', 'html_url': 'https://github.com/microsoft', 'followers_url': 'https://api.github.com/users/microsoft/followers', 'following_url': 'https://api.github.com/users/microsoft/following{/other_user}', 'gists_url': 'https://api.github.com/users/microsoft/gists{/gist_id}', 'starred_url': 'https://api.github.com/users/microsoft/starred{/owner}{/repo}', 'subscriptions_url': 'https://api.github.com/users/microsoft/subscriptions', 'organizations_url': 'https://api.github.com/users/microsoft/orgs', 'repos_url': 'https://api.github.com/users/microsoft/repos', 'events_url': 'https://api.github.com/users/microsoft/events{/privacy}', 'received_events_url': 'https://api.github.com/users/microsoft/received_events', 'type': 'Organization', 'site_admin': False}, 'html_url': 'https://github.com/microsoft/kiota', 'description': 'OpenAPI based HTTP Client SDK code generator', 'fork': False, 'url': 'https://api.github.com/repos/microsoft/kiota', 'forks_url': 'https://api.github.com/repos/microsoft/kiota/forks', 'keys_url': 'https://api.github.com/repos/microsoft/kiota/keys{/key_id}', 'collaborators_url': 'https://api.github.com/repos/microsoft/kiota/collaborators{/collaborator}', 'teams_url': 'https://api.github.com/repos/microsoft/kiota/teams', 'hooks_url': 'https://api.github.com/repos/microsoft/kiota/hooks', 'issue_events_url': 'https://api.github.com/repos/microsoft/kiota/issues/events{/number}', 'events_url': 'https://api.github.com/repos/microsoft/kiota/events', 'assignees_url': 'https://api.github.com/repos/microsoft/kiota/assignees{/user}', 'branches_url': 'https://api.github.com/repos/microsoft/kiota/branches{/branch}', 'tags_url': 'https://api.github.com/repos/microsoft/kiota/tags', 'blobs_url': 'https://api.github.com/repos/microsoft/kiota/git/blobs{/sha}', 'git_tags_url': 'https://api.github.com/repos/microsoft/kiota/git/tags{/sha}', 'git_refs_url': 'https://api.github.com/repos/microsoft/kiota/git/refs{/sha}', 'trees_url': 'https://api.github.com/repos/microsoft/kiota/git/trees{/sha}', 'statuses_url': 'https://api.github.com/repos/microsoft/kiota/statuses/{sha}', 'languages_url': 'https://api.github.com/repos/microsoft/kiota/languages', 'stargazers_url': 'https://api.github.com/repos/microsoft/kiota/stargazers', 'contributors_url': 'https://api.github.com/repos/microsoft/kiota/contributors', 'subscribers_url': 'https://api.github.com/repos/microsoft/kiota/subscribers', 'subscription_url': 'https://api.github.com/repos/microsoft/kiota/subscription', 'commits_url': 'https://api.github.com/repos/microsoft/kiota/commits{/sha}', 'git_commits_url': 'https://api.github.com/repos/microsoft/kiota/git/commits{/sha}', 'comments_url': 'https://api.github.com/repos/microsoft/kiota/comments{/number}', 'issue_comment_url': 'https://api.github.com/repos/microsoft/kiota/issues/comments{/number}', 'contents_url': 'https://api.github.com/repos/microsoft/kiota/contents/{+path}', 'compare_url': 'https://api.github.com/repos/microsoft/kiota/compare/{base}...{head}', 'merges_url': 'https://api.github.com/repos/microsoft/kiota/merges', 'archive_url': 'https://api.github.com/repos/microsoft/kiota/{archive_format}{/ref}', 'downloads_url': 'https://api.github.com/repos/microsoft/kiota/downloads', 'issues_url': 'https://api.github.com/repos/microsoft/kiota/issues{/number}', 'pulls_url': 'https://api.github.com/repos/microsoft/kiota/pulls{/number}', 'milestones_url': 'https://api.github.com/repos/microsoft/kiota/milestones{/number}', 'notifications_url': 'https://api.github.com/repos/microsoft/kiota/notifications{?since,all,participating}', 'labels_url': 'https://api.github.com/repos/microsoft/kiota/labels{/name}', 'releases_url': 'https://api.github.com/repos/microsoft/kiota/releases{/id}', 'deployments_url': 'https://api.github.com/repos/microsoft/kiota/deployments', 'created_at': '2020-12-22T15:35:49Z', 'updated_at': '2022-04-05T15:22:08Z', 'pushed_at': '2022-04-05T12:00:13Z', 'git_url': 'git://github.com/microsoft/kiota.git', 'ssh_url': 'git@github.com:microsoft/kiota.git', 'clone_url': 'https://github.com/microsoft/kiota.git', 'svn_url': 'https://github.com/microsoft/kiota', 'homepage': 'https://microsoft.github.io/kiota', 'size': 8800, 'stargazers_count': 131, 'watchers_count': 131, 'language': 'C#', 'has_issues': True, 'has_projects': True, 'has_downloads': True, 'has_wiki': False, 'has_pages': True, 'forks_count': 20, 'mirror_url': None, 'archived': False, 'disabled': False, 'open_issues_count': 93, 'license': {'key': 'mit', 'name': 'MIT License', 'spdx_id': 'MIT', 'url': 'https://api.github.com/licenses/mit', 'node_id': 'MDc6TGljZW5zZTEz'}, 'allow_forking': True, 'is_template': False, 'topics': ['api', 'csharp', 'dotnet', 'golang', 'hacktoberfest', 'http', 'java', 'openapi', 'php', 'ruby', 'typescript'], 'visibility': 'public', 'forks': 20, 'open_issues': 93, 'watchers': 131, 'default_branch': 'main'}}, 'base': {'label': 'microsoft:main', 'ref': 'main', 'sha': '36f20bff43ddf7146ba0fbdd7a4ac0c0ecc49143', 'user': {'login': 'microsoft', 'id': 6154722, 'node_id': 'MDEyOk9yZ2FuaXphdGlvbjYxNTQ3MjI=', 'avatar_url': 'https://avatars.githubusercontent.com/u/6154722?v=4', 'gravatar_id': '', 'url': 'https://api.github.com/users/microsoft', 'html_url': 'https://github.com/microsoft', 'followers_url': 'https://api.github.com/users/microsoft/followers', 'following_url': 'https://api.github.com/users/microsoft/following{/other_user}', 'gists_url': 'https://api.github.com/users/microsoft/gists{/gist_id}', 'starred_url': 'https://api.github.com/users/microsoft/starred{/owner}{/repo}', 'subscriptions_url': 'https://api.github.com/users/microsoft/subscriptions', 'organizations_url': 'https://api.github.com/users/microsoft/orgs', 'repos_url': 'https://api.github.com/users/microsoft/repos', 'events_url': 'https://api.github.com/users/microsoft/events{/privacy}', 'received_events_url': 'https://api.github.com/users/microsoft/received_events', 'type': 'Organization', 'site_admin': False}, 'repo': {'id': 323665366, 'node_id': 'MDEwOlJlcG9zaXRvcnkzMjM2NjUzNjY=', 'name': 'kiota', 'full_name': 'microsoft/kiota', 'private': False, 'owner': {'login': 'microsoft', 'id': 6154722, 'node_id': 'MDEyOk9yZ2FuaXphdGlvbjYxNTQ3MjI=', 'avatar_url': 'https://avatars.githubusercontent.com/u/6154722?v=4', 'gravatar_id': '', 'url': 'https://api.github.com/users/microsoft', 'html_url': 'https://github.com/microsoft', 'followers_url': 'https://api.github.com/users/microsoft/followers', 'following_url': 'https://api.github.com/users/microsoft/following{/other_user}', 'gists_url': 'https://api.github.com/users/microsoft/gists{/gist_id}', 'starred_url': 'https://api.github.com/users/microsoft/starred{/owner}{/repo}', 'subscriptions_url': 'https://api.github.com/users/microsoft/subscriptions', 'organizations_url': 'https://api.github.com/users/microsoft/orgs', 'repos_url': 'https://api.github.com/users/microsoft/repos', 'events_url': 'https://api.github.com/users/microsoft/events{/privacy}', 'received_events_url': 'https://api.github.com/users/microsoft/received_events', 'type': 'Organization', 'site_admin': False}, 'html_url': 'https://github.com/microsoft/kiota', 'description': 'OpenAPI based HTTP Client SDK code generator', 'fork': False, 'url': 'https://api.github.com/repos/microsoft/kiota', 'forks_url': 'https://api.github.com/repos/microsoft/kiota/forks', 'keys_url': 'https://api.github.com/repos/microsoft/kiota/keys{/key_id}', 'collaborators_url': 'https://api.github.com/repos/microsoft/kiota/collaborators{/collaborator}', 'teams_url': 'https://api.github.com/repos/microsoft/kiota/teams', 'hooks_url': 'https://api.github.com/repos/microsoft/kiota/hooks', 'issue_events_url': 'https://api.github.com/repos/microsoft/kiota/issues/events{/number}', 'events_url': 'https://api.github.com/repos/microsoft/kiota/events', 'assignees_url': 'https://api.github.com/repos/microsoft/kiota/assignees{/user}', 'branches_url': 'https://api.github.com/repos/microsoft/kiota/branches{/branch}', 'tags_url': 'https://api.github.com/repos/microsoft/kiota/tags', 'blobs_url': 'https://api.github.com/repos/microsoft/kiota/git/blobs{/sha}', 'git_tags_url': 'https://api.github.com/repos/microsoft/kiota/git/tags{/sha}', 'git_refs_url': 'https://api.github.com/repos/microsoft/kiota/git/refs{/sha}', 'trees_url': 'https://api.github.com/repos/microsoft/kiota/git/trees{/sha}', 'statuses_url': 'https://api.github.com/repos/microsoft/kiota/statuses/{sha}', 'languages_url': 'https://api.github.com/repos/microsoft/kiota/languages', 'stargazers_url': 'https://api.github.com/repos/microsoft/kiota/stargazers', 'contributors_url': 'https://api.github.com/repos/microsoft/kiota/contributors', 'subscribers_url': 'https://api.github.com/repos/microsoft/kiota/subscribers', 'subscription_url': 'https://api.github.com/repos/microsoft/kiota/subscription', 'commits_url': 'https://api.github.com/repos/microsoft/kiota/commits{/sha}', 'git_commits_url': 'https://api.github.com/repos/microsoft/kiota/git/commits{/sha}', 'comments_url': 'https://api.github.com/repos/microsoft/kiota/comments{/number}', 'issue_comment_url': 'https://api.github.com/repos/microsoft/kiota/issues/comments{/number}', 'contents_url': 'https://api.github.com/repos/microsoft/kiota/contents/{+path}', 'compare_url': 'https://api.github.com/repos/microsoft/kiota/compare/{base}...{head}', 'merges_url': 'https://api.github.com/repos/microsoft/kiota/merges', 'archive_url': 'https://api.github.com/repos/microsoft/kiota/{archive_format}{/ref}', 'downloads_url': 'https://api.github.com/repos/microsoft/kiota/downloads', 'issues_url': 'https://api.github.com/repos/microsoft/kiota/issues{/number}', 'pulls_url': 'https://api.github.com/repos/microsoft/kiota/pulls{/number}', 'milestones_url': 'https://api.github.com/repos/microsoft/kiota/milestones{/number}', 'notifications_url': 'https://api.github.com/repos/microsoft/kiota/notifications{?since,all,participating}', 'labels_url': 'https://api.github.com/repos/microsoft/kiota/labels{/name}', 'releases_url': 'https://api.github.com/repos/microsoft/kiota/releases{/id}', 'deployments_url': 'https://api.github.com/repos/microsoft/kiota/deployments', 'created_at': '2020-12-22T15:35:49Z', 'updated_at': '2022-04-05T15:22:08Z', 'pushed_at': '2022-04-05T12:00:13Z', 'git_url': 'git://github.com/microsoft/kiota.git', 'ssh_url': 'git@github.com:microsoft/kiota.git', 'clone_url': 'https://github.com/microsoft/kiota.git', 'svn_url': 'https://github.com/microsoft/kiota', 'homepage': 'https://microsoft.github.io/kiota', 'size': 8800, 'stargazers_count': 131, 'watchers_count': 131, 'language': 'C#', 'has_issues': True, 'has_projects': True, 'has_downloads': True, 'has_wiki': False, 'has_pages': True, 'forks_count': 20, 'mirror_url': None, 'archived': False, 'disabled': False, 'open_issues_count': 93, 'license': {'key': 'mit', 'name': 'MIT License', 'spdx_id': 'MIT', 'url': 'https://api.github.com/licenses/mit', 'node_id': 'MDc6TGljZW5zZTEz'}, 'allow_forking': True, 'is_template': False, 'topics': ['api', 'csharp', 'dotnet', 'golang', 'hacktoberfest', 'http', 'java', 'openapi', 'php', 'ruby', 'typescript'], 'visibility': 'public', 'forks': 20, 'open_issues': 93, 'watchers': 131, 'default_branch': 'main'}}, '_links': {'self': {'href': 'https://api.github.com/repos/microsoft/kiota/pulls/1477'}, 'html': {'href': 'https://github.com/microsoft/kiota/pull/1477'}, 'issue': {'href': 'https://api.github.com/repos/microsoft/kiota/issues/1477'}, 'comments': {'href': 'https://api.github.com/repos/microsoft/kiota/issues/1477/comments'}, 'review_comments': {'href': 'https://api.github.com/repos/microsoft/kiota/pulls/1477/comments'}, 'review_comment': {'href': 'https://api.github.com/repos/microsoft/kiota/pulls/comments{/number}'}, 'commits': {'href': 'https://api.github.com/repos/microsoft/kiota/pulls/1477/commits'}, 'statuses': {'href': 'https://api.github.com/repos/microsoft/kiota/statuses/aa5df0ac52b782ce101ec43da0a3114e7e8f9a7e'}}, 'author_association': 'CONTRIBUTOR', 'auto_merge': None, 'active_lock_reason': None}}",created,C#
21126572337,PullRequestReviewCommentEvent,microsoft/kiota,0.0,2022-04-05T17:31:35Z,"{'action': 'created', 'comment': {'url': 'https://api.github.com/repos/microsoft/kiota/pulls/comments/843092422', 'pull_request_review_id': 932272104, 'id': 843092422, 'node_id': 'PRRC_kwDOE0q91s4yQJHG', 'diff_hunk': '@@ -0,0 +1,62 @@\n+package com.microsoft.kiota.http.middleware;\n+\n+import java.io.IOException;\n+\n+import javax.annotation.Nonnull;\n+import javax.annotation.Nullable;\n+\n+import com.microsoft.kiota.http.middleware.options.TelemetryHandlerOption;\n+\n+import okhttp3.Interceptor;\n+import okhttp3.Request;\n+import okhttp3.Response;\n+\n+/**\n+ * TelemetryHandler implementation using OkHttp3\n+ */\n+public class TelemetryHandler implements Interceptor{\n+\n+    private TelemetryHandlerOption _telemetryHandlerOption;\n+\n+    /**\n+     * TelemetryHandler no param constructor\n+     */\n+    public TelemetryHandler() {\n+        this(null);\n+    }\n+\n+    /**\n+     * TelemetryHandler constructor with passed in options.\n+     * @param telemetryHandlerOption The user specified telemetryHandlerOptions\n+     */\n+    public TelemetryHandler(@Nullable TelemetryHandlerOption telemetryHandlerOption) {\n+        if (telemetryHandlerOption == null) {\n+            this._telemetryHandlerOption = new TelemetryHandlerOption();\n+        }\n+        this._telemetryHandlerOption = telemetryHandlerOption;\n+    }\n+\n+    /**\n+     * Send the HttpRequest after telemetryOptions are handled\n+     * @param chain\n+     * @return\n+     * @throws IOException\n+     */\n+    @Override\n+    public Response intercept(@Nonnull Chain chain) throws IOException {\n+        final Request request = chain.request();\n+\n+        TelemetryHandlerOption telemetryHandlerOption = request.tag(TelemetryHandlerOption.class);\n+        if(telemetryHandlerOption == null) { telemetryHandlerOption = this._telemetryHandlerOption; }\n+\n+        //Simply forward request if TelemetryConfigurator is set to null intentionally.\n+        if(telemetryHandlerOption == null) {\n+            return chain.proceed(request);\n+        }\n+\n+        //Use the TelemetryConfigurator set by the user to enrich the request as desired.\n+        Request enrichedRequest = telemetryHandlerOption.TelemetryConfigurator.apply(request);', 'path': 'http/java/okhttp/lib/src/main/java/com/microsoft/kiota/http/middleware/TelemetryHandler.java', 'position': 58, 'original_position': 58, 'commit_id': 'aa5df0ac52b782ce101ec43da0a3114e7e8f9a7e', 'original_commit_id': '89038b3ba190e51505eb147c75387f2ae1f78c2f', 'user': {'login': 'ramsessanchez', 'id': 63934382, 'node_id': 'MDQ6VXNlcjYzOTM0Mzgy', 'avatar_url': 'https://avatars.githubusercontent.com/u/63934382?v=4', 'gravatar_id': '', 'url': 'https://api.github.com/users/ramsessanchez', 'html_url': 'https://github.com/ramsessanchez', 'followers_url': 'https://api.github.com/users/ramsessanchez/followers', 'following_url': 'https://api.github.com/users/ramsessanchez/following{/other_user}', 'gists_url': 'https://api.github.com/users/ramsessanchez/gists{/gist_id}', 'starred_url': 'https://api.github.com/users/ramsessanchez/starred{/owner}{/repo}', 'subscriptions_url': 'https://api.github.com/users/ramsessanchez/subscriptions', 'organizations_url': 'https://api.github.com/users/ramsessanchez/orgs', 'repos_url': 'https://api.github.com/users/ramsessanchez/repos', 'events_url': 'https://api.github.com/users/ramsessanchez/events{/privacy}', 'received_events_url': 'https://api.github.com/users/ramsessanchez/received_events', 'type': 'User', 'site_admin': False}, 'body': 'On it! ', 'created_at': '2022-04-05T17:31:35Z', 'updated_at': '2022-04-05T17:31:35Z', 'html_url': 'https://github.com/microsoft/kiota/pull/1477#discussion_r843092422', 'pull_request_url': 'https://api.github.com/repos/microsoft/kiota/pulls/1477', 'author_association': 'CONTRIBUTOR', '_links': {'self': {'href': 'https://api.github.com/repos/microsoft/kiota/pulls/comments/843092422'}, 'html': {'href': 'https://github.com/microsoft/kiota/pull/1477#discussion_r843092422'}, 'pull_request': {'href': 'https://api.github.com/repos/microsoft/kiota/pulls/1477'}}, 'reactions': {'url': 'https://api.github.com/repos/microsoft/kiota/pulls/comments/843092422/reactions', 'total_count': 0, '+1': 0, '-1': 0, 'laugh': 0, 'hooray': 0, 'confused': 0, 'heart': 0, 'rocket': 0, 'eyes': 0}, 'start_line': None, 'original_start_line': None, 'start_side': None, 'line': 58, 'original_line': 58, 'side': 'RIGHT', 'in_reply_to_id': 840505857}, 'pull_request': {'url': 'https://api.github.com/repos/microsoft/kiota/pulls/1477', 'id': 896162193, 'node_id': 'PR_kwDOE0q91s41almR', 'html_url': 'https://github.com/microsoft/kiota/pull/1477', 'diff_url': 'https://github.com/microsoft/kiota/pull/1477.diff', 'patch_url': 'https://github.com/microsoft/kiota/pull/1477.patch', 'issue_url': 'https://api.github.com/repos/microsoft/kiota/issues/1477', 'number': 1477, 'state': 'open', 'locked': False, 'title': 'initial middleware implementations', 'user': {'login': 'ramsessanchez', 'id': 63934382, 'node_id': 'MDQ6VXNlcjYzOTM0Mzgy', 'avatar_url': 'https://avatars.githubusercontent.com/u/63934382?v=4', 'gravatar_id': '', 'url': 'https://api.github.com/users/ramsessanchez', 'html_url': 'https://github.com/ramsessanchez', 'followers_url': 'https://api.github.com/users/ramsessanchez/followers', 'following_url': 'https://api.github.com/users/ramsessanchez/following{/other_user}', 'gists_url': 'https://api.github.com/users/ramsessanchez/gists{/gist_id}', 'starred_url': 'https://api.github.com/users/ramsessanchez/starred{/owner}{/repo}', 'subscriptions_url': 'https://api.github.com/users/ramsessanchez/subscriptions', 'organizations_url': 'https://api.github.com/users/ramsessanchez/orgs', 'repos_url': 'https://api.github.com/users/ramsessanchez/repos', 'events_url': 'https://api.github.com/users/ramsessanchez/events{/privacy}', 'received_events_url': 'https://api.github.com/users/ramsessanchez/received_events', 'type': 'User', 'site_admin': False}, 'body': 'Adding retry, redirect, and telemetry handlers along with tests for these middlewares. \r\n\r\nfixes #1482, #1481, #1480', 'created_at': '2022-03-31T17:23:19Z', 'updated_at': '2022-04-05T17:31:35Z', 'closed_at': None, 'merged_at': None, 'merge_commit_sha': '51d0cbe8e0f39b6cc4c009a0b589478f4277f77f', 'assignee': {'login': 'ramsessanchez', 'id': 63934382, 'node_id': 'MDQ6VXNlcjYzOTM0Mzgy', 'avatar_url': 'https://avatars.githubusercontent.com/u/63934382?v=4', 'gravatar_id': '', 'url': 'https://api.github.com/users/ramsessanchez', 'html_url': 'https://github.com/ramsessanchez', 'followers_url': 'https://api.github.com/users/ramsessanchez/followers', 'following_url': 'https://api.github.com/users/ramsessanchez/following{/other_user}', 'gists_url': 'https://api.github.com/users/ramsessanchez/gists{/gist_id}', 'starred_url': 'https://api.github.com/users/ramsessanchez/starred{/owner}{/repo}', 'subscriptions_url': 'https://api.github.com/users/ramsessanchez/subscriptions', 'organizations_url': 'https://api.github.com/users/ramsessanchez/orgs', 'repos_url': 'https://api.github.com/users/ramsessanchez/repos', 'events_url': 'https://api.github.com/users/ramsessanchez/events{/privacy}', 'received_events_url': 'https://api.github.com/users/ramsessanchez/received_events', 'type': 'User', 'site_admin': False}, 'assignees': [{'login': 'ramsessanchez', 'id': 63934382, 'node_id': 'MDQ6VXNlcjYzOTM0Mzgy', 'avatar_url': 'https://avatars.githubusercontent.com/u/63934382?v=4', 'gravatar_id': '', 'url': 'https://api.github.com/users/ramsessanchez', 'html_url': 'https://github.com/ramsessanchez', 'followers_url': 'https://api.github.com/users/ramsessanchez/followers', 'following_url': 'https://api.github.com/users/ramsessanchez/following{/other_user}', 'gists_url': 'https://api.github.com/users/ramsessanchez/gists{/gist_id}', 'starred_url': 'https://api.github.com/users/ramsessanchez/starred{/owner}{/repo}', 'subscriptions_url': 'https://api.github.com/users/ramsessanchez/subscriptions', 'organizations_url': 'https://api.github.com/users/ramsessanchez/orgs', 'repos_url': 'https://api.github.com/users/ramsessanchez/repos', 'events_url': 'https://api.github.com/users/ramsessanchez/events{/privacy}', 'received_events_url': 'https://api.github.com/users/ramsessanchez/received_events', 'type': 'User', 'site_admin': False}], 'requested_reviewers': [{'login': 'darrelmiller', 'id': 447694, 'node_id': 'MDQ6VXNlcjQ0NzY5NA==', 'avatar_url': 'https://avatars.githubusercontent.com/u/447694?v=4', 'gravatar_id': '', 'url': 'https://api.github.com/users/darrelmiller', 'html_url': 'https://github.com/darrelmiller', 'followers_url': 'https://api.github.com/users/darrelmiller/followers', 'following_url': 'https://api.github.com/users/darrelmiller/following{/other_user}', 'gists_url': 'https://api.github.com/users/darrelmiller/gists{/gist_id}', 'starred_url': 'https://api.github.com/users/darrelmiller/starred{/owner}{/repo}', 'subscriptions_url': 'https://api.github.com/users/darrelmiller/subscriptions', 'organizations_url': 'https://api.github.com/users/darrelmiller/orgs', 'repos_url': 'https://api.github.com/users/darrelmiller/repos', 'events_url': 'https://api.github.com/users/darrelmiller/events{/privacy}', 'received_events_url': 'https://api.github.com/users/darrelmiller/received_events', 'type': 'User', 'site_admin': False}, {'login': 'calebkiage', 'id': 747955, 'node_id': 'MDQ6VXNlcjc0Nzk1NQ==', 'avatar_url': 'https://avatars.githubusercontent.com/u/747955?v=4', 'gravatar_id': '', 'url': 'https://api.github.com/users/calebkiage', 'html_url': 'https://github.com/calebkiage', 'followers_url': 'https://api.github.com/users/calebkiage/followers', 'following_url': 'https://api.github.com/users/calebkiage/following{/other_user}', 'gists_url': 'https://api.github.com/users/calebkiage/gists{/gist_id}', 'starred_url': 'https://api.github.com/users/calebkiage/starred{/owner}{/repo}', 'subscriptions_url': 'https://api.github.com/users/calebkiage/subscriptions', 'organizations_url': 'https://api.github.com/users/calebkiage/orgs', 'repos_url': 'https://api.github.com/users/calebkiage/repos', 'events_url': 'https://api.github.com/users/calebkiage/events{/privacy}', 'received_events_url': 'https://api.github.com/users/calebkiage/received_events', 'type': 'User', 'site_admin': False}, {'login': 'zengin', 'id': 803311, 'node_id': 'MDQ6VXNlcjgwMzMxMQ==', 'avatar_url': 'https://avatars.githubusercontent.com/u/803311?v=4', 'gravatar_id': '', 'url': 'https://api.github.com/users/zengin', 'html_url': 'https://github.com/zengin', 'followers_url': 'https://api.github.com/users/zengin/followers', 'following_url': 'https://api.github.com/users/zengin/following{/other_user}', 'gists_url': 'https://api.github.com/users/zengin/gists{/gist_id}', 'starred_url': 'https://api.github.com/users/zengin/starred{/owner}{/repo}', 'subscriptions_url': 'https://api.github.com/users/zengin/subscriptions', 'organizations_url': 'https://api.github.com/users/zengin/orgs', 'repos_url': 'https://api.github.com/users/zengin/repos', 'events_url': 'https://api.github.com/users/zengin/events{/privacy}', 'received_events_url': 'https://api.github.com/users/zengin/received_events', 'type': 'User', 'site_admin': False}, {'login': 'andrueastman', 'id': 6464005, 'node_id': 'MDQ6VXNlcjY0NjQwMDU=', 'avatar_url': 'https://avatars.githubusercontent.com/u/6464005?v=4', 'gravatar_id': '', 'url': 'https://api.github.com/users/andrueastman', 'html_url': 'https://github.com/andrueastman', 'followers_url': 'https://api.github.com/users/andrueastman/followers', 'following_url': 'https://api.github.com/users/andrueastman/following{/other_user}', 'gists_url': 'https://api.github.com/users/andrueastman/gists{/gist_id}', 'starred_url': 'https://api.github.com/users/andrueastman/starred{/owner}{/repo}', 'subscriptions_url': 'https://api.github.com/users/andrueastman/subscriptions', 'organizations_url': 'https://api.github.com/users/andrueastman/orgs', 'repos_url': 'https://api.github.com/users/andrueastman/repos', 'events_url': 'https://api.github.com/users/andrueastman/events{/privacy}', 'received_events_url': 'https://api.github.com/users/andrueastman/received_events', 'type': 'User', 'site_admin': False}, {'login': 'peombwa', 'id': 7061532, 'node_id': 'MDQ6VXNlcjcwNjE1MzI=', 'avatar_url': 'https://avatars.githubusercontent.com/u/7061532?v=4', 'gravatar_id': '', 'url': 'https://api.github.com/users/peombwa', 'html_url': 'https://github.com/peombwa', 'followers_url': 'https://api.github.com/users/peombwa/followers', 'following_url': 'https://api.github.com/users/peombwa/following{/other_user}', 'gists_url': 'https://api.github.com/users/peombwa/gists{/gist_id}', 'starred_url': 'https://api.github.com/users/peombwa/starred{/owner}{/repo}', 'subscriptions_url': 'https://api.github.com/users/peombwa/subscriptions', 'organizations_url': 'https://api.github.com/users/peombwa/orgs', 'repos_url': 'https://api.github.com/users/peombwa/repos', 'events_url': 'https://api.github.com/users/peombwa/events{/privacy}', 'received_events_url': 'https://api.github.com/users/peombwa/received_events', 'type': 'User', 'site_admin': False}, {'login': 'MIchaelMainer', 'id': 8527305, 'node_id': 'MDQ6VXNlcjg1MjczMDU=', 'avatar_url': 'https://avatars.githubusercontent.com/u/8527305?v=4', 'gravatar_id': '', 'url': 'https://api.github.com/users/MIchaelMainer', 'html_url': 'https://github.com/MIchaelMainer', 'followers_url': 'https://api.github.com/users/MIchaelMainer/followers', 'following_url': 'https://api.github.com/users/MIchaelMainer/following{/other_user}', 'gists_url': 'https://api.github.com/users/MIchaelMainer/gists{/gist_id}', 'starred_url': 'https://api.github.com/users/MIchaelMainer/starred{/owner}{/repo}', 'subscriptions_url': 'https://api.github.com/users/MIchaelMainer/subscriptions', 'organizations_url': 'https://api.github.com/users/MIchaelMainer/orgs', 'repos_url': 'https://api.github.com/users/MIchaelMainer/repos', 'events_url': 'https://api.github.com/users/MIchaelMainer/events{/privacy}', 'received_events_url': 'https://api.github.com/users/MIchaelMainer/received_events', 'type': 'User', 'site_admin': False}, {'login': 'ddyett', 'id': 20829981, 'node_id': 'MDQ6VXNlcjIwODI5OTgx', 'avatar_url': 'https://avatars.githubusercontent.com/u/20829981?v=4', 'gravatar_id': '', 'url': 'https://api.github.com/users/ddyett', 'html_url': 'https://github.com/ddyett', 'followers_url': 'https://api.github.com/users/ddyett/followers', 'following_url': 'https://api.github.com/users/ddyett/following{/other_user}', 'gists_url': 'https://api.github.com/users/ddyett/gists{/gist_id}', 'starred_url': 'https://api.github.com/users/ddyett/starred{/owner}{/repo}', 'subscriptions_url': 'https://api.github.com/users/ddyett/subscriptions', 'organizations_url': 'https://api.github.com/users/ddyett/orgs', 'repos_url': 'https://api.github.com/users/ddyett/repos', 'events_url': 'https://api.github.com/users/ddyett/events{/privacy}', 'received_events_url': 'https://api.github.com/users/ddyett/received_events', 'type': 'User', 'site_admin': False}, {'login': 'nikithauc', 'id': 23219007, 'node_id': 'MDQ6VXNlcjIzMjE5MDA3', 'avatar_url': 'https://avatars.githubusercontent.com/u/23219007?v=4', 'gravatar_id': '', 'url': 'https://api.github.com/users/nikithauc', 'html_url': 'https://github.com/nikithauc', 'followers_url': 'https://api.github.com/users/nikithauc/followers', 'following_url': 'https://api.github.com/users/nikithauc/following{/other_user}', 'gists_url': 'https://api.github.com/users/nikithauc/gists{/gist_id}', 'starred_url': 'https://api.github.com/users/nikithauc/starred{/owner}{/repo}', 'subscriptions_url': 'https://api.github.com/users/nikithauc/subscriptions', 'organizations_url': 'https://api.github.com/users/nikithauc/orgs', 'repos_url': 'https://api.github.com/users/nikithauc/repos', 'events_url': 'https://api.github.com/users/nikithauc/events{/privacy}', 'received_events_url': 'https://api.github.com/users/nikithauc/received_events', 'type': 'User', 'site_admin': False}], 'requested_teams': [], 'labels': [{'id': 3016752852, 'node_id': 'MDU6TGFiZWwzMDE2NzUyODUy', 'url': 'https://api.github.com/repos/microsoft/kiota/labels/Java', 'name': 'Java', 'color': 'B60205', 'default': False, 'description': ''}], 'milestone': {'url': 'https://api.github.com/repos/microsoft/kiota/milestones/8', 'html_url': 'https://github.com/microsoft/kiota/milestone/8', 'labels_url': 'https://api.github.com/repos/microsoft/kiota/milestones/8/labels', 'id': 7163004, 'node_id': 'MI_kwDOE0q91s4AbUx8', 'number': 8, 'title': 'Complete Graph API Surface support', 'description': 'Kiota is able to solve for the limitations previously posed by TypeWriter and listed out in raptor', 'creator': {'login': 'darrelmiller', 'id': 447694, 'node_id': 'MDQ6VXNlcjQ0NzY5NA==', 'avatar_url': 'https://avatars.githubusercontent.com/u/447694?v=4', 'gravatar_id': '', 'url': 'https://api.github.com/users/darrelmiller', 'html_url': 'https://github.com/darrelmiller', 'followers_url': 'https://api.github.com/users/darrelmiller/followers', 'following_url': 'https://api.github.com/users/darrelmiller/following{/other_user}', 'gists_url': 'https://api.github.com/users/darrelmiller/gists{/gist_id}', 'starred_url': 'https://api.github.com/users/darrelmiller/starred{/owner}{/repo}', 'subscriptions_url': 'https://api.github.com/users/darrelmiller/subscriptions', 'organizations_url': 'https://api.github.com/users/darrelmiller/orgs', 'repos_url': 'https://api.github.com/users/darrelmiller/repos', 'events_url': 'https://api.github.com/users/darrelmiller/events{/privacy}', 'received_events_url': 'https://api.github.com/users/darrelmiller/received_events', 'type': 'User', 'site_admin': False}, 'open_issues': 75, 'closed_issues': 8, 'state': 'open', 'created_at': '2021-09-17T16:06:22Z', 'updated_at': '2022-04-05T11:44:51Z', 'due_on': '2022-05-01T07:00:00Z', 'closed_at': None}, 'draft': False, 'commits_url': 'https://api.github.com/repos/microsoft/kiota/pulls/1477/commits', 'review_comments_url': 'https://api.github.com/repos/microsoft/kiota/pulls/1477/comments', 'review_comment_url': 'https://api.github.com/repos/microsoft/kiota/pulls/comments{/number}', 'comments_url': 'https://api.github.com/repos/microsoft/kiota/issues/1477/comments', 'statuses_url': 'https://api.github.com/repos/microsoft/kiota/statuses/aa5df0ac52b782ce101ec43da0a3114e7e8f9a7e', 'head': {'label': 'microsoft:rsh/java-core-migration', 'ref': 'rsh/java-core-migration', 'sha': 'aa5df0ac52b782ce101ec43da0a3114e7e8f9a7e', 'user': {'login': 'microsoft', 'id': 6154722, 'node_id': 'MDEyOk9yZ2FuaXphdGlvbjYxNTQ3MjI=', 'avatar_url': 'https://avatars.githubusercontent.com/u/6154722?v=4', 'gravatar_id': '', 'url': 'https://api.github.com/users/microsoft', 'html_url': 'https://github.com/microsoft', 'followers_url': 'https://api.github.com/users/microsoft/followers', 'following_url': 'https://api.github.com/users/microsoft/following{/other_user}', 'gists_url': 'https://api.github.com/users/microsoft/gists{/gist_id}', 'starred_url': 'https://api.github.com/users/microsoft/starred{/owner}{/repo}', 'subscriptions_url': 'https://api.github.com/users/microsoft/subscriptions', 'organizations_url': 'https://api.github.com/users/microsoft/orgs', 'repos_url': 'https://api.github.com/users/microsoft/repos', 'events_url': 'https://api.github.com/users/microsoft/events{/privacy}', 'received_events_url': 'https://api.github.com/users/microsoft/received_events', 'type': 'Organization', 'site_admin': False}, 'repo': {'id': 323665366, 'node_id': 'MDEwOlJlcG9zaXRvcnkzMjM2NjUzNjY=', 'name': 'kiota', 'full_name': 'microsoft/kiota', 'private': False, 'owner': {'login': 'microsoft', 'id': 6154722, 'node_id': 'MDEyOk9yZ2FuaXphdGlvbjYxNTQ3MjI=', 'avatar_url': 'https://avatars.githubusercontent.com/u/6154722?v=4', 'gravatar_id': '', 'url': 'https://api.github.com/users/microsoft', 'html_url': 'https://github.com/microsoft', 'followers_url': 'https://api.github.com/users/microsoft/followers', 'following_url': 'https://api.github.com/users/microsoft/following{/other_user}', 'gists_url': 'https://api.github.com/users/microsoft/gists{/gist_id}', 'starred_url': 'https://api.github.com/users/microsoft/starred{/owner}{/repo}', 'subscriptions_url': 'https://api.github.com/users/microsoft/subscriptions', 'organizations_url': 'https://api.github.com/users/microsoft/orgs', 'repos_url': 'https://api.github.com/users/microsoft/repos', 'events_url': 'https://api.github.com/users/microsoft/events{/privacy}', 'received_events_url': 'https://api.github.com/users/microsoft/received_events', 'type': 'Organization', 'site_admin': False}, 'html_url': 'https://github.com/microsoft/kiota', 'description': 'OpenAPI based HTTP Client SDK code generator', 'fork': False, 'url': 'https://api.github.com/repos/microsoft/kiota', 'forks_url': 'https://api.github.com/repos/microsoft/kiota/forks', 'keys_url': 'https://api.github.com/repos/microsoft/kiota/keys{/key_id}', 'collaborators_url': 'https://api.github.com/repos/microsoft/kiota/collaborators{/collaborator}', 'teams_url': 'https://api.github.com/repos/microsoft/kiota/teams', 'hooks_url': 'https://api.github.com/repos/microsoft/kiota/hooks', 'issue_events_url': 'https://api.github.com/repos/microsoft/kiota/issues/events{/number}', 'events_url': 'https://api.github.com/repos/microsoft/kiota/events', 'assignees_url': 'https://api.github.com/repos/microsoft/kiota/assignees{/user}', 'branches_url': 'https://api.github.com/repos/microsoft/kiota/branches{/branch}', 'tags_url': 'https://api.github.com/repos/microsoft/kiota/tags', 'blobs_url': 'https://api.github.com/repos/microsoft/kiota/git/blobs{/sha}', 'git_tags_url': 'https://api.github.com/repos/microsoft/kiota/git/tags{/sha}', 'git_refs_url': 'https://api.github.com/repos/microsoft/kiota/git/refs{/sha}', 'trees_url': 'https://api.github.com/repos/microsoft/kiota/git/trees{/sha}', 'statuses_url': 'https://api.github.com/repos/microsoft/kiota/statuses/{sha}', 'languages_url': 'https://api.github.com/repos/microsoft/kiota/languages', 'stargazers_url': 'https://api.github.com/repos/microsoft/kiota/stargazers', 'contributors_url': 'https://api.github.com/repos/microsoft/kiota/contributors', 'subscribers_url': 'https://api.github.com/repos/microsoft/kiota/subscribers', 'subscription_url': 'https://api.github.com/repos/microsoft/kiota/subscription', 'commits_url': 'https://api.github.com/repos/microsoft/kiota/commits{/sha}', 'git_commits_url': 'https://api.github.com/repos/microsoft/kiota/git/commits{/sha}', 'comments_url': 'https://api.github.com/repos/microsoft/kiota/comments{/number}', 'issue_comment_url': 'https://api.github.com/repos/microsoft/kiota/issues/comments{/number}', 'contents_url': 'https://api.github.com/repos/microsoft/kiota/contents/{+path}', 'compare_url': 'https://api.github.com/repos/microsoft/kiota/compare/{base}...{head}', 'merges_url': 'https://api.github.com/repos/microsoft/kiota/merges', 'archive_url': 'https://api.github.com/repos/microsoft/kiota/{archive_format}{/ref}', 'downloads_url': 'https://api.github.com/repos/microsoft/kiota/downloads', 'issues_url': 'https://api.github.com/repos/microsoft/kiota/issues{/number}', 'pulls_url': 'https://api.github.com/repos/microsoft/kiota/pulls{/number}', 'milestones_url': 'https://api.github.com/repos/microsoft/kiota/milestones{/number}', 'notifications_url': 'https://api.github.com/repos/microsoft/kiota/notifications{?since,all,participating}', 'labels_url': 'https://api.github.com/repos/microsoft/kiota/labels{/name}', 'releases_url': 'https://api.github.com/repos/microsoft/kiota/releases{/id}', 'deployments_url': 'https://api.github.com/repos/microsoft/kiota/deployments', 'created_at': '2020-12-22T15:35:49Z', 'updated_at': '2022-04-05T15:22:08Z', 'pushed_at': '2022-04-05T12:00:13Z', 'git_url': 'git://github.com/microsoft/kiota.git', 'ssh_url': 'git@github.com:microsoft/kiota.git', 'clone_url': 'https://github.com/microsoft/kiota.git', 'svn_url': 'https://github.com/microsoft/kiota', 'homepage': 'https://microsoft.github.io/kiota', 'size': 8800, 'stargazers_count': 131, 'watchers_count': 131, 'language': 'C#', 'has_issues': True, 'has_projects': True, 'has_downloads': True, 'has_wiki': False, 'has_pages': True, 'forks_count': 20, 'mirror_url': None, 'archived': False, 'disabled': False, 'open_issues_count': 93, 'license': {'key': 'mit', 'name': 'MIT License', 'spdx_id': 'MIT', 'url': 'https://api.github.com/licenses/mit', 'node_id': 'MDc6TGljZW5zZTEz'}, 'allow_forking': True, 'is_template': False, 'topics': ['api', 'csharp', 'dotnet', 'golang', 'hacktoberfest', 'http', 'java', 'openapi', 'php', 'ruby', 'typescript'], 'visibility': 'public', 'forks': 20, 'open_issues': 93, 'watchers': 131, 'default_branch': 'main'}}, 'base': {'label': 'microsoft:main', 'ref': 'main', 'sha': '36f20bff43ddf7146ba0fbdd7a4ac0c0ecc49143', 'user': {'login': 'microsoft', 'id': 6154722, 'node_id': 'MDEyOk9yZ2FuaXphdGlvbjYxNTQ3MjI=', 'avatar_url': 'https://avatars.githubusercontent.com/u/6154722?v=4', 'gravatar_id': '', 'url': 'https://api.github.com/users/microsoft', 'html_url': 'https://github.com/microsoft', 'followers_url': 'https://api.github.com/users/microsoft/followers', 'following_url': 'https://api.github.com/users/microsoft/following{/other_user}', 'gists_url': 'https://api.github.com/users/microsoft/gists{/gist_id}', 'starred_url': 'https://api.github.com/users/microsoft/starred{/owner}{/repo}', 'subscriptions_url': 'https://api.github.com/users/microsoft/subscriptions', 'organizations_url': 'https://api.github.com/users/microsoft/orgs', 'repos_url': 'https://api.github.com/users/microsoft/repos', 'events_url': 'https://api.github.com/users/microsoft/events{/privacy}', 'received_events_url': 'https://api.github.com/users/microsoft/received_events', 'type': 'Organization', 'site_admin': False}, 'repo': {'id': 323665366, 'node_id': 'MDEwOlJlcG9zaXRvcnkzMjM2NjUzNjY=', 'name': 'kiota', 'full_name': 'microsoft/kiota', 'private': False, 'owner': {'login': 'microsoft', 'id': 6154722, 'node_id': 'MDEyOk9yZ2FuaXphdGlvbjYxNTQ3MjI=', 'avatar_url': 'https://avatars.githubusercontent.com/u/6154722?v=4', 'gravatar_id': '', 'url': 'https://api.github.com/users/microsoft', 'html_url': 'https://github.com/microsoft', 'followers_url': 'https://api.github.com/users/microsoft/followers', 'following_url': 'https://api.github.com/users/microsoft/following{/other_user}', 'gists_url': 'https://api.github.com/users/microsoft/gists{/gist_id}', 'starred_url': 'https://api.github.com/users/microsoft/starred{/owner}{/repo}', 'subscriptions_url': 'https://api.github.com/users/microsoft/subscriptions', 'organizations_url': 'https://api.github.com/users/microsoft/orgs', 'repos_url': 'https://api.github.com/users/microsoft/repos', 'events_url': 'https://api.github.com/users/microsoft/events{/privacy}', 'received_events_url': 'https://api.github.com/users/microsoft/received_events', 'type': 'Organization', 'site_admin': False}, 'html_url': 'https://github.com/microsoft/kiota', 'description': 'OpenAPI based HTTP Client SDK code generator', 'fork': False, 'url': 'https://api.github.com/repos/microsoft/kiota', 'forks_url': 'https://api.github.com/repos/microsoft/kiota/forks', 'keys_url': 'https://api.github.com/repos/microsoft/kiota/keys{/key_id}', 'collaborators_url': 'https://api.github.com/repos/microsoft/kiota/collaborators{/collaborator}', 'teams_url': 'https://api.github.com/repos/microsoft/kiota/teams', 'hooks_url': 'https://api.github.com/repos/microsoft/kiota/hooks', 'issue_events_url': 'https://api.github.com/repos/microsoft/kiota/issues/events{/number}', 'events_url': 'https://api.github.com/repos/microsoft/kiota/events', 'assignees_url': 'https://api.github.com/repos/microsoft/kiota/assignees{/user}', 'branches_url': 'https://api.github.com/repos/microsoft/kiota/branches{/branch}', 'tags_url': 'https://api.github.com/repos/microsoft/kiota/tags', 'blobs_url': 'https://api.github.com/repos/microsoft/kiota/git/blobs{/sha}', 'git_tags_url': 'https://api.github.com/repos/microsoft/kiota/git/tags{/sha}', 'git_refs_url': 'https://api.github.com/repos/microsoft/kiota/git/refs{/sha}', 'trees_url': 'https://api.github.com/repos/microsoft/kiota/git/trees{/sha}', 'statuses_url': 'https://api.github.com/repos/microsoft/kiota/statuses/{sha}', 'languages_url': 'https://api.github.com/repos/microsoft/kiota/languages', 'stargazers_url': 'https://api.github.com/repos/microsoft/kiota/stargazers', 'contributors_url': 'https://api.github.com/repos/microsoft/kiota/contributors', 'subscribers_url': 'https://api.github.com/repos/microsoft/kiota/subscribers', 'subscription_url': 'https://api.github.com/repos/microsoft/kiota/subscription', 'commits_url': 'https://api.github.com/repos/microsoft/kiota/commits{/sha}', 'git_commits_url': 'https://api.github.com/repos/microsoft/kiota/git/commits{/sha}', 'comments_url': 'https://api.github.com/repos/microsoft/kiota/comments{/number}', 'issue_comment_url': 'https://api.github.com/repos/microsoft/kiota/issues/comments{/number}', 'contents_url': 'https://api.github.com/repos/microsoft/kiota/contents/{+path}', 'compare_url': 'https://api.github.com/repos/microsoft/kiota/compare/{base}...{head}', 'merges_url': 'https://api.github.com/repos/microsoft/kiota/merges', 'archive_url': 'https://api.github.com/repos/microsoft/kiota/{archive_format}{/ref}', 'downloads_url': 'https://api.github.com/repos/microsoft/kiota/downloads', 'issues_url': 'https://api.github.com/repos/microsoft/kiota/issues{/number}', 'pulls_url': 'https://api.github.com/repos/microsoft/kiota/pulls{/number}', 'milestones_url': 'https://api.github.com/repos/microsoft/kiota/milestones{/number}', 'notifications_url': 'https://api.github.com/repos/microsoft/kiota/notifications{?since,all,participating}', 'labels_url': 'https://api.github.com/repos/microsoft/kiota/labels{/name}', 'releases_url': 'https://api.github.com/repos/microsoft/kiota/releases{/id}', 'deployments_url': 'https://api.github.com/repos/microsoft/kiota/deployments', 'created_at': '2020-12-22T15:35:49Z', 'updated_at': '2022-04-05T15:22:08Z', 'pushed_at': '2022-04-05T12:00:13Z', 'git_url': 'git://github.com/microsoft/kiota.git', 'ssh_url': 'git@github.com:microsoft/kiota.git', 'clone_url': 'https://github.com/microsoft/kiota.git', 'svn_url': 'https://github.com/microsoft/kiota', 'homepage': 'https://microsoft.github.io/kiota', 'size': 8800, 'stargazers_count': 131, 'watchers_count': 131, 'language': 'C#', 'has_issues': True, 'has_projects': True, 'has_downloads': True, 'has_wiki': False, 'has_pages': True, 'forks_count': 20, 'mirror_url': None, 'archived': False, 'disabled': False, 'open_issues_count': 93, 'license': {'key': 'mit', 'name': 'MIT License', 'spdx_id': 'MIT', 'url': 'https://api.github.com/licenses/mit', 'node_id': 'MDc6TGljZW5zZTEz'}, 'allow_forking': True, 'is_template': False, 'topics': ['api', 'csharp', 'dotnet', 'golang', 'hacktoberfest', 'http', 'java', 'openapi', 'php', 'ruby', 'typescript'], 'visibility': 'public', 'forks': 20, 'open_issues': 93, 'watchers': 131, 'default_branch': 'main'}}, '_links': {'self': {'href': 'https://api.github.com/repos/microsoft/kiota/pulls/1477'}, 'html': {'href': 'https://github.com/microsoft/kiota/pull/1477'}, 'issue': {'href': 'https://api.github.com/repos/microsoft/kiota/issues/1477'}, 'comments': {'href': 'https://api.github.com/repos/microsoft/kiota/issues/1477/comments'}, 'review_comments': {'href': 'https://api.github.com/repos/microsoft/kiota/pulls/1477/comments'}, 'review_comment': {'href': 'https://api.github.com/repos/microsoft/kiota/pulls/comments{/number}'}, 'commits': {'href': 'https://api.github.com/repos/microsoft/kiota/pulls/1477/commits'}, 'statuses': {'href': 'https://api.github.com/repos/microsoft/kiota/statuses/aa5df0ac52b782ce101ec43da0a3114e7e8f9a7e'}}, 'author_association': 'CONTRIBUTOR', 'auto_merge': None, 'active_lock_reason': None}}",created,C#
21119360391,PullRequestEvent,microsoftgraph/msgraph-beta-sdk-java,0.0,2022-04-05T11:45:56Z,"{'action': 'opened', 'number': 273, 'pull_request': {'url': 'https://api.github.com/repos/microsoftgraph/msgraph-beta-sdk-java/pulls/273', 'id': 900115023, 'node_id': 'PR_kwDODDF5Ls41pqpP', 'html_url': 'https://github.com/microsoftgraph/msgraph-beta-sdk-java/pull/273', 'diff_url': 'https://github.com/microsoftgraph/msgraph-beta-sdk-java/pull/273.diff', 'patch_url': 'https://github.com/microsoftgraph/msgraph-beta-sdk-java/pull/273.patch', 'issue_url': 'https://api.github.com/repos/microsoftgraph/msgraph-beta-sdk-java/issues/273', 'number': 273, 'state': 'open', 'locked': False, 'title': 'Generated beta models and request builders using Typewriter', 'user': {'login': 'ramsessanchez', 'id': 63934382, 'node_id': 'MDQ6VXNlcjYzOTM0Mzgy', 'avatar_url': 'https://avatars.githubusercontent.com/u/63934382?v=4', 'gravatar_id': '', 'url': 'https://api.github.com/users/ramsessanchez', 'html_url': 'https://github.com/ramsessanchez', 'followers_url': 'https://api.github.com/users/ramsessanchez/followers', 'following_url': 'https://api.github.com/users/ramsessanchez/following{/other_user}', 'gists_url': 'https://api.github.com/users/ramsessanchez/gists{/gist_id}', 'starred_url': 'https://api.github.com/users/ramsessanchez/starred{/owner}{/repo}', 'subscriptions_url': 'https://api.github.com/users/ramsessanchez/subscriptions', 'organizations_url': 'https://api.github.com/users/ramsessanchez/orgs', 'repos_url': 'https://api.github.com/users/ramsessanchez/repos', 'events_url': 'https://api.github.com/users/ramsessanchez/events{/privacy}', 'received_events_url': 'https://api.github.com/users/ramsessanchez/received_events', 'type': 'User', 'site_admin': False}, 'body': 'This pull request was automatically created by the GitHub Action, **create pull request**. \n\n The commit hash is _e5861ae6fda6ffbc200429107b5c1b7c1314444e_. \n\n **Important** Check for unexpected deletions or changes in this PR.', 'created_at': '2022-04-05T11:45:55Z', 'updated_at': '2022-04-05T11:45:55Z', 'closed_at': None, 'merged_at': None, 'merge_commit_sha': None, 'assignee': None, 'assignees': [], 'requested_reviewers': [], 'requested_teams': [], 'labels': [], 'milestone': None, 'draft': False, 'commits_url': 'https://api.github.com/repos/microsoftgraph/msgraph-beta-sdk-java/pulls/273/commits', 'review_comments_url': 'https://api.github.com/repos/microsoftgraph/msgraph-beta-sdk-java/pulls/273/comments', 'review_comment_url': 'https://api.github.com/repos/microsoftgraph/msgraph-beta-sdk-java/pulls/comments{/number}', 'comments_url': 'https://api.github.com/repos/microsoftgraph/msgraph-beta-sdk-java/issues/273/comments', 'statuses_url': 'https://api.github.com/repos/microsoftgraph/msgraph-beta-sdk-java/statuses/e5861ae6fda6ffbc200429107b5c1b7c1314444e', 'head': {'label': 'microsoftgraph:beta/pipelinebuild/71731', 'ref': 'beta/pipelinebuild/71731', 'sha': 'e5861ae6fda6ffbc200429107b5c1b7c1314444e', 'user': {'login': 'microsoftgraph', 'id': 17304259, 'node_id': 'MDEyOk9yZ2FuaXphdGlvbjE3MzA0MjU5', 'avatar_url': 'https://avatars.githubusercontent.com/u/17304259?v=4', 'gravatar_id': '', 'url': 'https://api.github.com/users/microsoftgraph', 'html_url': 'https://github.com/microsoftgraph', 'followers_url': 'https://api.github.com/users/microsoftgraph/followers', 'following_url': 'https://api.github.com/users/microsoftgraph/following{/other_user}', 'gists_url': 'https://api.github.com/users/microsoftgraph/gists{/gist_id}', 'starred_url': 'https://api.github.com/users/microsoftgraph/starred{/owner}{/repo}', 'subscriptions_url': 'https://api.github.com/users/microsoftgraph/subscriptions', 'organizations_url': 'https://api.github.com/users/microsoftgraph/orgs', 'repos_url': 'https://api.github.com/users/microsoftgraph/repos', 'events_url': 'https://api.github.com/users/microsoftgraph/events{/privacy}', 'received_events_url': 'https://api.github.com/users/microsoftgraph/received_events', 'type': 'Organization', 'site_admin': False}, 'repo': {'id': 204568878, 'node_id': 'MDEwOlJlcG9zaXRvcnkyMDQ1Njg4Nzg=', 'name': 'msgraph-beta-sdk-java', 'full_name': 'microsoftgraph/msgraph-beta-sdk-java', 'private': False, 'owner': {'login': 'microsoftgraph', 'id': 17304259, 'node_id': 'MDEyOk9yZ2FuaXphdGlvbjE3MzA0MjU5', 'avatar_url': 'https://avatars.githubusercontent.com/u/17304259?v=4', 'gravatar_id': '', 'url': 'https://api.github.com/users/microsoftgraph', 'html_url': 'https://github.com/microsoftgraph', 'followers_url': 'https://api.github.com/users/microsoftgraph/followers', 'following_url': 'https://api.github.com/users/microsoftgraph/following{/other_user}', 'gists_url': 'https://api.github.com/users/microsoftgraph/gists{/gist_id}', 'starred_url': 'https://api.github.com/users/microsoftgraph/starred{/owner}{/repo}', 'subscriptions_url': 'https://api.github.com/users/microsoftgraph/subscriptions', 'organizations_url': 'https://api.github.com/users/microsoftgraph/orgs', 'repos_url': 'https://api.github.com/users/microsoftgraph/repos', 'events_url': 'https://api.github.com/users/microsoftgraph/events{/privacy}', 'received_events_url': 'https://api.github.com/users/microsoftgraph/received_events', 'type': 'Organization', 'site_admin': False}, 'html_url': 'https://github.com/microsoftgraph/msgraph-beta-sdk-java', 'description': 'Microsoft Graph Beta Java SDK', 'fork': False, 'url': 'https://api.github.com/repos/microsoftgraph/msgraph-beta-sdk-java', 'forks_url': 'https://api.github.com/repos/microsoftgraph/msgraph-beta-sdk-java/forks', 'keys_url': 'https://api.github.com/repos/microsoftgraph/msgraph-beta-sdk-java/keys{/key_id}', 'collaborators_url': 'https://api.github.com/repos/microsoftgraph/msgraph-beta-sdk-java/collaborators{/collaborator}', 'teams_url': 'https://api.github.com/repos/microsoftgraph/msgraph-beta-sdk-java/teams', 'hooks_url': 'https://api.github.com/repos/microsoftgraph/msgraph-beta-sdk-java/hooks', 'issue_events_url': 'https://api.github.com/repos/microsoftgraph/msgraph-beta-sdk-java/issues/events{/number}', 'events_url': 'https://api.github.com/repos/microsoftgraph/msgraph-beta-sdk-java/events', 'assignees_url': 'https://api.github.com/repos/microsoftgraph/msgraph-beta-sdk-java/assignees{/user}', 'branches_url': 'https://api.github.com/repos/microsoftgraph/msgraph-beta-sdk-java/branches{/branch}', 'tags_url': 'https://api.github.com/repos/microsoftgraph/msgraph-beta-sdk-java/tags', 'blobs_url': 'https://api.github.com/repos/microsoftgraph/msgraph-beta-sdk-java/git/blobs{/sha}', 'git_tags_url': 'https://api.github.com/repos/microsoftgraph/msgraph-beta-sdk-java/git/tags{/sha}', 'git_refs_url': 'https://api.github.com/repos/microsoftgraph/msgraph-beta-sdk-java/git/refs{/sha}', 'trees_url': 'https://api.github.com/repos/microsoftgraph/msgraph-beta-sdk-java/git/trees{/sha}', 'statuses_url': 'https://api.github.com/repos/microsoftgraph/msgraph-beta-sdk-java/statuses/{sha}', 'languages_url': 'https://api.github.com/repos/microsoftgraph/msgraph-beta-sdk-java/languages', 'stargazers_url': 'https://api.github.com/repos/microsoftgraph/msgraph-beta-sdk-java/stargazers', 'contributors_url': 'https://api.github.com/repos/microsoftgraph/msgraph-beta-sdk-java/contributors', 'subscribers_url': 'https://api.github.com/repos/microsoftgraph/msgraph-beta-sdk-java/subscribers', 'subscription_url': 'https://api.github.com/repos/microsoftgraph/msgraph-beta-sdk-java/subscription', 'commits_url': 'https://api.github.com/repos/microsoftgraph/msgraph-beta-sdk-java/commits{/sha}', 'git_commits_url': 'https://api.github.com/repos/microsoftgraph/msgraph-beta-sdk-java/git/commits{/sha}', 'comments_url': 'https://api.github.com/repos/microsoftgraph/msgraph-beta-sdk-java/comments{/number}', 'issue_comment_url': 'https://api.github.com/repos/microsoftgraph/msgraph-beta-sdk-java/issues/comments{/number}', 'contents_url': 'https://api.github.com/repos/microsoftgraph/msgraph-beta-sdk-java/contents/{+path}', 'compare_url': 'https://api.github.com/repos/microsoftgraph/msgraph-beta-sdk-java/compare/{base}...{head}', 'merges_url': 'https://api.github.com/repos/microsoftgraph/msgraph-beta-sdk-java/merges', 'archive_url': 'https://api.github.com/repos/microsoftgraph/msgraph-beta-sdk-java/{archive_format}{/ref}', 'downloads_url': 'https://api.github.com/repos/microsoftgraph/msgraph-beta-sdk-java/downloads', 'issues_url': 'https://api.github.com/repos/microsoftgraph/msgraph-beta-sdk-java/issues{/number}', 'pulls_url': 'https://api.github.com/repos/microsoftgraph/msgraph-beta-sdk-java/pulls{/number}', 'milestones_url': 'https://api.github.com/repos/microsoftgraph/msgraph-beta-sdk-java/milestones{/number}', 'notifications_url': 'https://api.github.com/repos/microsoftgraph/msgraph-beta-sdk-java/notifications{?since,all,participating}', 'labels_url': 'https://api.github.com/repos/microsoftgraph/msgraph-beta-sdk-java/labels{/name}', 'releases_url': 'https://api.github.com/repos/microsoftgraph/msgraph-beta-sdk-java/releases{/id}', 'deployments_url': 'https://api.github.com/repos/microsoftgraph/msgraph-beta-sdk-java/deployments', 'created_at': '2019-08-26T21:59:24Z', 'updated_at': '2022-02-23T21:45:26Z', 'pushed_at': '2022-04-05T11:45:56Z', 'git_url': 'git://github.com/microsoftgraph/msgraph-beta-sdk-java.git', 'ssh_url': 'git@github.com:microsoftgraph/msgraph-beta-sdk-java.git', 'clone_url': 'https://github.com/microsoftgraph/msgraph-beta-sdk-java.git', 'svn_url': 'https://github.com/microsoftgraph/msgraph-beta-sdk-java', 'homepage': 'https://docs.microsoft.com/en-us/graph/sdks/use-beta?tabs=Java', 'size': 51618, 'stargazers_count': 8, 'watchers_count': 8, 'language': 'Java', 'has_issues': True, 'has_projects': True, 'has_downloads': True, 'has_wiki': False, 'has_pages': False, 'forks_count': 5, 'mirror_url': None, 'archived': False, 'disabled': False, 'open_issues_count': 3, 'license': {'key': 'mit', 'name': 'MIT License', 'spdx_id': 'MIT', 'url': 'https://api.github.com/licenses/mit', 'node_id': 'MDc6TGljZW5zZTEz'}, 'allow_forking': True, 'is_template': False, 'topics': ['java', 'microsoft-graph', 'sdk'], 'visibility': 'public', 'forks': 5, 'open_issues': 3, 'watchers': 8, 'default_branch': 'dev'}}, 'base': {'label': 'microsoftgraph:dev', 'ref': 'dev', 'sha': '160eb5a555bdfed762dee32fb87730561d88aa62', 'user': {'login': 'microsoftgraph', 'id': 17304259, 'node_id': 'MDEyOk9yZ2FuaXphdGlvbjE3MzA0MjU5', 'avatar_url': 'https://avatars.githubusercontent.com/u/17304259?v=4', 'gravatar_id': '', 'url': 'https://api.github.com/users/microsoftgraph', 'html_url': 'https://github.com/microsoftgraph', 'followers_url': 'https://api.github.com/users/microsoftgraph/followers', 'following_url': 'https://api.github.com/users/microsoftgraph/following{/other_user}', 'gists_url': 'https://api.github.com/users/microsoftgraph/gists{/gist_id}', 'starred_url': 'https://api.github.com/users/microsoftgraph/starred{/owner}{/repo}', 'subscriptions_url': 'https://api.github.com/users/microsoftgraph/subscriptions', 'organizations_url': 'https://api.github.com/users/microsoftgraph/orgs', 'repos_url': 'https://api.github.com/users/microsoftgraph/repos', 'events_url': 'https://api.github.com/users/microsoftgraph/events{/privacy}', 'received_events_url': 'https://api.github.com/users/microsoftgraph/received_events', 'type': 'Organization', 'site_admin': False}, 'repo': {'id': 204568878, 'node_id': 'MDEwOlJlcG9zaXRvcnkyMDQ1Njg4Nzg=', 'name': 'msgraph-beta-sdk-java', 'full_name': 'microsoftgraph/msgraph-beta-sdk-java', 'private': False, 'owner': {'login': 'microsoftgraph', 'id': 17304259, 'node_id': 'MDEyOk9yZ2FuaXphdGlvbjE3MzA0MjU5', 'avatar_url': 'https://avatars.githubusercontent.com/u/17304259?v=4', 'gravatar_id': '', 'url': 'https://api.github.com/users/microsoftgraph', 'html_url': 'https://github.com/microsoftgraph', 'followers_url': 'https://api.github.com/users/microsoftgraph/followers', 'following_url': 'https://api.github.com/users/microsoftgraph/following{/other_user}', 'gists_url': 'https://api.github.com/users/microsoftgraph/gists{/gist_id}', 'starred_url': 'https://api.github.com/users/microsoftgraph/starred{/owner}{/repo}', 'subscriptions_url': 'https://api.github.com/users/microsoftgraph/subscriptions', 'organizations_url': 'https://api.github.com/users/microsoftgraph/orgs', 'repos_url': 'https://api.github.com/users/microsoftgraph/repos', 'events_url': 'https://api.github.com/users/microsoftgraph/events{/privacy}', 'received_events_url': 'https://api.github.com/users/microsoftgraph/received_events', 'type': 'Organization', 'site_admin': False}, 'html_url': 'https://github.com/microsoftgraph/msgraph-beta-sdk-java', 'description': 'Microsoft Graph Beta Java SDK', 'fork': False, 'url': 'https://api.github.com/repos/microsoftgraph/msgraph-beta-sdk-java', 'forks_url': 'https://api.github.com/repos/microsoftgraph/msgraph-beta-sdk-java/forks', 'keys_url': 'https://api.github.com/repos/microsoftgraph/msgraph-beta-sdk-java/keys{/key_id}', 'collaborators_url': 'https://api.github.com/repos/microsoftgraph/msgraph-beta-sdk-java/collaborators{/collaborator}', 'teams_url': 'https://api.github.com/repos/microsoftgraph/msgraph-beta-sdk-java/teams', 'hooks_url': 'https://api.github.com/repos/microsoftgraph/msgraph-beta-sdk-java/hooks', 'issue_events_url': 'https://api.github.com/repos/microsoftgraph/msgraph-beta-sdk-java/issues/events{/number}', 'events_url': 'https://api.github.com/repos/microsoftgraph/msgraph-beta-sdk-java/events', 'assignees_url': 'https://api.github.com/repos/microsoftgraph/msgraph-beta-sdk-java/assignees{/user}', 'branches_url': 'https://api.github.com/repos/microsoftgraph/msgraph-beta-sdk-java/branches{/branch}', 'tags_url': 'https://api.github.com/repos/microsoftgraph/msgraph-beta-sdk-java/tags', 'blobs_url': 'https://api.github.com/repos/microsoftgraph/msgraph-beta-sdk-java/git/blobs{/sha}', 'git_tags_url': 'https://api.github.com/repos/microsoftgraph/msgraph-beta-sdk-java/git/tags{/sha}', 'git_refs_url': 'https://api.github.com/repos/microsoftgraph/msgraph-beta-sdk-java/git/refs{/sha}', 'trees_url': 'https://api.github.com/repos/microsoftgraph/msgraph-beta-sdk-java/git/trees{/sha}', 'statuses_url': 'https://api.github.com/repos/microsoftgraph/msgraph-beta-sdk-java/statuses/{sha}', 'languages_url': 'https://api.github.com/repos/microsoftgraph/msgraph-beta-sdk-java/languages', 'stargazers_url': 'https://api.github.com/repos/microsoftgraph/msgraph-beta-sdk-java/stargazers', 'contributors_url': 'https://api.github.com/repos/microsoftgraph/msgraph-beta-sdk-java/contributors', 'subscribers_url': 'https://api.github.com/repos/microsoftgraph/msgraph-beta-sdk-java/subscribers', 'subscription_url': 'https://api.github.com/repos/microsoftgraph/msgraph-beta-sdk-java/subscription', 'commits_url': 'https://api.github.com/repos/microsoftgraph/msgraph-beta-sdk-java/commits{/sha}', 'git_commits_url': 'https://api.github.com/repos/microsoftgraph/msgraph-beta-sdk-java/git/commits{/sha}', 'comments_url': 'https://api.github.com/repos/microsoftgraph/msgraph-beta-sdk-java/comments{/number}', 'issue_comment_url': 'https://api.github.com/repos/microsoftgraph/msgraph-beta-sdk-java/issues/comments{/number}', 'contents_url': 'https://api.github.com/repos/microsoftgraph/msgraph-beta-sdk-java/contents/{+path}', 'compare_url': 'https://api.github.com/repos/microsoftgraph/msgraph-beta-sdk-java/compare/{base}...{head}', 'merges_url': 'https://api.github.com/repos/microsoftgraph/msgraph-beta-sdk-java/merges', 'archive_url': 'https://api.github.com/repos/microsoftgraph/msgraph-beta-sdk-java/{archive_format}{/ref}', 'downloads_url': 'https://api.github.com/repos/microsoftgraph/msgraph-beta-sdk-java/downloads', 'issues_url': 'https://api.github.com/repos/microsoftgraph/msgraph-beta-sdk-java/issues{/number}', 'pulls_url': 'https://api.github.com/repos/microsoftgraph/msgraph-beta-sdk-java/pulls{/number}', 'milestones_url': 'https://api.github.com/repos/microsoftgraph/msgraph-beta-sdk-java/milestones{/number}', 'notifications_url': 'https://api.github.com/repos/microsoftgraph/msgraph-beta-sdk-java/notifications{?since,all,participating}', 'labels_url': 'https://api.github.com/repos/microsoftgraph/msgraph-beta-sdk-java/labels{/name}', 'releases_url': 'https://api.github.com/repos/microsoftgraph/msgraph-beta-sdk-java/releases{/id}', 'deployments_url': 'https://api.github.com/repos/microsoftgraph/msgraph-beta-sdk-java/deployments', 'created_at': '2019-08-26T21:59:24Z', 'updated_at': '2022-02-23T21:45:26Z', 'pushed_at': '2022-04-05T11:45:56Z', 'git_url': 'git://github.com/microsoftgraph/msgraph-beta-sdk-java.git', 'ssh_url': 'git@github.com:microsoftgraph/msgraph-beta-sdk-java.git', 'clone_url': 'https://github.com/microsoftgraph/msgraph-beta-sdk-java.git', 'svn_url': 'https://github.com/microsoftgraph/msgraph-beta-sdk-java', 'homepage': 'https://docs.microsoft.com/en-us/graph/sdks/use-beta?tabs=Java', 'size': 51618, 'stargazers_count': 8, 'watchers_count': 8, 'language': 'Java', 'has_issues': True, 'has_projects': True, 'has_downloads': True, 'has_wiki': False, 'has_pages': False, 'forks_count': 5, 'mirror_url': None, 'archived': False, 'disabled': False, 'open_issues_count': 3, 'license': {'key': 'mit', 'name': 'MIT License', 'spdx_id': 'MIT', 'url': 'https://api.github.com/licenses/mit', 'node_id': 'MDc6TGljZW5zZTEz'}, 'allow_forking': True, 'is_template': False, 'topics': ['java', 'microsoft-graph', 'sdk'], 'visibility': 'public', 'forks': 5, 'open_issues': 3, 'watchers': 8, 'default_branch': 'dev'}}, '_links': {'self': {'href': 'https://api.github.com/repos/microsoftgraph/msgraph-beta-sdk-java/pulls/273'}, 'html': {'href': 'https://github.com/microsoftgraph/msgraph-beta-sdk-java/pull/273'}, 'issue': {'href': 'https://api.github.com/repos/microsoftgraph/msgraph-beta-sdk-java/issues/273'}, 'comments': {'href': 'https://api.github.com/repos/microsoftgraph/msgraph-beta-sdk-java/issues/273/comments'}, 'review_comments': {'href': 'https://api.github.com/repos/microsoftgraph/msgraph-beta-sdk-java/pulls/273/comments'}, 'review_comment': {'href': 'https://api.github.com/repos/microsoftgraph/msgraph-beta-sdk-java/pulls/comments{/number}'}, 'commits': {'href': 'https://api.github.com/repos/microsoftgraph/msgraph-beta-sdk-java/pulls/273/commits'}, 'statuses': {'href': 'https://api.github.com/repos/microsoftgraph/msgraph-beta-sdk-java/statuses/e5861ae6fda6ffbc200429107b5c1b7c1314444e'}}, 'author_association': 'CONTRIBUTOR', 'auto_merge': None, 'active_lock_reason': None, 'merged': False, 'mergeable': None, 'rebaseable': None, 'mergeable_state': 'unknown', 'merged_by': None, 'comments': 0, 'review_comments': 0, 'maintainer_can_modify': False, 'commits': 1, 'additions': 6415, 'deletions': 97, 'changed_files': 123}}",opened,Java
21117718299,PullRequestEvent,microsoftgraph/msgraph-sdk-java,0.0,2022-04-05T10:12:38Z,"{'action': 'opened', 'number': 1038, 'pull_request': {'url': 'https://api.github.com/repos/microsoftgraph/msgraph-sdk-java/pulls/1038', 'id': 900015805, 'node_id': 'PR_kwDOBig9Oc41pSa9', 'html_url': 'https://github.com/microsoftgraph/msgraph-sdk-java/pull/1038', 'diff_url': 'https://github.com/microsoftgraph/msgraph-sdk-java/pull/1038.diff', 'patch_url': 'https://github.com/microsoftgraph/msgraph-sdk-java/pull/1038.patch', 'issue_url': 'https://api.github.com/repos/microsoftgraph/msgraph-sdk-java/issues/1038', 'number': 1038, 'state': 'open', 'locked': False, 'title': 'Generated v1.0 models and request builders using Typewriter', 'user': {'login': 'ramsessanchez', 'id': 63934382, 'node_id': 'MDQ6VXNlcjYzOTM0Mzgy', 'avatar_url': 'https://avatars.githubusercontent.com/u/63934382?v=4', 'gravatar_id': '', 'url': 'https://api.github.com/users/ramsessanchez', 'html_url': 'https://github.com/ramsessanchez', 'followers_url': 'https://api.github.com/users/ramsessanchez/followers', 'following_url': 'https://api.github.com/users/ramsessanchez/following{/other_user}', 'gists_url': 'https://api.github.com/users/ramsessanchez/gists{/gist_id}', 'starred_url': 'https://api.github.com/users/ramsessanchez/starred{/owner}{/repo}', 'subscriptions_url': 'https://api.github.com/users/ramsessanchez/subscriptions', 'organizations_url': 'https://api.github.com/users/ramsessanchez/orgs', 'repos_url': 'https://api.github.com/users/ramsessanchez/repos', 'events_url': 'https://api.github.com/users/ramsessanchez/events{/privacy}', 'received_events_url': 'https://api.github.com/users/ramsessanchez/received_events', 'type': 'User', 'site_admin': False}, 'body': 'This pull request was automatically created by the GitHub Action, **create pull request**. \n\n The commit hash is _4b0d2e82c76d67f2f24805ee8a1be8cd70caf87b_. \n\n **Important** Check for unexpected deletions or changes in this PR.', 'created_at': '2022-04-05T10:12:37Z', 'updated_at': '2022-04-05T10:12:37Z', 'closed_at': None, 'merged_at': None, 'merge_commit_sha': None, 'assignee': None, 'assignees': [], 'requested_reviewers': [], 'requested_teams': [], 'labels': [], 'milestone': None, 'draft': False, 'commits_url': 'https://api.github.com/repos/microsoftgraph/msgraph-sdk-java/pulls/1038/commits', 'review_comments_url': 'https://api.github.com/repos/microsoftgraph/msgraph-sdk-java/pulls/1038/comments', 'review_comment_url': 'https://api.github.com/repos/microsoftgraph/msgraph-sdk-java/pulls/comments{/number}', 'comments_url': 'https://api.github.com/repos/microsoftgraph/msgraph-sdk-java/issues/1038/comments', 'statuses_url': 'https://api.github.com/repos/microsoftgraph/msgraph-sdk-java/statuses/4b0d2e82c76d67f2f24805ee8a1be8cd70caf87b', 'head': {'label': 'microsoftgraph:v1.0/pipelinebuild/71731', 'ref': 'v1.0/pipelinebuild/71731', 'sha': '4b0d2e82c76d67f2f24805ee8a1be8cd70caf87b', 'user': {'login': 'microsoftgraph', 'id': 17304259, 'node_id': 'MDEyOk9yZ2FuaXphdGlvbjE3MzA0MjU5', 'avatar_url': 'https://avatars.githubusercontent.com/u/17304259?v=4', 'gravatar_id': '', 'url': 'https://api.github.com/users/microsoftgraph', 'html_url': 'https://github.com/microsoftgraph', 'followers_url': 'https://api.github.com/users/microsoftgraph/followers', 'following_url': 'https://api.github.com/users/microsoftgraph/following{/other_user}', 'gists_url': 'https://api.github.com/users/microsoftgraph/gists{/gist_id}', 'starred_url': 'https://api.github.com/users/microsoftgraph/starred{/owner}{/repo}', 'subscriptions_url': 'https://api.github.com/users/microsoftgraph/subscriptions', 'organizations_url': 'https://api.github.com/users/microsoftgraph/orgs', 'repos_url': 'https://api.github.com/users/microsoftgraph/repos', 'events_url': 'https://api.github.com/users/microsoftgraph/events{/privacy}', 'received_events_url': 'https://api.github.com/users/microsoftgraph/received_events', 'type': 'Organization', 'site_admin': False}, 'repo': {'id': 103300409, 'node_id': 'MDEwOlJlcG9zaXRvcnkxMDMzMDA0MDk=', 'name': 'msgraph-sdk-java', 'full_name': 'microsoftgraph/msgraph-sdk-java', 'private': False, 'owner': {'login': 'microsoftgraph', 'id': 17304259, 'node_id': 'MDEyOk9yZ2FuaXphdGlvbjE3MzA0MjU5', 'avatar_url': 'https://avatars.githubusercontent.com/u/17304259?v=4', 'gravatar_id': '', 'url': 'https://api.github.com/users/microsoftgraph', 'html_url': 'https://github.com/microsoftgraph', 'followers_url': 'https://api.github.com/users/microsoftgraph/followers', 'following_url': 'https://api.github.com/users/microsoftgraph/following{/other_user}', 'gists_url': 'https://api.github.com/users/microsoftgraph/gists{/gist_id}', 'starred_url': 'https://api.github.com/users/microsoftgraph/starred{/owner}{/repo}', 'subscriptions_url': 'https://api.github.com/users/microsoftgraph/subscriptions', 'organizations_url': 'https://api.github.com/users/microsoftgraph/orgs', 'repos_url': 'https://api.github.com/users/microsoftgraph/repos', 'events_url': 'https://api.github.com/users/microsoftgraph/events{/privacy}', 'received_events_url': 'https://api.github.com/users/microsoftgraph/received_events', 'type': 'Organization', 'site_admin': False}, 'html_url': 'https://github.com/microsoftgraph/msgraph-sdk-java', 'description': 'Microsoft Graph SDK for Java', 'fork': False, 'url': 'https://api.github.com/repos/microsoftgraph/msgraph-sdk-java', 'forks_url': 'https://api.github.com/repos/microsoftgraph/msgraph-sdk-java/forks', 'keys_url': 'https://api.github.com/repos/microsoftgraph/msgraph-sdk-java/keys{/key_id}', 'collaborators_url': 'https://api.github.com/repos/microsoftgraph/msgraph-sdk-java/collaborators{/collaborator}', 'teams_url': 'https://api.github.com/repos/microsoftgraph/msgraph-sdk-java/teams', 'hooks_url': 'https://api.github.com/repos/microsoftgraph/msgraph-sdk-java/hooks', 'issue_events_url': 'https://api.github.com/repos/microsoftgraph/msgraph-sdk-java/issues/events{/number}', 'events_url': 'https://api.github.com/repos/microsoftgraph/msgraph-sdk-java/events', 'assignees_url': 'https://api.github.com/repos/microsoftgraph/msgraph-sdk-java/assignees{/user}', 'branches_url': 'https://api.github.com/repos/microsoftgraph/msgraph-sdk-java/branches{/branch}', 'tags_url': 'https://api.github.com/repos/microsoftgraph/msgraph-sdk-java/tags', 'blobs_url': 'https://api.github.com/repos/microsoftgraph/msgraph-sdk-java/git/blobs{/sha}', 'git_tags_url': 'https://api.github.com/repos/microsoftgraph/msgraph-sdk-java/git/tags{/sha}', 'git_refs_url': 'https://api.github.com/repos/microsoftgraph/msgraph-sdk-java/git/refs{/sha}', 'trees_url': 'https://api.github.com/repos/microsoftgraph/msgraph-sdk-java/git/trees{/sha}', 'statuses_url': 'https://api.github.com/repos/microsoftgraph/msgraph-sdk-java/statuses/{sha}', 'languages_url': 'https://api.github.com/repos/microsoftgraph/msgraph-sdk-java/languages', 'stargazers_url': 'https://api.github.com/repos/microsoftgraph/msgraph-sdk-java/stargazers', 'contributors_url': 'https://api.github.com/repos/microsoftgraph/msgraph-sdk-java/contributors', 'subscribers_url': 'https://api.github.com/repos/microsoftgraph/msgraph-sdk-java/subscribers', 'subscription_url': 'https://api.github.com/repos/microsoftgraph/msgraph-sdk-java/subscription', 'commits_url': 'https://api.github.com/repos/microsoftgraph/msgraph-sdk-java/commits{/sha}', 'git_commits_url': 'https://api.github.com/repos/microsoftgraph/msgraph-sdk-java/git/commits{/sha}', 'comments_url': 'https://api.github.com/repos/microsoftgraph/msgraph-sdk-java/comments{/number}', 'issue_comment_url': 'https://api.github.com/repos/microsoftgraph/msgraph-sdk-java/issues/comments{/number}', 'contents_url': 'https://api.github.com/repos/microsoftgraph/msgraph-sdk-java/contents/{+path}', 'compare_url': 'https://api.github.com/repos/microsoftgraph/msgraph-sdk-java/compare/{base}...{head}', 'merges_url': 'https://api.github.com/repos/microsoftgraph/msgraph-sdk-java/merges', 'archive_url': 'https://api.github.com/repos/microsoftgraph/msgraph-sdk-java/{archive_format}{/ref}', 'downloads_url': 'https://api.github.com/repos/microsoftgraph/msgraph-sdk-java/downloads', 'issues_url': 'https://api.github.com/repos/microsoftgraph/msgraph-sdk-java/issues{/number}', 'pulls_url': 'https://api.github.com/repos/microsoftgraph/msgraph-sdk-java/pulls{/number}', 'milestones_url': 'https://api.github.com/repos/microsoftgraph/msgraph-sdk-java/milestones{/number}', 'notifications_url': 'https://api.github.com/repos/microsoftgraph/msgraph-sdk-java/notifications{?since,all,participating}', 'labels_url': 'https://api.github.com/repos/microsoftgraph/msgraph-sdk-java/labels{/name}', 'releases_url': 'https://api.github.com/repos/microsoftgraph/msgraph-sdk-java/releases{/id}', 'deployments_url': 'https://api.github.com/repos/microsoftgraph/msgraph-sdk-java/deployments', 'created_at': '2017-09-12T17:20:15Z', 'updated_at': '2022-03-30T14:36:25Z', 'pushed_at': '2022-04-05T10:12:18Z', 'git_url': 'git://github.com/microsoftgraph/msgraph-sdk-java.git', 'ssh_url': 'git@github.com:microsoftgraph/msgraph-sdk-java.git', 'clone_url': 'https://github.com/microsoftgraph/msgraph-sdk-java.git', 'svn_url': 'https://github.com/microsoftgraph/msgraph-sdk-java', 'homepage': 'https://docs.microsoft.com/en-us/graph/sdks/sdks-overview', 'size': 58842, 'stargazers_count': 244, 'watchers_count': 244, 'language': 'Java', 'has_issues': True, 'has_projects': True, 'has_downloads': True, 'has_wiki': False, 'has_pages': False, 'forks_count': 101, 'mirror_url': None, 'archived': False, 'disabled': False, 'open_issues_count': 6, 'license': {'key': 'mit', 'name': 'MIT License', 'spdx_id': 'MIT', 'url': 'https://api.github.com/licenses/mit', 'node_id': 'MDc6TGljZW5zZTEz'}, 'allow_forking': True, 'is_template': False, 'topics': ['java', 'microsoft-graph', 'microsoft-graph-sdk', 'sdk'], 'visibility': 'public', 'forks': 101, 'open_issues': 6, 'watchers': 244, 'default_branch': 'dev'}}, 'base': {'label': 'microsoftgraph:dev', 'ref': 'dev', 'sha': '29e11e3e096a8838dd8df35c0606fa348f758c26', 'user': {'login': 'microsoftgraph', 'id': 17304259, 'node_id': 'MDEyOk9yZ2FuaXphdGlvbjE3MzA0MjU5', 'avatar_url': 'https://avatars.githubusercontent.com/u/17304259?v=4', 'gravatar_id': '', 'url': 'https://api.github.com/users/microsoftgraph', 'html_url': 'https://github.com/microsoftgraph', 'followers_url': 'https://api.github.com/users/microsoftgraph/followers', 'following_url': 'https://api.github.com/users/microsoftgraph/following{/other_user}', 'gists_url': 'https://api.github.com/users/microsoftgraph/gists{/gist_id}', 'starred_url': 'https://api.github.com/users/microsoftgraph/starred{/owner}{/repo}', 'subscriptions_url': 'https://api.github.com/users/microsoftgraph/subscriptions', 'organizations_url': 'https://api.github.com/users/microsoftgraph/orgs', 'repos_url': 'https://api.github.com/users/microsoftgraph/repos', 'events_url': 'https://api.github.com/users/microsoftgraph/events{/privacy}', 'received_events_url': 'https://api.github.com/users/microsoftgraph/received_events', 'type': 'Organization', 'site_admin': False}, 'repo': {'id': 103300409, 'node_id': 'MDEwOlJlcG9zaXRvcnkxMDMzMDA0MDk=', 'name': 'msgraph-sdk-java', 'full_name': 'microsoftgraph/msgraph-sdk-java', 'private': False, 'owner': {'login': 'microsoftgraph', 'id': 17304259, 'node_id': 'MDEyOk9yZ2FuaXphdGlvbjE3MzA0MjU5', 'avatar_url': 'https://avatars.githubusercontent.com/u/17304259?v=4', 'gravatar_id': '', 'url': 'https://api.github.com/users/microsoftgraph', 'html_url': 'https://github.com/microsoftgraph', 'followers_url': 'https://api.github.com/users/microsoftgraph/followers', 'following_url': 'https://api.github.com/users/microsoftgraph/following{/other_user}', 'gists_url': 'https://api.github.com/users/microsoftgraph/gists{/gist_id}', 'starred_url': 'https://api.github.com/users/microsoftgraph/starred{/owner}{/repo}', 'subscriptions_url': 'https://api.github.com/users/microsoftgraph/subscriptions', 'organizations_url': 'https://api.github.com/users/microsoftgraph/orgs', 'repos_url': 'https://api.github.com/users/microsoftgraph/repos', 'events_url': 'https://api.github.com/users/microsoftgraph/events{/privacy}', 'received_events_url': 'https://api.github.com/users/microsoftgraph/received_events', 'type': 'Organization', 'site_admin': False}, 'html_url': 'https://github.com/microsoftgraph/msgraph-sdk-java', 'description': 'Microsoft Graph SDK for Java', 'fork': False, 'url': 'https://api.github.com/repos/microsoftgraph/msgraph-sdk-java', 'forks_url': 'https://api.github.com/repos/microsoftgraph/msgraph-sdk-java/forks', 'keys_url': 'https://api.github.com/repos/microsoftgraph/msgraph-sdk-java/keys{/key_id}', 'collaborators_url': 'https://api.github.com/repos/microsoftgraph/msgraph-sdk-java/collaborators{/collaborator}', 'teams_url': 'https://api.github.com/repos/microsoftgraph/msgraph-sdk-java/teams', 'hooks_url': 'https://api.github.com/repos/microsoftgraph/msgraph-sdk-java/hooks', 'issue_events_url': 'https://api.github.com/repos/microsoftgraph/msgraph-sdk-java/issues/events{/number}', 'events_url': 'https://api.github.com/repos/microsoftgraph/msgraph-sdk-java/events', 'assignees_url': 'https://api.github.com/repos/microsoftgraph/msgraph-sdk-java/assignees{/user}', 'branches_url': 'https://api.github.com/repos/microsoftgraph/msgraph-sdk-java/branches{/branch}', 'tags_url': 'https://api.github.com/repos/microsoftgraph/msgraph-sdk-java/tags', 'blobs_url': 'https://api.github.com/repos/microsoftgraph/msgraph-sdk-java/git/blobs{/sha}', 'git_tags_url': 'https://api.github.com/repos/microsoftgraph/msgraph-sdk-java/git/tags{/sha}', 'git_refs_url': 'https://api.github.com/repos/microsoftgraph/msgraph-sdk-java/git/refs{/sha}', 'trees_url': 'https://api.github.com/repos/microsoftgraph/msgraph-sdk-java/git/trees{/sha}', 'statuses_url': 'https://api.github.com/repos/microsoftgraph/msgraph-sdk-java/statuses/{sha}', 'languages_url': 'https://api.github.com/repos/microsoftgraph/msgraph-sdk-java/languages', 'stargazers_url': 'https://api.github.com/repos/microsoftgraph/msgraph-sdk-java/stargazers', 'contributors_url': 'https://api.github.com/repos/microsoftgraph/msgraph-sdk-java/contributors', 'subscribers_url': 'https://api.github.com/repos/microsoftgraph/msgraph-sdk-java/subscribers', 'subscription_url': 'https://api.github.com/repos/microsoftgraph/msgraph-sdk-java/subscription', 'commits_url': 'https://api.github.com/repos/microsoftgraph/msgraph-sdk-java/commits{/sha}', 'git_commits_url': 'https://api.github.com/repos/microsoftgraph/msgraph-sdk-java/git/commits{/sha}', 'comments_url': 'https://api.github.com/repos/microsoftgraph/msgraph-sdk-java/comments{/number}', 'issue_comment_url': 'https://api.github.com/repos/microsoftgraph/msgraph-sdk-java/issues/comments{/number}', 'contents_url': 'https://api.github.com/repos/microsoftgraph/msgraph-sdk-java/contents/{+path}', 'compare_url': 'https://api.github.com/repos/microsoftgraph/msgraph-sdk-java/compare/{base}...{head}', 'merges_url': 'https://api.github.com/repos/microsoftgraph/msgraph-sdk-java/merges', 'archive_url': 'https://api.github.com/repos/microsoftgraph/msgraph-sdk-java/{archive_format}{/ref}', 'downloads_url': 'https://api.github.com/repos/microsoftgraph/msgraph-sdk-java/downloads', 'issues_url': 'https://api.github.com/repos/microsoftgraph/msgraph-sdk-java/issues{/number}', 'pulls_url': 'https://api.github.com/repos/microsoftgraph/msgraph-sdk-java/pulls{/number}', 'milestones_url': 'https://api.github.com/repos/microsoftgraph/msgraph-sdk-java/milestones{/number}', 'notifications_url': 'https://api.github.com/repos/microsoftgraph/msgraph-sdk-java/notifications{?since,all,participating}', 'labels_url': 'https://api.github.com/repos/microsoftgraph/msgraph-sdk-java/labels{/name}', 'releases_url': 'https://api.github.com/repos/microsoftgraph/msgraph-sdk-java/releases{/id}', 'deployments_url': 'https://api.github.com/repos/microsoftgraph/msgraph-sdk-java/deployments', 'created_at': '2017-09-12T17:20:15Z', 'updated_at': '2022-03-30T14:36:25Z', 'pushed_at': '2022-04-05T10:12:18Z', 'git_url': 'git://github.com/microsoftgraph/msgraph-sdk-java.git', 'ssh_url': 'git@github.com:microsoftgraph/msgraph-sdk-java.git', 'clone_url': 'https://github.com/microsoftgraph/msgraph-sdk-java.git', 'svn_url': 'https://github.com/microsoftgraph/msgraph-sdk-java', 'homepage': 'https://docs.microsoft.com/en-us/graph/sdks/sdks-overview', 'size': 58842, 'stargazers_count': 244, 'watchers_count': 244, 'language': 'Java', 'has_issues': True, 'has_projects': True, 'has_downloads': True, 'has_wiki': False, 'has_pages': False, 'forks_count': 101, 'mirror_url': None, 'archived': False, 'disabled': False, 'open_issues_count': 6, 'license': {'key': 'mit', 'name': 'MIT License', 'spdx_id': 'MIT', 'url': 'https://api.github.com/licenses/mit', 'node_id': 'MDc6TGljZW5zZTEz'}, 'allow_forking': True, 'is_template': False, 'topics': ['java', 'microsoft-graph', 'microsoft-graph-sdk', 'sdk'], 'visibility': 'public', 'forks': 101, 'open_issues': 6, 'watchers': 244, 'default_branch': 'dev'}}, '_links': {'self': {'href': 'https://api.github.com/repos/microsoftgraph/msgraph-sdk-java/pulls/1038'}, 'html': {'href': 'https://github.com/microsoftgraph/msgraph-sdk-java/pull/1038'}, 'issue': {'href': 'https://api.github.com/repos/microsoftgraph/msgraph-sdk-java/issues/1038'}, 'comments': {'href': 'https://api.github.com/repos/microsoftgraph/msgraph-sdk-java/issues/1038/comments'}, 'review_comments': {'href': 'https://api.github.com/repos/microsoftgraph/msgraph-sdk-java/pulls/1038/comments'}, 'review_comment': {'href': 'https://api.github.com/repos/microsoftgraph/msgraph-sdk-java/pulls/comments{/number}'}, 'commits': {'href': 'https://api.github.com/repos/microsoftgraph/msgraph-sdk-java/pulls/1038/commits'}, 'statuses': {'href': 'https://api.github.com/repos/microsoftgraph/msgraph-sdk-java/statuses/4b0d2e82c76d67f2f24805ee8a1be8cd70caf87b'}}, 'author_association': 'CONTRIBUTOR', 'auto_merge': None, 'active_lock_reason': None, 'merged': False, 'mergeable': None, 'rebaseable': None, 'mergeable_state': 'unknown', 'merged_by': None, 'comments': 0, 'review_comments': 0, 'maintainer_can_modify': False, 'commits': 1, 'additions': 462, 'deletions': 72, 'changed_files': 26}}",opened,Java
21109586282,PullRequestReviewCommentEvent,microsoft/kiota,0.0,2022-04-04T23:00:40Z,"{'action': 'created', 'comment': {'url': 'https://api.github.com/repos/microsoft/kiota/pulls/comments/842202270', 'pull_request_review_id': 931039407, 'id': 842202270, 'node_id': 'PRRC_kwDOE0q91s4yMvye', 'diff_hunk': '@@ -0,0 +1,62 @@\n+package com.microsoft.kiota.http.middleware;\n+\n+import java.io.IOException;\n+\n+import javax.annotation.Nonnull;\n+import javax.annotation.Nullable;\n+\n+import com.microsoft.kiota.http.middleware.options.TelemetryHandlerOption;\n+\n+import okhttp3.Interceptor;\n+import okhttp3.Request;\n+import okhttp3.Response;\n+\n+/**\n+ * TelemetryHandler implementation using OkHttp3\n+ */\n+public class TelemetryHandler implements Interceptor{\n+\n+    private TelemetryHandlerOption _telemetryHandlerOption;\n+\n+    /**\n+     * TelemetryHandler no param constructor\n+     */\n+    public TelemetryHandler() {\n+        this(null);\n+    }\n+\n+    /**\n+     * TelemetryHandler constructor with passed in options.\n+     * @param telemetryHandlerOption The user specified telemetryHandlerOptions\n+     */\n+    public TelemetryHandler(@Nullable TelemetryHandlerOption telemetryHandlerOption) {\n+        if (telemetryHandlerOption == null) {\n+            this._telemetryHandlerOption = new TelemetryHandlerOption();\n+        }\n+        this._telemetryHandlerOption = telemetryHandlerOption;\n+    }\n+\n+    /**\n+     * Send the HttpRequest after telemetryOptions are handled\n+     * @param chain\n+     * @return\n+     * @throws IOException\n+     */\n+    @Override\n+    public Response intercept(@Nonnull Chain chain) throws IOException {\n+        final Request request = chain.request();\n+\n+        TelemetryHandlerOption telemetryHandlerOption = request.tag(TelemetryHandlerOption.class);\n+        if(telemetryHandlerOption == null) { telemetryHandlerOption = this._telemetryHandlerOption; }\n+\n+        //Simply forward request if TelemetryConfigurator is set to null intentionally.\n+        if(telemetryHandlerOption == null) {\n+            return chain.proceed(request);\n+        }\n+\n+        //Use the TelemetryConfigurator set by the user to enrich the request as desired.\n+        Request enrichedRequest = telemetryHandlerOption.TelemetryConfigurator.apply(request);', 'path': 'http/java/okhttp/lib/src/main/java/com/microsoft/kiota/http/middleware/TelemetryHandler.java', 'position': 58, 'original_position': 58, 'commit_id': 'aa5df0ac52b782ce101ec43da0a3114e7e8f9a7e', 'original_commit_id': '89038b3ba190e51505eb147c75387f2ae1f78c2f', 'user': {'login': 'ramsessanchez', 'id': 63934382, 'node_id': 'MDQ6VXNlcjYzOTM0Mzgy', 'avatar_url': 'https://avatars.githubusercontent.com/u/63934382?v=4', 'gravatar_id': '', 'url': 'https://api.github.com/users/ramsessanchez', 'html_url': 'https://github.com/ramsessanchez', 'followers_url': 'https://api.github.com/users/ramsessanchez/followers', 'following_url': 'https://api.github.com/users/ramsessanchez/following{/other_user}', 'gists_url': 'https://api.github.com/users/ramsessanchez/gists{/gist_id}', 'starred_url': 'https://api.github.com/users/ramsessanchez/starred{/owner}{/repo}', 'subscriptions_url': 'https://api.github.com/users/ramsessanchez/subscriptions', 'organizations_url': 'https://api.github.com/users/ramsessanchez/orgs', 'repos_url': 'https://api.github.com/users/ramsessanchez/repos', 'events_url': 'https://api.github.com/users/ramsessanchez/events{/privacy}', 'received_events_url': 'https://api.github.com/users/ramsessanchez/received_events', 'type': 'User', 'site_admin': False}, 'body': ""I believe we have a handler for when this is null meaning that it doesn't have to be specified for every call if it's not needed, this is essentially a mirror of what we are doing in the dotnet library. You are right though as we do need a telemetryHandler that is specific to graph like it's done here: \r\nhttps://github.com/microsoftgraph/msgraph-sdk-dotnet-core/blob/feature/3.0/src/Microsoft.Graph.Core/Requests/Middleware/GraphTelemetryHandler.cs\r\nWith this implementation the GraphTelemetryHandler is fully independent of the Kiota generic implementation of TelemetryHandler, should I mirror this approach in Java? That would mean leaving this implementation here as is now and doing a seperate implementation in Java-Core for v3. "", 'created_at': '2022-04-04T23:00:40Z', 'updated_at': '2022-04-04T23:00:40Z', 'html_url': 'https://github.com/microsoft/kiota/pull/1477#discussion_r842202270', 'pull_request_url': 'https://api.github.com/repos/microsoft/kiota/pulls/1477', 'author_association': 'CONTRIBUTOR', '_links': {'self': {'href': 'https://api.github.com/repos/microsoft/kiota/pulls/comments/842202270'}, 'html': {'href': 'https://github.com/microsoft/kiota/pull/1477#discussion_r842202270'}, 'pull_request': {'href': 'https://api.github.com/repos/microsoft/kiota/pulls/1477'}}, 'reactions': {'url': 'https://api.github.com/repos/microsoft/kiota/pulls/comments/842202270/reactions', 'total_count': 0, '+1': 0, '-1': 0, 'laugh': 0, 'hooray': 0, 'confused': 0, 'heart': 0, 'rocket': 0, 'eyes': 0}, 'start_line': None, 'original_start_line': None, 'start_side': None, 'line': 58, 'original_line': 58, 'side': 'RIGHT', 'in_reply_to_id': 840505857}, 'pull_request': {'url': 'https://api.github.com/repos/microsoft/kiota/pulls/1477', 'id': 896162193, 'node_id': 'PR_kwDOE0q91s41almR', 'html_url': 'https://github.com/microsoft/kiota/pull/1477', 'diff_url': 'https://github.com/microsoft/kiota/pull/1477.diff', 'patch_url': 'https://github.com/microsoft/kiota/pull/1477.patch', 'issue_url': 'https://api.github.com/repos/microsoft/kiota/issues/1477', 'number': 1477, 'state': 'open', 'locked': False, 'title': 'initial middleware implementations', 'user': {'login': 'ramsessanchez', 'id': 63934382, 'node_id': 'MDQ6VXNlcjYzOTM0Mzgy', 'avatar_url': 'https://avatars.githubusercontent.com/u/63934382?v=4', 'gravatar_id': '', 'url': 'https://api.github.com/users/ramsessanchez', 'html_url': 'https://github.com/ramsessanchez', 'followers_url': 'https://api.github.com/users/ramsessanchez/followers', 'following_url': 'https://api.github.com/users/ramsessanchez/following{/other_user}', 'gists_url': 'https://api.github.com/users/ramsessanchez/gists{/gist_id}', 'starred_url': 'https://api.github.com/users/ramsessanchez/starred{/owner}{/repo}', 'subscriptions_url': 'https://api.github.com/users/ramsessanchez/subscriptions', 'organizations_url': 'https://api.github.com/users/ramsessanchez/orgs', 'repos_url': 'https://api.github.com/users/ramsessanchez/repos', 'events_url': 'https://api.github.com/users/ramsessanchez/events{/privacy}', 'received_events_url': 'https://api.github.com/users/ramsessanchez/received_events', 'type': 'User', 'site_admin': False}, 'body': 'Adding retry, redirect, and telemetry handlers along with tests for these middlewares. \r\n\r\nfixes #1482, #1481, #1480', 'created_at': '2022-03-31T17:23:19Z', 'updated_at': '2022-04-04T23:00:40Z', 'closed_at': None, 'merged_at': None, 'merge_commit_sha': '72d0d6a706fef453f5b9e00efe934ecf373a9e80', 'assignee': {'login': 'ramsessanchez', 'id': 63934382, 'node_id': 'MDQ6VXNlcjYzOTM0Mzgy', 'avatar_url': 'https://avatars.githubusercontent.com/u/63934382?v=4', 'gravatar_id': '', 'url': 'https://api.github.com/users/ramsessanchez', 'html_url': 'https://github.com/ramsessanchez', 'followers_url': 'https://api.github.com/users/ramsessanchez/followers', 'following_url': 'https://api.github.com/users/ramsessanchez/following{/other_user}', 'gists_url': 'https://api.github.com/users/ramsessanchez/gists{/gist_id}', 'starred_url': 'https://api.github.com/users/ramsessanchez/starred{/owner}{/repo}', 'subscriptions_url': 'https://api.github.com/users/ramsessanchez/subscriptions', 'organizations_url': 'https://api.github.com/users/ramsessanchez/orgs', 'repos_url': 'https://api.github.com/users/ramsessanchez/repos', 'events_url': 'https://api.github.com/users/ramsessanchez/events{/privacy}', 'received_events_url': 'https://api.github.com/users/ramsessanchez/received_events', 'type': 'User', 'site_admin': False}, 'assignees': [{'login': 'ramsessanchez', 'id': 63934382, 'node_id': 'MDQ6VXNlcjYzOTM0Mzgy', 'avatar_url': 'https://avatars.githubusercontent.com/u/63934382?v=4', 'gravatar_id': '', 'url': 'https://api.github.com/users/ramsessanchez', 'html_url': 'https://github.com/ramsessanchez', 'followers_url': 'https://api.github.com/users/ramsessanchez/followers', 'following_url': 'https://api.github.com/users/ramsessanchez/following{/other_user}', 'gists_url': 'https://api.github.com/users/ramsessanchez/gists{/gist_id}', 'starred_url': 'https://api.github.com/users/ramsessanchez/starred{/owner}{/repo}', 'subscriptions_url': 'https://api.github.com/users/ramsessanchez/subscriptions', 'organizations_url': 'https://api.github.com/users/ramsessanchez/orgs', 'repos_url': 'https://api.github.com/users/ramsessanchez/repos', 'events_url': 'https://api.github.com/users/ramsessanchez/events{/privacy}', 'received_events_url': 'https://api.github.com/users/ramsessanchez/received_events', 'type': 'User', 'site_admin': False}], 'requested_reviewers': [{'login': 'darrelmiller', 'id': 447694, 'node_id': 'MDQ6VXNlcjQ0NzY5NA==', 'avatar_url': 'https://avatars.githubusercontent.com/u/447694?v=4', 'gravatar_id': '', 'url': 'https://api.github.com/users/darrelmiller', 'html_url': 'https://github.com/darrelmiller', 'followers_url': 'https://api.github.com/users/darrelmiller/followers', 'following_url': 'https://api.github.com/users/darrelmiller/following{/other_user}', 'gists_url': 'https://api.github.com/users/darrelmiller/gists{/gist_id}', 'starred_url': 'https://api.github.com/users/darrelmiller/starred{/owner}{/repo}', 'subscriptions_url': 'https://api.github.com/users/darrelmiller/subscriptions', 'organizations_url': 'https://api.github.com/users/darrelmiller/orgs', 'repos_url': 'https://api.github.com/users/darrelmiller/repos', 'events_url': 'https://api.github.com/users/darrelmiller/events{/privacy}', 'received_events_url': 'https://api.github.com/users/darrelmiller/received_events', 'type': 'User', 'site_admin': False}, {'login': 'calebkiage', 'id': 747955, 'node_id': 'MDQ6VXNlcjc0Nzk1NQ==', 'avatar_url': 'https://avatars.githubusercontent.com/u/747955?v=4', 'gravatar_id': '', 'url': 'https://api.github.com/users/calebkiage', 'html_url': 'https://github.com/calebkiage', 'followers_url': 'https://api.github.com/users/calebkiage/followers', 'following_url': 'https://api.github.com/users/calebkiage/following{/other_user}', 'gists_url': 'https://api.github.com/users/calebkiage/gists{/gist_id}', 'starred_url': 'https://api.github.com/users/calebkiage/starred{/owner}{/repo}', 'subscriptions_url': 'https://api.github.com/users/calebkiage/subscriptions', 'organizations_url': 'https://api.github.com/users/calebkiage/orgs', 'repos_url': 'https://api.github.com/users/calebkiage/repos', 'events_url': 'https://api.github.com/users/calebkiage/events{/privacy}', 'received_events_url': 'https://api.github.com/users/calebkiage/received_events', 'type': 'User', 'site_admin': False}, {'login': 'zengin', 'id': 803311, 'node_id': 'MDQ6VXNlcjgwMzMxMQ==', 'avatar_url': 'https://avatars.githubusercontent.com/u/803311?v=4', 'gravatar_id': '', 'url': 'https://api.github.com/users/zengin', 'html_url': 'https://github.com/zengin', 'followers_url': 'https://api.github.com/users/zengin/followers', 'following_url': 'https://api.github.com/users/zengin/following{/other_user}', 'gists_url': 'https://api.github.com/users/zengin/gists{/gist_id}', 'starred_url': 'https://api.github.com/users/zengin/starred{/owner}{/repo}', 'subscriptions_url': 'https://api.github.com/users/zengin/subscriptions', 'organizations_url': 'https://api.github.com/users/zengin/orgs', 'repos_url': 'https://api.github.com/users/zengin/repos', 'events_url': 'https://api.github.com/users/zengin/events{/privacy}', 'received_events_url': 'https://api.github.com/users/zengin/received_events', 'type': 'User', 'site_admin': False}, {'login': 'andrueastman', 'id': 6464005, 'node_id': 'MDQ6VXNlcjY0NjQwMDU=', 'avatar_url': 'https://avatars.githubusercontent.com/u/6464005?v=4', 'gravatar_id': '', 'url': 'https://api.github.com/users/andrueastman', 'html_url': 'https://github.com/andrueastman', 'followers_url': 'https://api.github.com/users/andrueastman/followers', 'following_url': 'https://api.github.com/users/andrueastman/following{/other_user}', 'gists_url': 'https://api.github.com/users/andrueastman/gists{/gist_id}', 'starred_url': 'https://api.github.com/users/andrueastman/starred{/owner}{/repo}', 'subscriptions_url': 'https://api.github.com/users/andrueastman/subscriptions', 'organizations_url': 'https://api.github.com/users/andrueastman/orgs', 'repos_url': 'https://api.github.com/users/andrueastman/repos', 'events_url': 'https://api.github.com/users/andrueastman/events{/privacy}', 'received_events_url': 'https://api.github.com/users/andrueastman/received_events', 'type': 'User', 'site_admin': False}, {'login': 'peombwa', 'id': 7061532, 'node_id': 'MDQ6VXNlcjcwNjE1MzI=', 'avatar_url': 'https://avatars.githubusercontent.com/u/7061532?v=4', 'gravatar_id': '', 'url': 'https://api.github.com/users/peombwa', 'html_url': 'https://github.com/peombwa', 'followers_url': 'https://api.github.com/users/peombwa/followers', 'following_url': 'https://api.github.com/users/peombwa/following{/other_user}', 'gists_url': 'https://api.github.com/users/peombwa/gists{/gist_id}', 'starred_url': 'https://api.github.com/users/peombwa/starred{/owner}{/repo}', 'subscriptions_url': 'https://api.github.com/users/peombwa/subscriptions', 'organizations_url': 'https://api.github.com/users/peombwa/orgs', 'repos_url': 'https://api.github.com/users/peombwa/repos', 'events_url': 'https://api.github.com/users/peombwa/events{/privacy}', 'received_events_url': 'https://api.github.com/users/peombwa/received_events', 'type': 'User', 'site_admin': False}, {'login': 'MIchaelMainer', 'id': 8527305, 'node_id': 'MDQ6VXNlcjg1MjczMDU=', 'avatar_url': 'https://avatars.githubusercontent.com/u/8527305?v=4', 'gravatar_id': '', 'url': 'https://api.github.com/users/MIchaelMainer', 'html_url': 'https://github.com/MIchaelMainer', 'followers_url': 'https://api.github.com/users/MIchaelMainer/followers', 'following_url': 'https://api.github.com/users/MIchaelMainer/following{/other_user}', 'gists_url': 'https://api.github.com/users/MIchaelMainer/gists{/gist_id}', 'starred_url': 'https://api.github.com/users/MIchaelMainer/starred{/owner}{/repo}', 'subscriptions_url': 'https://api.github.com/users/MIchaelMainer/subscriptions', 'organizations_url': 'https://api.github.com/users/MIchaelMainer/orgs', 'repos_url': 'https://api.github.com/users/MIchaelMainer/repos', 'events_url': 'https://api.github.com/users/MIchaelMainer/events{/privacy}', 'received_events_url': 'https://api.github.com/users/MIchaelMainer/received_events', 'type': 'User', 'site_admin': False}, {'login': 'ddyett', 'id': 20829981, 'node_id': 'MDQ6VXNlcjIwODI5OTgx', 'avatar_url': 'https://avatars.githubusercontent.com/u/20829981?v=4', 'gravatar_id': '', 'url': 'https://api.github.com/users/ddyett', 'html_url': 'https://github.com/ddyett', 'followers_url': 'https://api.github.com/users/ddyett/followers', 'following_url': 'https://api.github.com/users/ddyett/following{/other_user}', 'gists_url': 'https://api.github.com/users/ddyett/gists{/gist_id}', 'starred_url': 'https://api.github.com/users/ddyett/starred{/owner}{/repo}', 'subscriptions_url': 'https://api.github.com/users/ddyett/subscriptions', 'organizations_url': 'https://api.github.com/users/ddyett/orgs', 'repos_url': 'https://api.github.com/users/ddyett/repos', 'events_url': 'https://api.github.com/users/ddyett/events{/privacy}', 'received_events_url': 'https://api.github.com/users/ddyett/received_events', 'type': 'User', 'site_admin': False}, {'login': 'nikithauc', 'id': 23219007, 'node_id': 'MDQ6VXNlcjIzMjE5MDA3', 'avatar_url': 'https://avatars.githubusercontent.com/u/23219007?v=4', 'gravatar_id': '', 'url': 'https://api.github.com/users/nikithauc', 'html_url': 'https://github.com/nikithauc', 'followers_url': 'https://api.github.com/users/nikithauc/followers', 'following_url': 'https://api.github.com/users/nikithauc/following{/other_user}', 'gists_url': 'https://api.github.com/users/nikithauc/gists{/gist_id}', 'starred_url': 'https://api.github.com/users/nikithauc/starred{/owner}{/repo}', 'subscriptions_url': 'https://api.github.com/users/nikithauc/subscriptions', 'organizations_url': 'https://api.github.com/users/nikithauc/orgs', 'repos_url': 'https://api.github.com/users/nikithauc/repos', 'events_url': 'https://api.github.com/users/nikithauc/events{/privacy}', 'received_events_url': 'https://api.github.com/users/nikithauc/received_events', 'type': 'User', 'site_admin': False}], 'requested_teams': [], 'labels': [{'id': 3016752852, 'node_id': 'MDU6TGFiZWwzMDE2NzUyODUy', 'url': 'https://api.github.com/repos/microsoft/kiota/labels/Java', 'name': 'Java', 'color': 'B60205', 'default': False, 'description': ''}], 'milestone': {'url': 'https://api.github.com/repos/microsoft/kiota/milestones/8', 'html_url': 'https://github.com/microsoft/kiota/milestone/8', 'labels_url': 'https://api.github.com/repos/microsoft/kiota/milestones/8/labels', 'id': 7163004, 'node_id': 'MI_kwDOE0q91s4AbUx8', 'number': 8, 'title': 'Complete Graph API Surface support', 'description': 'Kiota is able to solve for the limitations previously posed by TypeWriter and listed out in raptor', 'creator': {'login': 'darrelmiller', 'id': 447694, 'node_id': 'MDQ6VXNlcjQ0NzY5NA==', 'avatar_url': 'https://avatars.githubusercontent.com/u/447694?v=4', 'gravatar_id': '', 'url': 'https://api.github.com/users/darrelmiller', 'html_url': 'https://github.com/darrelmiller', 'followers_url': 'https://api.github.com/users/darrelmiller/followers', 'following_url': 'https://api.github.com/users/darrelmiller/following{/other_user}', 'gists_url': 'https://api.github.com/users/darrelmiller/gists{/gist_id}', 'starred_url': 'https://api.github.com/users/darrelmiller/starred{/owner}{/repo}', 'subscriptions_url': 'https://api.github.com/users/darrelmiller/subscriptions', 'organizations_url': 'https://api.github.com/users/darrelmiller/orgs', 'repos_url': 'https://api.github.com/users/darrelmiller/repos', 'events_url': 'https://api.github.com/users/darrelmiller/events{/privacy}', 'received_events_url': 'https://api.github.com/users/darrelmiller/received_events', 'type': 'User', 'site_admin': False}, 'open_issues': 77, 'closed_issues': 6, 'state': 'open', 'created_at': '2021-09-17T16:06:22Z', 'updated_at': '2022-04-04T18:15:46Z', 'due_on': '2022-05-01T07:00:00Z', 'closed_at': None}, 'draft': False, 'commits_url': 'https://api.github.com/repos/microsoft/kiota/pulls/1477/commits', 'review_comments_url': 'https://api.github.com/repos/microsoft/kiota/pulls/1477/comments', 'review_comment_url': 'https://api.github.com/repos/microsoft/kiota/pulls/comments{/number}', 'comments_url': 'https://api.github.com/repos/microsoft/kiota/issues/1477/comments', 'statuses_url': 'https://api.github.com/repos/microsoft/kiota/statuses/aa5df0ac52b782ce101ec43da0a3114e7e8f9a7e', 'head': {'label': 'microsoft:rsh/java-core-migration', 'ref': 'rsh/java-core-migration', 'sha': 'aa5df0ac52b782ce101ec43da0a3114e7e8f9a7e', 'user': {'login': 'microsoft', 'id': 6154722, 'node_id': 'MDEyOk9yZ2FuaXphdGlvbjYxNTQ3MjI=', 'avatar_url': 'https://avatars.githubusercontent.com/u/6154722?v=4', 'gravatar_id': '', 'url': 'https://api.github.com/users/microsoft', 'html_url': 'https://github.com/microsoft', 'followers_url': 'https://api.github.com/users/microsoft/followers', 'following_url': 'https://api.github.com/users/microsoft/following{/other_user}', 'gists_url': 'https://api.github.com/users/microsoft/gists{/gist_id}', 'starred_url': 'https://api.github.com/users/microsoft/starred{/owner}{/repo}', 'subscriptions_url': 'https://api.github.com/users/microsoft/subscriptions', 'organizations_url': 'https://api.github.com/users/microsoft/orgs', 'repos_url': 'https://api.github.com/users/microsoft/repos', 'events_url': 'https://api.github.com/users/microsoft/events{/privacy}', 'received_events_url': 'https://api.github.com/users/microsoft/received_events', 'type': 'Organization', 'site_admin': False}, 'repo': {'id': 323665366, 'node_id': 'MDEwOlJlcG9zaXRvcnkzMjM2NjUzNjY=', 'name': 'kiota', 'full_name': 'microsoft/kiota', 'private': False, 'owner': {'login': 'microsoft', 'id': 6154722, 'node_id': 'MDEyOk9yZ2FuaXphdGlvbjYxNTQ3MjI=', 'avatar_url': 'https://avatars.githubusercontent.com/u/6154722?v=4', 'gravatar_id': '', 'url': 'https://api.github.com/users/microsoft', 'html_url': 'https://github.com/microsoft', 'followers_url': 'https://api.github.com/users/microsoft/followers', 'following_url': 'https://api.github.com/users/microsoft/following{/other_user}', 'gists_url': 'https://api.github.com/users/microsoft/gists{/gist_id}', 'starred_url': 'https://api.github.com/users/microsoft/starred{/owner}{/repo}', 'subscriptions_url': 'https://api.github.com/users/microsoft/subscriptions', 'organizations_url': 'https://api.github.com/users/microsoft/orgs', 'repos_url': 'https://api.github.com/users/microsoft/repos', 'events_url': 'https://api.github.com/users/microsoft/events{/privacy}', 'received_events_url': 'https://api.github.com/users/microsoft/received_events', 'type': 'Organization', 'site_admin': False}, 'html_url': 'https://github.com/microsoft/kiota', 'description': 'OpenAPI based HTTP Client SDK code generator', 'fork': False, 'url': 'https://api.github.com/repos/microsoft/kiota', 'forks_url': 'https://api.github.com/repos/microsoft/kiota/forks', 'keys_url': 'https://api.github.com/repos/microsoft/kiota/keys{/key_id}', 'collaborators_url': 'https://api.github.com/repos/microsoft/kiota/collaborators{/collaborator}', 'teams_url': 'https://api.github.com/repos/microsoft/kiota/teams', 'hooks_url': 'https://api.github.com/repos/microsoft/kiota/hooks', 'issue_events_url': 'https://api.github.com/repos/microsoft/kiota/issues/events{/number}', 'events_url': 'https://api.github.com/repos/microsoft/kiota/events', 'assignees_url': 'https://api.github.com/repos/microsoft/kiota/assignees{/user}', 'branches_url': 'https://api.github.com/repos/microsoft/kiota/branches{/branch}', 'tags_url': 'https://api.github.com/repos/microsoft/kiota/tags', 'blobs_url': 'https://api.github.com/repos/microsoft/kiota/git/blobs{/sha}', 'git_tags_url': 'https://api.github.com/repos/microsoft/kiota/git/tags{/sha}', 'git_refs_url': 'https://api.github.com/repos/microsoft/kiota/git/refs{/sha}', 'trees_url': 'https://api.github.com/repos/microsoft/kiota/git/trees{/sha}', 'statuses_url': 'https://api.github.com/repos/microsoft/kiota/statuses/{sha}', 'languages_url': 'https://api.github.com/repos/microsoft/kiota/languages', 'stargazers_url': 'https://api.github.com/repos/microsoft/kiota/stargazers', 'contributors_url': 'https://api.github.com/repos/microsoft/kiota/contributors', 'subscribers_url': 'https://api.github.com/repos/microsoft/kiota/subscribers', 'subscription_url': 'https://api.github.com/repos/microsoft/kiota/subscription', 'commits_url': 'https://api.github.com/repos/microsoft/kiota/commits{/sha}', 'git_commits_url': 'https://api.github.com/repos/microsoft/kiota/git/commits{/sha}', 'comments_url': 'https://api.github.com/repos/microsoft/kiota/comments{/number}', 'issue_comment_url': 'https://api.github.com/repos/microsoft/kiota/issues/comments{/number}', 'contents_url': 'https://api.github.com/repos/microsoft/kiota/contents/{+path}', 'compare_url': 'https://api.github.com/repos/microsoft/kiota/compare/{base}...{head}', 'merges_url': 'https://api.github.com/repos/microsoft/kiota/merges', 'archive_url': 'https://api.github.com/repos/microsoft/kiota/{archive_format}{/ref}', 'downloads_url': 'https://api.github.com/repos/microsoft/kiota/downloads', 'issues_url': 'https://api.github.com/repos/microsoft/kiota/issues{/number}', 'pulls_url': 'https://api.github.com/repos/microsoft/kiota/pulls{/number}', 'milestones_url': 'https://api.github.com/repos/microsoft/kiota/milestones{/number}', 'notifications_url': 'https://api.github.com/repos/microsoft/kiota/notifications{?since,all,participating}', 'labels_url': 'https://api.github.com/repos/microsoft/kiota/labels{/name}', 'releases_url': 'https://api.github.com/repos/microsoft/kiota/releases{/id}', 'deployments_url': 'https://api.github.com/repos/microsoft/kiota/deployments', 'created_at': '2020-12-22T15:35:49Z', 'updated_at': '2022-04-04T13:54:21Z', 'pushed_at': '2022-04-04T22:56:28Z', 'git_url': 'git://github.com/microsoft/kiota.git', 'ssh_url': 'git@github.com:microsoft/kiota.git', 'clone_url': 'https://github.com/microsoft/kiota.git', 'svn_url': 'https://github.com/microsoft/kiota', 'homepage': 'https://microsoft.github.io/kiota', 'size': 8808, 'stargazers_count': 126, 'watchers_count': 126, 'language': 'C#', 'has_issues': True, 'has_projects': True, 'has_downloads': True, 'has_wiki': False, 'has_pages': True, 'forks_count': 20, 'mirror_url': None, 'archived': False, 'disabled': False, 'open_issues_count': 95, 'license': {'key': 'mit', 'name': 'MIT License', 'spdx_id': 'MIT', 'url': 'https://api.github.com/licenses/mit', 'node_id': 'MDc6TGljZW5zZTEz'}, 'allow_forking': True, 'is_template': False, 'topics': ['api', 'csharp', 'dotnet', 'golang', 'hacktoberfest', 'http', 'java', 'openapi', 'php', 'ruby', 'typescript'], 'visibility': 'public', 'forks': 20, 'open_issues': 95, 'watchers': 126, 'default_branch': 'main'}}, 'base': {'label': 'microsoft:main', 'ref': 'main', 'sha': '36f20bff43ddf7146ba0fbdd7a4ac0c0ecc49143', 'user': {'login': 'microsoft', 'id': 6154722, 'node_id': 'MDEyOk9yZ2FuaXphdGlvbjYxNTQ3MjI=', 'avatar_url': 'https://avatars.githubusercontent.com/u/6154722?v=4', 'gravatar_id': '', 'url': 'https://api.github.com/users/microsoft', 'html_url': 'https://github.com/microsoft', 'followers_url': 'https://api.github.com/users/microsoft/followers', 'following_url': 'https://api.github.com/users/microsoft/following{/other_user}', 'gists_url': 'https://api.github.com/users/microsoft/gists{/gist_id}', 'starred_url': 'https://api.github.com/users/microsoft/starred{/owner}{/repo}', 'subscriptions_url': 'https://api.github.com/users/microsoft/subscriptions', 'organizations_url': 'https://api.github.com/users/microsoft/orgs', 'repos_url': 'https://api.github.com/users/microsoft/repos', 'events_url': 'https://api.github.com/users/microsoft/events{/privacy}', 'received_events_url': 'https://api.github.com/users/microsoft/received_events', 'type': 'Organization', 'site_admin': False}, 'repo': {'id': 323665366, 'node_id': 'MDEwOlJlcG9zaXRvcnkzMjM2NjUzNjY=', 'name': 'kiota', 'full_name': 'microsoft/kiota', 'private': False, 'owner': {'login': 'microsoft', 'id': 6154722, 'node_id': 'MDEyOk9yZ2FuaXphdGlvbjYxNTQ3MjI=', 'avatar_url': 'https://avatars.githubusercontent.com/u/6154722?v=4', 'gravatar_id': '', 'url': 'https://api.github.com/users/microsoft', 'html_url': 'https://github.com/microsoft', 'followers_url': 'https://api.github.com/users/microsoft/followers', 'following_url': 'https://api.github.com/users/microsoft/following{/other_user}', 'gists_url': 'https://api.github.com/users/microsoft/gists{/gist_id}', 'starred_url': 'https://api.github.com/users/microsoft/starred{/owner}{/repo}', 'subscriptions_url': 'https://api.github.com/users/microsoft/subscriptions', 'organizations_url': 'https://api.github.com/users/microsoft/orgs', 'repos_url': 'https://api.github.com/users/microsoft/repos', 'events_url': 'https://api.github.com/users/microsoft/events{/privacy}', 'received_events_url': 'https://api.github.com/users/microsoft/received_events', 'type': 'Organization', 'site_admin': False}, 'html_url': 'https://github.com/microsoft/kiota', 'description': 'OpenAPI based HTTP Client SDK code generator', 'fork': False, 'url': 'https://api.github.com/repos/microsoft/kiota', 'forks_url': 'https://api.github.com/repos/microsoft/kiota/forks', 'keys_url': 'https://api.github.com/repos/microsoft/kiota/keys{/key_id}', 'collaborators_url': 'https://api.github.com/repos/microsoft/kiota/collaborators{/collaborator}', 'teams_url': 'https://api.github.com/repos/microsoft/kiota/teams', 'hooks_url': 'https://api.github.com/repos/microsoft/kiota/hooks', 'issue_events_url': 'https://api.github.com/repos/microsoft/kiota/issues/events{/number}', 'events_url': 'https://api.github.com/repos/microsoft/kiota/events', 'assignees_url': 'https://api.github.com/repos/microsoft/kiota/assignees{/user}', 'branches_url': 'https://api.github.com/repos/microsoft/kiota/branches{/branch}', 'tags_url': 'https://api.github.com/repos/microsoft/kiota/tags', 'blobs_url': 'https://api.github.com/repos/microsoft/kiota/git/blobs{/sha}', 'git_tags_url': 'https://api.github.com/repos/microsoft/kiota/git/tags{/sha}', 'git_refs_url': 'https://api.github.com/repos/microsoft/kiota/git/refs{/sha}', 'trees_url': 'https://api.github.com/repos/microsoft/kiota/git/trees{/sha}', 'statuses_url': 'https://api.github.com/repos/microsoft/kiota/statuses/{sha}', 'languages_url': 'https://api.github.com/repos/microsoft/kiota/languages', 'stargazers_url': 'https://api.github.com/repos/microsoft/kiota/stargazers', 'contributors_url': 'https://api.github.com/repos/microsoft/kiota/contributors', 'subscribers_url': 'https://api.github.com/repos/microsoft/kiota/subscribers', 'subscription_url': 'https://api.github.com/repos/microsoft/kiota/subscription', 'commits_url': 'https://api.github.com/repos/microsoft/kiota/commits{/sha}', 'git_commits_url': 'https://api.github.com/repos/microsoft/kiota/git/commits{/sha}', 'comments_url': 'https://api.github.com/repos/microsoft/kiota/comments{/number}', 'issue_comment_url': 'https://api.github.com/repos/microsoft/kiota/issues/comments{/number}', 'contents_url': 'https://api.github.com/repos/microsoft/kiota/contents/{+path}', 'compare_url': 'https://api.github.com/repos/microsoft/kiota/compare/{base}...{head}', 'merges_url': 'https://api.github.com/repos/microsoft/kiota/merges', 'archive_url': 'https://api.github.com/repos/microsoft/kiota/{archive_format}{/ref}', 'downloads_url': 'https://api.github.com/repos/microsoft/kiota/downloads', 'issues_url': 'https://api.github.com/repos/microsoft/kiota/issues{/number}', 'pulls_url': 'https://api.github.com/repos/microsoft/kiota/pulls{/number}', 'milestones_url': 'https://api.github.com/repos/microsoft/kiota/milestones{/number}', 'notifications_url': 'https://api.github.com/repos/microsoft/kiota/notifications{?since,all,participating}', 'labels_url': 'https://api.github.com/repos/microsoft/kiota/labels{/name}', 'releases_url': 'https://api.github.com/repos/microsoft/kiota/releases{/id}', 'deployments_url': 'https://api.github.com/repos/microsoft/kiota/deployments', 'created_at': '2020-12-22T15:35:49Z', 'updated_at': '2022-04-04T13:54:21Z', 'pushed_at': '2022-04-04T22:56:28Z', 'git_url': 'git://github.com/microsoft/kiota.git', 'ssh_url': 'git@github.com:microsoft/kiota.git', 'clone_url': 'https://github.com/microsoft/kiota.git', 'svn_url': 'https://github.com/microsoft/kiota', 'homepage': 'https://microsoft.github.io/kiota', 'size': 8808, 'stargazers_count': 126, 'watchers_count': 126, 'language': 'C#', 'has_issues': True, 'has_projects': True, 'has_downloads': True, 'has_wiki': False, 'has_pages': True, 'forks_count': 20, 'mirror_url': None, 'archived': False, 'disabled': False, 'open_issues_count': 95, 'license': {'key': 'mit', 'name': 'MIT License', 'spdx_id': 'MIT', 'url': 'https://api.github.com/licenses/mit', 'node_id': 'MDc6TGljZW5zZTEz'}, 'allow_forking': True, 'is_template': False, 'topics': ['api', 'csharp', 'dotnet', 'golang', 'hacktoberfest', 'http', 'java', 'openapi', 'php', 'ruby', 'typescript'], 'visibility': 'public', 'forks': 20, 'open_issues': 95, 'watchers': 126, 'default_branch': 'main'}}, '_links': {'self': {'href': 'https://api.github.com/repos/microsoft/kiota/pulls/1477'}, 'html': {'href': 'https://github.com/microsoft/kiota/pull/1477'}, 'issue': {'href': 'https://api.github.com/repos/microsoft/kiota/issues/1477'}, 'comments': {'href': 'https://api.github.com/repos/microsoft/kiota/issues/1477/comments'}, 'review_comments': {'href': 'https://api.github.com/repos/microsoft/kiota/pulls/1477/comments'}, 'review_comment': {'href': 'https://api.github.com/repos/microsoft/kiota/pulls/comments{/number}'}, 'commits': {'href': 'https://api.github.com/repos/microsoft/kiota/pulls/1477/commits'}, 'statuses': {'href': 'https://api.github.com/repos/microsoft/kiota/statuses/aa5df0ac52b782ce101ec43da0a3114e7e8f9a7e'}}, 'author_association': 'CONTRIBUTOR', 'auto_merge': None, 'active_lock_reason': None}}",created,C#
21109543584,PushEvent,microsoft/kiota,0.0,2022-04-04T22:56:28Z,"{'push_id': 9536585460, 'size': 1, 'distinct_size': 1, 'ref': 'refs/heads/rsh/java-core-migration', 'head': 'aa5df0ac52b782ce101ec43da0a3114e7e8f9a7e', 'before': '9b46b2fd579d6bfe77ba2b68df8149ff51bc0ba9', 'commits': [{'sha': 'aa5df0ac52b782ce101ec43da0a3114e7e8f9a7e', 'author': {'email': 'ramses.sanchez99@gmail.com', 'name': 'ramsessanchez'}, 'message': 'remove telemetry handler form default interceptor', 'distinct': True, 'url': 'https://api.github.com/repos/microsoft/kiota/commits/aa5df0ac52b782ce101ec43da0a3114e7e8f9a7e'}]}",,C#
21109359420,DeleteEvent,microsoft/kiota,0.0,2022-04-04T22:38:48Z,"{'ref': 'rsh/telemetryHandler', 'ref_type': 'branch', 'pusher_type': 'user'}",,C#
21109151123,CreateEvent,microsoftgraph/msgraph-sdk-java-core,0.0,2022-04-04T22:20:14Z,"{'ref': 'v3/longTermBranch', 'ref_type': 'branch', 'master_branch': 'dev', 'description': 'Microsoft Graph SDK for Java - Core Library', 'pusher_type': 'user'}",,Java
21109122911,DeleteEvent,microsoftgraph/msgraph-sdk-java-core,0.0,2022-04-04T22:17:51Z,"{'ref': 'V3-Work', 'ref_type': 'branch', 'pusher_type': 'user'}",,Java
21109123059,CreateEvent,microsoftgraph/msgraph-sdk-java-core,0.0,2022-04-04T22:17:51Z,"{'ref': 'v3/telemetry', 'ref_type': 'branch', 'master_branch': 'dev', 'description': 'Microsoft Graph SDK for Java - Core Library', 'pusher_type': 'user'}",,Java
21109081383,DeleteEvent,microsoftgraph/msgraph-sdk-java-core,0.0,2022-04-04T22:14:32Z,"{'ref': 'rsh/updateForLinting', 'ref_type': 'branch', 'pusher_type': 'user'}",,Java
21109004676,CreateEvent,microsoftgraph/msgraph-sdk-java-core,0.0,2022-04-04T22:08:21Z,"{'ref': 'V3-Work', 'ref_type': 'branch', 'master_branch': 'dev', 'description': 'Microsoft Graph SDK for Java - Core Library', 'pusher_type': 'user'}",,Java
21108596865,PushEvent,microsoft/kiota,0.0,2022-04-04T21:36:28Z,"{'push_id': 9536113251, 'size': 1, 'distinct_size': 1, 'ref': 'refs/heads/rsh/java-core-migration', 'head': '9b46b2fd579d6bfe77ba2b68df8149ff51bc0ba9', 'before': 'ec9ca2cdd0d57bfcc83ac82a646fcada6eae6d95', 'commits': [{'sha': '9b46b2fd579d6bfe77ba2b68df8149ff51bc0ba9', 'author': {'email': '63934382+ramsessanchez@users.noreply.github.com', 'name': 'ramsessanchez'}, 'message': 'Update http/java/okhttp/lib/src/main/java/com/microsoft/kiota/http/OkHttpRequestAdapter.java\n\nCo-authored-by: Vincent Biret <vibiret@microsoft.com>', 'distinct': True, 'url': 'https://api.github.com/repos/microsoft/kiota/commits/9b46b2fd579d6bfe77ba2b68df8149ff51bc0ba9'}]}",,C#
21108590362,PushEvent,microsoft/kiota,0.0,2022-04-04T21:36:01Z,"{'push_id': 9536110102, 'size': 2, 'distinct_size': 2, 'ref': 'refs/heads/rsh/java-core-migration', 'head': 'ec9ca2cdd0d57bfcc83ac82a646fcada6eae6d95', 'before': 'a52896d9d66d224b14e5048784984562f186b821', 'commits': [{'sha': '9afdc7994f1367d17a7d91eb333e30c35b849bbe', 'author': {'email': 'ramses.sanchez99@gmail.com', 'name': 'ramsessanchez'}, 'message': 'PR cleanup', 'distinct': True, 'url': 'https://api.github.com/repos/microsoft/kiota/commits/9afdc7994f1367d17a7d91eb333e30c35b849bbe'}, {'sha': 'ec9ca2cdd0d57bfcc83ac82a646fcada6eae6d95', 'author': {'email': 'ramses.sanchez99@gmail.com', 'name': 'ramsessanchez'}, 'message': ""Merge branch 'rsh/java-core-migration' of https://github.com/microsoft/kiota into rsh/java-core-migration"", 'distinct': True, 'url': 'https://api.github.com/repos/microsoft/kiota/commits/ec9ca2cdd0d57bfcc83ac82a646fcada6eae6d95'}]}",,C#
21071607984,PushEvent,microsoft/kiota,0.0,2022-04-01T19:50:00Z,"{'push_id': 9515571143, 'size': 1, 'distinct_size': 1, 'ref': 'refs/heads/rsh/java-core-migration', 'head': 'a52896d9d66d224b14e5048784984562f186b821', 'before': '2cd31070b8c4bb015f99254759c5a88233425641', 'commits': [{'sha': 'a52896d9d66d224b14e5048784984562f186b821', 'author': {'email': '63934382+ramsessanchez@users.noreply.github.com', 'name': 'ramsessanchez'}, 'message': 'Update TelemetryHandlerOption.java', 'distinct': True, 'url': 'https://api.github.com/repos/microsoft/kiota/commits/a52896d9d66d224b14e5048784984562f186b821'}]}",,C#
21071581659,PushEvent,microsoft/kiota,0.0,2022-04-01T19:48:01Z,"{'push_id': 9515557881, 'size': 1, 'distinct_size': 1, 'ref': 'refs/heads/rsh/java-core-migration', 'head': '2cd31070b8c4bb015f99254759c5a88233425641', 'before': 'c73d41e74e0ae1efbc503ad476b46e64c61b02fc', 'commits': [{'sha': '2cd31070b8c4bb015f99254759c5a88233425641', 'author': {'email': '63934382+ramsessanchez@users.noreply.github.com', 'name': 'ramsessanchez'}, 'message': 'Update http/java/okhttp/lib/src/main/java/com/microsoft/kiota/http/OkHttpRequestAdapter.java\n\nCo-authored-by: Vincent Biret <vibiret@microsoft.com>', 'distinct': True, 'url': 'https://api.github.com/repos/microsoft/kiota/commits/2cd31070b8c4bb015f99254759c5a88233425641'}]}",,C#
21071558968,PushEvent,microsoft/kiota,0.0,2022-04-01T19:46:18Z,"{'push_id': 9515546695, 'size': 1, 'distinct_size': 1, 'ref': 'refs/heads/rsh/java-core-migration', 'head': 'c73d41e74e0ae1efbc503ad476b46e64c61b02fc', 'before': '89038b3ba190e51505eb147c75387f2ae1f78c2f', 'commits': [{'sha': 'c73d41e74e0ae1efbc503ad476b46e64c61b02fc', 'author': {'email': '63934382+ramsessanchez@users.noreply.github.com', 'name': 'ramsessanchez'}, 'message': 'Update http/java/okhttp/lib/src/main/java/com/microsoft/kiota/http/KiotaClientFactory.java\n\nCo-authored-by: Vincent Biret <vibiret@microsoft.com>', 'distinct': True, 'url': 'https://api.github.com/repos/microsoft/kiota/commits/c73d41e74e0ae1efbc503ad476b46e64c61b02fc'}]}",,C#
21049164766,PullRequestEvent,microsoft/kiota,0.0,2022-03-31T18:58:43Z,"{'action': 'closed', 'number': 1478, 'pull_request': {'url': 'https://api.github.com/repos/microsoft/kiota/pulls/1478', 'id': 896260547, 'node_id': 'PR_kwDOE0q91s41a9nD', 'html_url': 'https://github.com/microsoft/kiota/pull/1478', 'diff_url': 'https://github.com/microsoft/kiota/pull/1478.diff', 'patch_url': 'https://github.com/microsoft/kiota/pull/1478.patch', 'issue_url': 'https://api.github.com/repos/microsoft/kiota/issues/1478', 'number': 1478, 'state': 'closed', 'locked': False, 'title': 'Delete files that should not be committed ', 'user': {'login': 'ramsessanchez', 'id': 63934382, 'node_id': 'MDQ6VXNlcjYzOTM0Mzgy', 'avatar_url': 'https://avatars.githubusercontent.com/u/63934382?v=4', 'gravatar_id': '', 'url': 'https://api.github.com/users/ramsessanchez', 'html_url': 'https://github.com/ramsessanchez', 'followers_url': 'https://api.github.com/users/ramsessanchez/followers', 'following_url': 'https://api.github.com/users/ramsessanchez/following{/other_user}', 'gists_url': 'https://api.github.com/users/ramsessanchez/gists{/gist_id}', 'starred_url': 'https://api.github.com/users/ramsessanchez/starred{/owner}{/repo}', 'subscriptions_url': 'https://api.github.com/users/ramsessanchez/subscriptions', 'organizations_url': 'https://api.github.com/users/ramsessanchez/orgs', 'repos_url': 'https://api.github.com/users/ramsessanchez/repos', 'events_url': 'https://api.github.com/users/ramsessanchez/events{/privacy}', 'received_events_url': 'https://api.github.com/users/ramsessanchez/received_events', 'type': 'User', 'site_admin': False}, 'body': None, 'created_at': '2022-03-31T18:52:16Z', 'updated_at': '2022-03-31T18:58:43Z', 'closed_at': '2022-03-31T18:58:42Z', 'merged_at': '2022-03-31T18:58:42Z', 'merge_commit_sha': '89038b3ba190e51505eb147c75387f2ae1f78c2f', 'assignee': None, 'assignees': [], 'requested_reviewers': [{'login': 'darrelmiller', 'id': 447694, 'node_id': 'MDQ6VXNlcjQ0NzY5NA==', 'avatar_url': 'https://avatars.githubusercontent.com/u/447694?v=4', 'gravatar_id': '', 'url': 'https://api.github.com/users/darrelmiller', 'html_url': 'https://github.com/darrelmiller', 'followers_url': 'https://api.github.com/users/darrelmiller/followers', 'following_url': 'https://api.github.com/users/darrelmiller/following{/other_user}', 'gists_url': 'https://api.github.com/users/darrelmiller/gists{/gist_id}', 'starred_url': 'https://api.github.com/users/darrelmiller/starred{/owner}{/repo}', 'subscriptions_url': 'https://api.github.com/users/darrelmiller/subscriptions', 'organizations_url': 'https://api.github.com/users/darrelmiller/orgs', 'repos_url': 'https://api.github.com/users/darrelmiller/repos', 'events_url': 'https://api.github.com/users/darrelmiller/events{/privacy}', 'received_events_url': 'https://api.github.com/users/darrelmiller/received_events', 'type': 'User', 'site_admin': False}, {'login': 'calebkiage', 'id': 747955, 'node_id': 'MDQ6VXNlcjc0Nzk1NQ==', 'avatar_url': 'https://avatars.githubusercontent.com/u/747955?v=4', 'gravatar_id': '', 'url': 'https://api.github.com/users/calebkiage', 'html_url': 'https://github.com/calebkiage', 'followers_url': 'https://api.github.com/users/calebkiage/followers', 'following_url': 'https://api.github.com/users/calebkiage/following{/other_user}', 'gists_url': 'https://api.github.com/users/calebkiage/gists{/gist_id}', 'starred_url': 'https://api.github.com/users/calebkiage/starred{/owner}{/repo}', 'subscriptions_url': 'https://api.github.com/users/calebkiage/subscriptions', 'organizations_url': 'https://api.github.com/users/calebkiage/orgs', 'repos_url': 'https://api.github.com/users/calebkiage/repos', 'events_url': 'https://api.github.com/users/calebkiage/events{/privacy}', 'received_events_url': 'https://api.github.com/users/calebkiage/received_events', 'type': 'User', 'site_admin': False}, {'login': 'zengin', 'id': 803311, 'node_id': 'MDQ6VXNlcjgwMzMxMQ==', 'avatar_url': 'https://avatars.githubusercontent.com/u/803311?v=4', 'gravatar_id': '', 'url': 'https://api.github.com/users/zengin', 'html_url': 'https://github.com/zengin', 'followers_url': 'https://api.github.com/users/zengin/followers', 'following_url': 'https://api.github.com/users/zengin/following{/other_user}', 'gists_url': 'https://api.github.com/users/zengin/gists{/gist_id}', 'starred_url': 'https://api.github.com/users/zengin/starred{/owner}{/repo}', 'subscriptions_url': 'https://api.github.com/users/zengin/subscriptions', 'organizations_url': 'https://api.github.com/users/zengin/orgs', 'repos_url': 'https://api.github.com/users/zengin/repos', 'events_url': 'https://api.github.com/users/zengin/events{/privacy}', 'received_events_url': 'https://api.github.com/users/zengin/received_events', 'type': 'User', 'site_admin': False}, {'login': 'andrueastman', 'id': 6464005, 'node_id': 'MDQ6VXNlcjY0NjQwMDU=', 'avatar_url': 'https://avatars.githubusercontent.com/u/6464005?v=4', 'gravatar_id': '', 'url': 'https://api.github.com/users/andrueastman', 'html_url': 'https://github.com/andrueastman', 'followers_url': 'https://api.github.com/users/andrueastman/followers', 'following_url': 'https://api.github.com/users/andrueastman/following{/other_user}', 'gists_url': 'https://api.github.com/users/andrueastman/gists{/gist_id}', 'starred_url': 'https://api.github.com/users/andrueastman/starred{/owner}{/repo}', 'subscriptions_url': 'https://api.github.com/users/andrueastman/subscriptions', 'organizations_url': 'https://api.github.com/users/andrueastman/orgs', 'repos_url': 'https://api.github.com/users/andrueastman/repos', 'events_url': 'https://api.github.com/users/andrueastman/events{/privacy}', 'received_events_url': 'https://api.github.com/users/andrueastman/received_events', 'type': 'User', 'site_admin': False}, {'login': 'peombwa', 'id': 7061532, 'node_id': 'MDQ6VXNlcjcwNjE1MzI=', 'avatar_url': 'https://avatars.githubusercontent.com/u/7061532?v=4', 'gravatar_id': '', 'url': 'https://api.github.com/users/peombwa', 'html_url': 'https://github.com/peombwa', 'followers_url': 'https://api.github.com/users/peombwa/followers', 'following_url': 'https://api.github.com/users/peombwa/following{/other_user}', 'gists_url': 'https://api.github.com/users/peombwa/gists{/gist_id}', 'starred_url': 'https://api.github.com/users/peombwa/starred{/owner}{/repo}', 'subscriptions_url': 'https://api.github.com/users/peombwa/subscriptions', 'organizations_url': 'https://api.github.com/users/peombwa/orgs', 'repos_url': 'https://api.github.com/users/peombwa/repos', 'events_url': 'https://api.github.com/users/peombwa/events{/privacy}', 'received_events_url': 'https://api.github.com/users/peombwa/received_events', 'type': 'User', 'site_admin': False}, {'login': 'baywet', 'id': 7905502, 'node_id': 'MDQ6VXNlcjc5MDU1MDI=', 'avatar_url': 'https://avatars.githubusercontent.com/u/7905502?v=4', 'gravatar_id': '', 'url': 'https://api.github.com/users/baywet', 'html_url': 'https://github.com/baywet', 'followers_url': 'https://api.github.com/users/baywet/followers', 'following_url': 'https://api.github.com/users/baywet/following{/other_user}', 'gists_url': 'https://api.github.com/users/baywet/gists{/gist_id}', 'starred_url': 'https://api.github.com/users/baywet/starred{/owner}{/repo}', 'subscriptions_url': 'https://api.github.com/users/baywet/subscriptions', 'organizations_url': 'https://api.github.com/users/baywet/orgs', 'repos_url': 'https://api.github.com/users/baywet/repos', 'events_url': 'https://api.github.com/users/baywet/events{/privacy}', 'received_events_url': 'https://api.github.com/users/baywet/received_events', 'type': 'User', 'site_admin': False}, {'login': 'MIchaelMainer', 'id': 8527305, 'node_id': 'MDQ6VXNlcjg1MjczMDU=', 'avatar_url': 'https://avatars.githubusercontent.com/u/8527305?v=4', 'gravatar_id': '', 'url': 'https://api.github.com/users/MIchaelMainer', 'html_url': 'https://github.com/MIchaelMainer', 'followers_url': 'https://api.github.com/users/MIchaelMainer/followers', 'following_url': 'https://api.github.com/users/MIchaelMainer/following{/other_user}', 'gists_url': 'https://api.github.com/users/MIchaelMainer/gists{/gist_id}', 'starred_url': 'https://api.github.com/users/MIchaelMainer/starred{/owner}{/repo}', 'subscriptions_url': 'https://api.github.com/users/MIchaelMainer/subscriptions', 'organizations_url': 'https://api.github.com/users/MIchaelMainer/orgs', 'repos_url': 'https://api.github.com/users/MIchaelMainer/repos', 'events_url': 'https://api.github.com/users/MIchaelMainer/events{/privacy}', 'received_events_url': 'https://api.github.com/users/MIchaelMainer/received_events', 'type': 'User', 'site_admin': False}, {'login': 'ddyett', 'id': 20829981, 'node_id': 'MDQ6VXNlcjIwODI5OTgx', 'avatar_url': 'https://avatars.githubusercontent.com/u/20829981?v=4', 'gravatar_id': '', 'url': 'https://api.github.com/users/ddyett', 'html_url': 'https://github.com/ddyett', 'followers_url': 'https://api.github.com/users/ddyett/followers', 'following_url': 'https://api.github.com/users/ddyett/following{/other_user}', 'gists_url': 'https://api.github.com/users/ddyett/gists{/gist_id}', 'starred_url': 'https://api.github.com/users/ddyett/starred{/owner}{/repo}', 'subscriptions_url': 'https://api.github.com/users/ddyett/subscriptions', 'organizations_url': 'https://api.github.com/users/ddyett/orgs', 'repos_url': 'https://api.github.com/users/ddyett/repos', 'events_url': 'https://api.github.com/users/ddyett/events{/privacy}', 'received_events_url': 'https://api.github.com/users/ddyett/received_events', 'type': 'User', 'site_admin': False}, {'login': 'nikithauc', 'id': 23219007, 'node_id': 'MDQ6VXNlcjIzMjE5MDA3', 'avatar_url': 'https://avatars.githubusercontent.com/u/23219007?v=4', 'gravatar_id': '', 'url': 'https://api.github.com/users/nikithauc', 'html_url': 'https://github.com/nikithauc', 'followers_url': 'https://api.github.com/users/nikithauc/followers', 'following_url': 'https://api.github.com/users/nikithauc/following{/other_user}', 'gists_url': 'https://api.github.com/users/nikithauc/gists{/gist_id}', 'starred_url': 'https://api.github.com/users/nikithauc/starred{/owner}{/repo}', 'subscriptions_url': 'https://api.github.com/users/nikithauc/subscriptions', 'organizations_url': 'https://api.github.com/users/nikithauc/orgs', 'repos_url': 'https://api.github.com/users/nikithauc/repos', 'events_url': 'https://api.github.com/users/nikithauc/events{/privacy}', 'received_events_url': 'https://api.github.com/users/nikithauc/received_events', 'type': 'User', 'site_admin': False}], 'requested_teams': [], 'labels': [], 'milestone': None, 'draft': False, 'commits_url': 'https://api.github.com/repos/microsoft/kiota/pulls/1478/commits', 'review_comments_url': 'https://api.github.com/repos/microsoft/kiota/pulls/1478/comments', 'review_comment_url': 'https://api.github.com/repos/microsoft/kiota/pulls/comments{/number}', 'comments_url': 'https://api.github.com/repos/microsoft/kiota/issues/1478/comments', 'statuses_url': 'https://api.github.com/repos/microsoft/kiota/statuses/0ed400ca1c468aa69250b4103f2f6d019e35a331', 'head': {'label': 'microsoft:deleting-files-from-migration', 'ref': 'deleting-files-from-migration', 'sha': '0ed400ca1c468aa69250b4103f2f6d019e35a331', 'user': {'login': 'microsoft', 'id': 6154722, 'node_id': 'MDEyOk9yZ2FuaXphdGlvbjYxNTQ3MjI=', 'avatar_url': 'https://avatars.githubusercontent.com/u/6154722?v=4', 'gravatar_id': '', 'url': 'https://api.github.com/users/microsoft', 'html_url': 'https://github.com/microsoft', 'followers_url': 'https://api.github.com/users/microsoft/followers', 'following_url': 'https://api.github.com/users/microsoft/following{/other_user}', 'gists_url': 'https://api.github.com/users/microsoft/gists{/gist_id}', 'starred_url': 'https://api.github.com/users/microsoft/starred{/owner}{/repo}', 'subscriptions_url': 'https://api.github.com/users/microsoft/subscriptions', 'organizations_url': 'https://api.github.com/users/microsoft/orgs', 'repos_url': 'https://api.github.com/users/microsoft/repos', 'events_url': 'https://api.github.com/users/microsoft/events{/privacy}', 'received_events_url': 'https://api.github.com/users/microsoft/received_events', 'type': 'Organization', 'site_admin': False}, 'repo': {'id': 323665366, 'node_id': 'MDEwOlJlcG9zaXRvcnkzMjM2NjUzNjY=', 'name': 'kiota', 'full_name': 'microsoft/kiota', 'private': False, 'owner': {'login': 'microsoft', 'id': 6154722, 'node_id': 'MDEyOk9yZ2FuaXphdGlvbjYxNTQ3MjI=', 'avatar_url': 'https://avatars.githubusercontent.com/u/6154722?v=4', 'gravatar_id': '', 'url': 'https://api.github.com/users/microsoft', 'html_url': 'https://github.com/microsoft', 'followers_url': 'https://api.github.com/users/microsoft/followers', 'following_url': 'https://api.github.com/users/microsoft/following{/other_user}', 'gists_url': 'https://api.github.com/users/microsoft/gists{/gist_id}', 'starred_url': 'https://api.github.com/users/microsoft/starred{/owner}{/repo}', 'subscriptions_url': 'https://api.github.com/users/microsoft/subscriptions', 'organizations_url': 'https://api.github.com/users/microsoft/orgs', 'repos_url': 'https://api.github.com/users/microsoft/repos', 'events_url': 'https://api.github.com/users/microsoft/events{/privacy}', 'received_events_url': 'https://api.github.com/users/microsoft/received_events', 'type': 'Organization', 'site_admin': False}, 'html_url': 'https://github.com/microsoft/kiota', 'description': 'OpenAPI based HTTP Client SDK code generator', 'fork': False, 'url': 'https://api.github.com/repos/microsoft/kiota', 'forks_url': 'https://api.github.com/repos/microsoft/kiota/forks', 'keys_url': 'https://api.github.com/repos/microsoft/kiota/keys{/key_id}', 'collaborators_url': 'https://api.github.com/repos/microsoft/kiota/collaborators{/collaborator}', 'teams_url': 'https://api.github.com/repos/microsoft/kiota/teams', 'hooks_url': 'https://api.github.com/repos/microsoft/kiota/hooks', 'issue_events_url': 'https://api.github.com/repos/microsoft/kiota/issues/events{/number}', 'events_url': 'https://api.github.com/repos/microsoft/kiota/events', 'assignees_url': 'https://api.github.com/repos/microsoft/kiota/assignees{/user}', 'branches_url': 'https://api.github.com/repos/microsoft/kiota/branches{/branch}', 'tags_url': 'https://api.github.com/repos/microsoft/kiota/tags', 'blobs_url': 'https://api.github.com/repos/microsoft/kiota/git/blobs{/sha}', 'git_tags_url': 'https://api.github.com/repos/microsoft/kiota/git/tags{/sha}', 'git_refs_url': 'https://api.github.com/repos/microsoft/kiota/git/refs{/sha}', 'trees_url': 'https://api.github.com/repos/microsoft/kiota/git/trees{/sha}', 'statuses_url': 'https://api.github.com/repos/microsoft/kiota/statuses/{sha}', 'languages_url': 'https://api.github.com/repos/microsoft/kiota/languages', 'stargazers_url': 'https://api.github.com/repos/microsoft/kiota/stargazers', 'contributors_url': 'https://api.github.com/repos/microsoft/kiota/contributors', 'subscribers_url': 'https://api.github.com/repos/microsoft/kiota/subscribers', 'subscription_url': 'https://api.github.com/repos/microsoft/kiota/subscription', 'commits_url': 'https://api.github.com/repos/microsoft/kiota/commits{/sha}', 'git_commits_url': 'https://api.github.com/repos/microsoft/kiota/git/commits{/sha}', 'comments_url': 'https://api.github.com/repos/microsoft/kiota/comments{/number}', 'issue_comment_url': 'https://api.github.com/repos/microsoft/kiota/issues/comments{/number}', 'contents_url': 'https://api.github.com/repos/microsoft/kiota/contents/{+path}', 'compare_url': 'https://api.github.com/repos/microsoft/kiota/compare/{base}...{head}', 'merges_url': 'https://api.github.com/repos/microsoft/kiota/merges', 'archive_url': 'https://api.github.com/repos/microsoft/kiota/{archive_format}{/ref}', 'downloads_url': 'https://api.github.com/repos/microsoft/kiota/downloads', 'issues_url': 'https://api.github.com/repos/microsoft/kiota/issues{/number}', 'pulls_url': 'https://api.github.com/repos/microsoft/kiota/pulls{/number}', 'milestones_url': 'https://api.github.com/repos/microsoft/kiota/milestones{/number}', 'notifications_url': 'https://api.github.com/repos/microsoft/kiota/notifications{?since,all,participating}', 'labels_url': 'https://api.github.com/repos/microsoft/kiota/labels{/name}', 'releases_url': 'https://api.github.com/repos/microsoft/kiota/releases{/id}', 'deployments_url': 'https://api.github.com/repos/microsoft/kiota/deployments', 'created_at': '2020-12-22T15:35:49Z', 'updated_at': '2022-03-31T16:34:23Z', 'pushed_at': '2022-03-31T18:58:42Z', 'git_url': 'git://github.com/microsoft/kiota.git', 'ssh_url': 'git@github.com:microsoft/kiota.git', 'clone_url': 'https://github.com/microsoft/kiota.git', 'svn_url': 'https://github.com/microsoft/kiota', 'homepage': 'https://microsoft.github.io/kiota', 'size': 8605, 'stargazers_count': 119, 'watchers_count': 119, 'language': 'C#', 'has_issues': True, 'has_projects': True, 'has_downloads': True, 'has_wiki': False, 'has_pages': True, 'forks_count': 20, 'mirror_url': None, 'archived': False, 'disabled': False, 'open_issues_count': 90, 'license': {'key': 'mit', 'name': 'MIT License', 'spdx_id': 'MIT', 'url': 'https://api.github.com/licenses/mit', 'node_id': 'MDc6TGljZW5zZTEz'}, 'allow_forking': True, 'is_template': False, 'topics': ['api', 'csharp', 'dotnet', 'golang', 'hacktoberfest', 'http', 'java', 'openapi', 'php', 'ruby', 'typescript'], 'visibility': 'public', 'forks': 20, 'open_issues': 90, 'watchers': 119, 'default_branch': 'main'}}, 'base': {'label': 'microsoft:rsh/java-core-migration', 'ref': 'rsh/java-core-migration', 'sha': 'c714e7e3560344a3e431396f7ce4d55219289278', 'user': {'login': 'microsoft', 'id': 6154722, 'node_id': 'MDEyOk9yZ2FuaXphdGlvbjYxNTQ3MjI=', 'avatar_url': 'https://avatars.githubusercontent.com/u/6154722?v=4', 'gravatar_id': '', 'url': 'https://api.github.com/users/microsoft', 'html_url': 'https://github.com/microsoft', 'followers_url': 'https://api.github.com/users/microsoft/followers', 'following_url': 'https://api.github.com/users/microsoft/following{/other_user}', 'gists_url': 'https://api.github.com/users/microsoft/gists{/gist_id}', 'starred_url': 'https://api.github.com/users/microsoft/starred{/owner}{/repo}', 'subscriptions_url': 'https://api.github.com/users/microsoft/subscriptions', 'organizations_url': 'https://api.github.com/users/microsoft/orgs', 'repos_url': 'https://api.github.com/users/microsoft/repos', 'events_url': 'https://api.github.com/users/microsoft/events{/privacy}', 'received_events_url': 'https://api.github.com/users/microsoft/received_events', 'type': 'Organization', 'site_admin': False}, 'repo': {'id': 323665366, 'node_id': 'MDEwOlJlcG9zaXRvcnkzMjM2NjUzNjY=', 'name': 'kiota', 'full_name': 'microsoft/kiota', 'private': False, 'owner': {'login': 'microsoft', 'id': 6154722, 'node_id': 'MDEyOk9yZ2FuaXphdGlvbjYxNTQ3MjI=', 'avatar_url': 'https://avatars.githubusercontent.com/u/6154722?v=4', 'gravatar_id': '', 'url': 'https://api.github.com/users/microsoft', 'html_url': 'https://github.com/microsoft', 'followers_url': 'https://api.github.com/users/microsoft/followers', 'following_url': 'https://api.github.com/users/microsoft/following{/other_user}', 'gists_url': 'https://api.github.com/users/microsoft/gists{/gist_id}', 'starred_url': 'https://api.github.com/users/microsoft/starred{/owner}{/repo}', 'subscriptions_url': 'https://api.github.com/users/microsoft/subscriptions', 'organizations_url': 'https://api.github.com/users/microsoft/orgs', 'repos_url': 'https://api.github.com/users/microsoft/repos', 'events_url': 'https://api.github.com/users/microsoft/events{/privacy}', 'received_events_url': 'https://api.github.com/users/microsoft/received_events', 'type': 'Organization', 'site_admin': False}, 'html_url': 'https://github.com/microsoft/kiota', 'description': 'OpenAPI based HTTP Client SDK code generator', 'fork': False, 'url': 'https://api.github.com/repos/microsoft/kiota', 'forks_url': 'https://api.github.com/repos/microsoft/kiota/forks', 'keys_url': 'https://api.github.com/repos/microsoft/kiota/keys{/key_id}', 'collaborators_url': 'https://api.github.com/repos/microsoft/kiota/collaborators{/collaborator}', 'teams_url': 'https://api.github.com/repos/microsoft/kiota/teams', 'hooks_url': 'https://api.github.com/repos/microsoft/kiota/hooks', 'issue_events_url': 'https://api.github.com/repos/microsoft/kiota/issues/events{/number}', 'events_url': 'https://api.github.com/repos/microsoft/kiota/events', 'assignees_url': 'https://api.github.com/repos/microsoft/kiota/assignees{/user}', 'branches_url': 'https://api.github.com/repos/microsoft/kiota/branches{/branch}', 'tags_url': 'https://api.github.com/repos/microsoft/kiota/tags', 'blobs_url': 'https://api.github.com/repos/microsoft/kiota/git/blobs{/sha}', 'git_tags_url': 'https://api.github.com/repos/microsoft/kiota/git/tags{/sha}', 'git_refs_url': 'https://api.github.com/repos/microsoft/kiota/git/refs{/sha}', 'trees_url': 'https://api.github.com/repos/microsoft/kiota/git/trees{/sha}', 'statuses_url': 'https://api.github.com/repos/microsoft/kiota/statuses/{sha}', 'languages_url': 'https://api.github.com/repos/microsoft/kiota/languages', 'stargazers_url': 'https://api.github.com/repos/microsoft/kiota/stargazers', 'contributors_url': 'https://api.github.com/repos/microsoft/kiota/contributors', 'subscribers_url': 'https://api.github.com/repos/microsoft/kiota/subscribers', 'subscription_url': 'https://api.github.com/repos/microsoft/kiota/subscription', 'commits_url': 'https://api.github.com/repos/microsoft/kiota/commits{/sha}', 'git_commits_url': 'https://api.github.com/repos/microsoft/kiota/git/commits{/sha}', 'comments_url': 'https://api.github.com/repos/microsoft/kiota/comments{/number}', 'issue_comment_url': 'https://api.github.com/repos/microsoft/kiota/issues/comments{/number}', 'contents_url': 'https://api.github.com/repos/microsoft/kiota/contents/{+path}', 'compare_url': 'https://api.github.com/repos/microsoft/kiota/compare/{base}...{head}', 'merges_url': 'https://api.github.com/repos/microsoft/kiota/merges', 'archive_url': 'https://api.github.com/repos/microsoft/kiota/{archive_format}{/ref}', 'downloads_url': 'https://api.github.com/repos/microsoft/kiota/downloads', 'issues_url': 'https://api.github.com/repos/microsoft/kiota/issues{/number}', 'pulls_url': 'https://api.github.com/repos/microsoft/kiota/pulls{/number}', 'milestones_url': 'https://api.github.com/repos/microsoft/kiota/milestones{/number}', 'notifications_url': 'https://api.github.com/repos/microsoft/kiota/notifications{?since,all,participating}', 'labels_url': 'https://api.github.com/repos/microsoft/kiota/labels{/name}', 'releases_url': 'https://api.github.com/repos/microsoft/kiota/releases{/id}', 'deployments_url': 'https://api.github.com/repos/microsoft/kiota/deployments', 'created_at': '2020-12-22T15:35:49Z', 'updated_at': '2022-03-31T16:34:23Z', 'pushed_at': '2022-03-31T18:58:42Z', 'git_url': 'git://github.com/microsoft/kiota.git', 'ssh_url': 'git@github.com:microsoft/kiota.git', 'clone_url': 'https://github.com/microsoft/kiota.git', 'svn_url': 'https://github.com/microsoft/kiota', 'homepage': 'https://microsoft.github.io/kiota', 'size': 8605, 'stargazers_count': 119, 'watchers_count': 119, 'language': 'C#', 'has_issues': True, 'has_projects': True, 'has_downloads': True, 'has_wiki': False, 'has_pages': True, 'forks_count': 20, 'mirror_url': None, 'archived': False, 'disabled': False, 'open_issues_count': 90, 'license': {'key': 'mit', 'name': 'MIT License', 'spdx_id': 'MIT', 'url': 'https://api.github.com/licenses/mit', 'node_id': 'MDc6TGljZW5zZTEz'}, 'allow_forking': True, 'is_template': False, 'topics': ['api', 'csharp', 'dotnet', 'golang', 'hacktoberfest', 'http', 'java', 'openapi', 'php', 'ruby', 'typescript'], 'visibility': 'public', 'forks': 20, 'open_issues': 90, 'watchers': 119, 'default_branch': 'main'}}, '_links': {'self': {'href': 'https://api.github.com/repos/microsoft/kiota/pulls/1478'}, 'html': {'href': 'https://github.com/microsoft/kiota/pull/1478'}, 'issue': {'href': 'https://api.github.com/repos/microsoft/kiota/issues/1478'}, 'comments': {'href': 'https://api.github.com/repos/microsoft/kiota/issues/1478/comments'}, 'review_comments': {'href': 'https://api.github.com/repos/microsoft/kiota/pulls/1478/comments'}, 'review_comment': {'href': 'https://api.github.com/repos/microsoft/kiota/pulls/comments{/number}'}, 'commits': {'href': 'https://api.github.com/repos/microsoft/kiota/pulls/1478/commits'}, 'statuses': {'href': 'https://api.github.com/repos/microsoft/kiota/statuses/0ed400ca1c468aa69250b4103f2f6d019e35a331'}}, 'author_association': 'CONTRIBUTOR', 'auto_merge': None, 'active_lock_reason': None, 'merged': True, 'mergeable': None, 'rebaseable': None, 'mergeable_state': 'unknown', 'merged_by': {'login': 'ramsessanchez', 'id': 63934382, 'node_id': 'MDQ6VXNlcjYzOTM0Mzgy', 'avatar_url': 'https://avatars.githubusercontent.com/u/63934382?v=4', 'gravatar_id': '', 'url': 'https://api.github.com/users/ramsessanchez', 'html_url': 'https://github.com/ramsessanchez', 'followers_url': 'https://api.github.com/users/ramsessanchez/followers', 'following_url': 'https://api.github.com/users/ramsessanchez/following{/other_user}', 'gists_url': 'https://api.github.com/users/ramsessanchez/gists{/gist_id}', 'starred_url': 'https://api.github.com/users/ramsessanchez/starred{/owner}{/repo}', 'subscriptions_url': 'https://api.github.com/users/ramsessanchez/subscriptions', 'organizations_url': 'https://api.github.com/users/ramsessanchez/orgs', 'repos_url': 'https://api.github.com/users/ramsessanchez/repos', 'events_url': 'https://api.github.com/users/ramsessanchez/events{/privacy}', 'received_events_url': 'https://api.github.com/users/ramsessanchez/received_events', 'type': 'User', 'site_admin': False}, 'comments': 1, 'review_comments': 0, 'maintainer_can_modify': False, 'commits': 2, 'additions': 0, 'deletions': 18, 'changed_files': 2}}",closed,C#
21049164946,DeleteEvent,microsoft/kiota,0.0,2022-03-31T18:58:43Z,"{'ref': 'deleting-files-from-migration', 'ref_type': 'branch', 'pusher_type': 'user'}",,C#
21049165020,PushEvent,microsoft/kiota,0.0,2022-03-31T18:58:43Z,"{'push_id': 9504646590, 'size': 3, 'distinct_size': 3, 'ref': 'refs/heads/rsh/java-core-migration', 'head': '89038b3ba190e51505eb147c75387f2ae1f78c2f', 'before': 'c714e7e3560344a3e431396f7ce4d55219289278', 'commits': [{'sha': '83f895f0a88ddbd0fa91e123a986952f28d7650a', 'author': {'email': '63934382+ramsessanchez@users.noreply.github.com', 'name': 'ramsessanchez'}, 'message': 'Delete CompressionHandler.java', 'distinct': True, 'url': 'https://api.github.com/repos/microsoft/kiota/commits/83f895f0a88ddbd0fa91e123a986952f28d7650a'}, {'sha': '0ed400ca1c468aa69250b4103f2f6d019e35a331', 'author': {'email': '63934382+ramsessanchez@users.noreply.github.com', 'name': 'ramsessanchez'}, 'message': 'Delete kiota-abstractions.jar', 'distinct': True, 'url': 'https://api.github.com/repos/microsoft/kiota/commits/0ed400ca1c468aa69250b4103f2f6d019e35a331'}, {'sha': '89038b3ba190e51505eb147c75387f2ae1f78c2f', 'author': {'email': '63934382+ramsessanchez@users.noreply.github.com', 'name': 'ramsessanchez'}, 'message': 'Merge pull request #1478 from microsoft/deleting-files-from-migration\n\nDelete files that should not be committed', 'distinct': True, 'url': 'https://api.github.com/repos/microsoft/kiota/commits/89038b3ba190e51505eb147c75387f2ae1f78c2f'}]}",,C#
21049130357,PushEvent,microsoft/kiota,0.0,2022-03-31T18:56:57Z,"{'push_id': 9504630251, 'size': 1, 'distinct_size': 1, 'ref': 'refs/heads/deleting-files-from-migration', 'head': '0ed400ca1c468aa69250b4103f2f6d019e35a331', 'before': '83f895f0a88ddbd0fa91e123a986952f28d7650a', 'commits': [{'sha': '0ed400ca1c468aa69250b4103f2f6d019e35a331', 'author': {'email': '63934382+ramsessanchez@users.noreply.github.com', 'name': 'ramsessanchez'}, 'message': 'Delete kiota-abstractions.jar', 'distinct': True, 'url': 'https://api.github.com/repos/microsoft/kiota/commits/0ed400ca1c468aa69250b4103f2f6d019e35a331'}]}",,C#
21049037074,PullRequestEvent,microsoft/kiota,0.0,2022-03-31T18:52:17Z,"{'action': 'opened', 'number': 1478, 'pull_request': {'url': 'https://api.github.com/repos/microsoft/kiota/pulls/1478', 'id': 896260547, 'node_id': 'PR_kwDOE0q91s41a9nD', 'html_url': 'https://github.com/microsoft/kiota/pull/1478', 'diff_url': 'https://github.com/microsoft/kiota/pull/1478.diff', 'patch_url': 'https://github.com/microsoft/kiota/pull/1478.patch', 'issue_url': 'https://api.github.com/repos/microsoft/kiota/issues/1478', 'number': 1478, 'state': 'open', 'locked': False, 'title': 'Delete files that should not be committed ', 'user': {'login': 'ramsessanchez', 'id': 63934382, 'node_id': 'MDQ6VXNlcjYzOTM0Mzgy', 'avatar_url': 'https://avatars.githubusercontent.com/u/63934382?v=4', 'gravatar_id': '', 'url': 'https://api.github.com/users/ramsessanchez', 'html_url': 'https://github.com/ramsessanchez', 'followers_url': 'https://api.github.com/users/ramsessanchez/followers', 'following_url': 'https://api.github.com/users/ramsessanchez/following{/other_user}', 'gists_url': 'https://api.github.com/users/ramsessanchez/gists{/gist_id}', 'starred_url': 'https://api.github.com/users/ramsessanchez/starred{/owner}{/repo}', 'subscriptions_url': 'https://api.github.com/users/ramsessanchez/subscriptions', 'organizations_url': 'https://api.github.com/users/ramsessanchez/orgs', 'repos_url': 'https://api.github.com/users/ramsessanchez/repos', 'events_url': 'https://api.github.com/users/ramsessanchez/events{/privacy}', 'received_events_url': 'https://api.github.com/users/ramsessanchez/received_events', 'type': 'User', 'site_admin': False}, 'body': None, 'created_at': '2022-03-31T18:52:16Z', 'updated_at': '2022-03-31T18:52:16Z', 'closed_at': None, 'merged_at': None, 'merge_commit_sha': None, 'assignee': None, 'assignees': [], 'requested_reviewers': [], 'requested_teams': [], 'labels': [], 'milestone': None, 'draft': True, 'commits_url': 'https://api.github.com/repos/microsoft/kiota/pulls/1478/commits', 'review_comments_url': 'https://api.github.com/repos/microsoft/kiota/pulls/1478/comments', 'review_comment_url': 'https://api.github.com/repos/microsoft/kiota/pulls/comments{/number}', 'comments_url': 'https://api.github.com/repos/microsoft/kiota/issues/1478/comments', 'statuses_url': 'https://api.github.com/repos/microsoft/kiota/statuses/83f895f0a88ddbd0fa91e123a986952f28d7650a', 'head': {'label': 'microsoft:deleting-files-from-migration', 'ref': 'deleting-files-from-migration', 'sha': '83f895f0a88ddbd0fa91e123a986952f28d7650a', 'user': {'login': 'microsoft', 'id': 6154722, 'node_id': 'MDEyOk9yZ2FuaXphdGlvbjYxNTQ3MjI=', 'avatar_url': 'https://avatars.githubusercontent.com/u/6154722?v=4', 'gravatar_id': '', 'url': 'https://api.github.com/users/microsoft', 'html_url': 'https://github.com/microsoft', 'followers_url': 'https://api.github.com/users/microsoft/followers', 'following_url': 'https://api.github.com/users/microsoft/following{/other_user}', 'gists_url': 'https://api.github.com/users/microsoft/gists{/gist_id}', 'starred_url': 'https://api.github.com/users/microsoft/starred{/owner}{/repo}', 'subscriptions_url': 'https://api.github.com/users/microsoft/subscriptions', 'organizations_url': 'https://api.github.com/users/microsoft/orgs', 'repos_url': 'https://api.github.com/users/microsoft/repos', 'events_url': 'https://api.github.com/users/microsoft/events{/privacy}', 'received_events_url': 'https://api.github.com/users/microsoft/received_events', 'type': 'Organization', 'site_admin': False}, 'repo': {'id': 323665366, 'node_id': 'MDEwOlJlcG9zaXRvcnkzMjM2NjUzNjY=', 'name': 'kiota', 'full_name': 'microsoft/kiota', 'private': False, 'owner': {'login': 'microsoft', 'id': 6154722, 'node_id': 'MDEyOk9yZ2FuaXphdGlvbjYxNTQ3MjI=', 'avatar_url': 'https://avatars.githubusercontent.com/u/6154722?v=4', 'gravatar_id': '', 'url': 'https://api.github.com/users/microsoft', 'html_url': 'https://github.com/microsoft', 'followers_url': 'https://api.github.com/users/microsoft/followers', 'following_url': 'https://api.github.com/users/microsoft/following{/other_user}', 'gists_url': 'https://api.github.com/users/microsoft/gists{/gist_id}', 'starred_url': 'https://api.github.com/users/microsoft/starred{/owner}{/repo}', 'subscriptions_url': 'https://api.github.com/users/microsoft/subscriptions', 'organizations_url': 'https://api.github.com/users/microsoft/orgs', 'repos_url': 'https://api.github.com/users/microsoft/repos', 'events_url': 'https://api.github.com/users/microsoft/events{/privacy}', 'received_events_url': 'https://api.github.com/users/microsoft/received_events', 'type': 'Organization', 'site_admin': False}, 'html_url': 'https://github.com/microsoft/kiota', 'description': 'OpenAPI based HTTP Client SDK code generator', 'fork': False, 'url': 'https://api.github.com/repos/microsoft/kiota', 'forks_url': 'https://api.github.com/repos/microsoft/kiota/forks', 'keys_url': 'https://api.github.com/repos/microsoft/kiota/keys{/key_id}', 'collaborators_url': 'https://api.github.com/repos/microsoft/kiota/collaborators{/collaborator}', 'teams_url': 'https://api.github.com/repos/microsoft/kiota/teams', 'hooks_url': 'https://api.github.com/repos/microsoft/kiota/hooks', 'issue_events_url': 'https://api.github.com/repos/microsoft/kiota/issues/events{/number}', 'events_url': 'https://api.github.com/repos/microsoft/kiota/events', 'assignees_url': 'https://api.github.com/repos/microsoft/kiota/assignees{/user}', 'branches_url': 'https://api.github.com/repos/microsoft/kiota/branches{/branch}', 'tags_url': 'https://api.github.com/repos/microsoft/kiota/tags', 'blobs_url': 'https://api.github.com/repos/microsoft/kiota/git/blobs{/sha}', 'git_tags_url': 'https://api.github.com/repos/microsoft/kiota/git/tags{/sha}', 'git_refs_url': 'https://api.github.com/repos/microsoft/kiota/git/refs{/sha}', 'trees_url': 'https://api.github.com/repos/microsoft/kiota/git/trees{/sha}', 'statuses_url': 'https://api.github.com/repos/microsoft/kiota/statuses/{sha}', 'languages_url': 'https://api.github.com/repos/microsoft/kiota/languages', 'stargazers_url': 'https://api.github.com/repos/microsoft/kiota/stargazers', 'contributors_url': 'https://api.github.com/repos/microsoft/kiota/contributors', 'subscribers_url': 'https://api.github.com/repos/microsoft/kiota/subscribers', 'subscription_url': 'https://api.github.com/repos/microsoft/kiota/subscription', 'commits_url': 'https://api.github.com/repos/microsoft/kiota/commits{/sha}', 'git_commits_url': 'https://api.github.com/repos/microsoft/kiota/git/commits{/sha}', 'comments_url': 'https://api.github.com/repos/microsoft/kiota/comments{/number}', 'issue_comment_url': 'https://api.github.com/repos/microsoft/kiota/issues/comments{/number}', 'contents_url': 'https://api.github.com/repos/microsoft/kiota/contents/{+path}', 'compare_url': 'https://api.github.com/repos/microsoft/kiota/compare/{base}...{head}', 'merges_url': 'https://api.github.com/repos/microsoft/kiota/merges', 'archive_url': 'https://api.github.com/repos/microsoft/kiota/{archive_format}{/ref}', 'downloads_url': 'https://api.github.com/repos/microsoft/kiota/downloads', 'issues_url': 'https://api.github.com/repos/microsoft/kiota/issues{/number}', 'pulls_url': 'https://api.github.com/repos/microsoft/kiota/pulls{/number}', 'milestones_url': 'https://api.github.com/repos/microsoft/kiota/milestones{/number}', 'notifications_url': 'https://api.github.com/repos/microsoft/kiota/notifications{?since,all,participating}', 'labels_url': 'https://api.github.com/repos/microsoft/kiota/labels{/name}', 'releases_url': 'https://api.github.com/repos/microsoft/kiota/releases{/id}', 'deployments_url': 'https://api.github.com/repos/microsoft/kiota/deployments', 'created_at': '2020-12-22T15:35:49Z', 'updated_at': '2022-03-31T16:34:23Z', 'pushed_at': '2022-03-31T18:52:16Z', 'git_url': 'git://github.com/microsoft/kiota.git', 'ssh_url': 'git@github.com:microsoft/kiota.git', 'clone_url': 'https://github.com/microsoft/kiota.git', 'svn_url': 'https://github.com/microsoft/kiota', 'homepage': 'https://microsoft.github.io/kiota', 'size': 8605, 'stargazers_count': 119, 'watchers_count': 119, 'language': 'C#', 'has_issues': True, 'has_projects': True, 'has_downloads': True, 'has_wiki': False, 'has_pages': True, 'forks_count': 20, 'mirror_url': None, 'archived': False, 'disabled': False, 'open_issues_count': 91, 'license': {'key': 'mit', 'name': 'MIT License', 'spdx_id': 'MIT', 'url': 'https://api.github.com/licenses/mit', 'node_id': 'MDc6TGljZW5zZTEz'}, 'allow_forking': True, 'is_template': False, 'topics': ['api', 'csharp', 'dotnet', 'golang', 'hacktoberfest', 'http', 'java', 'openapi', 'php', 'ruby', 'typescript'], 'visibility': 'public', 'forks': 20, 'open_issues': 91, 'watchers': 119, 'default_branch': 'main'}}, 'base': {'label': 'microsoft:rsh/java-core-migration', 'ref': 'rsh/java-core-migration', 'sha': 'c714e7e3560344a3e431396f7ce4d55219289278', 'user': {'login': 'microsoft', 'id': 6154722, 'node_id': 'MDEyOk9yZ2FuaXphdGlvbjYxNTQ3MjI=', 'avatar_url': 'https://avatars.githubusercontent.com/u/6154722?v=4', 'gravatar_id': '', 'url': 'https://api.github.com/users/microsoft', 'html_url': 'https://github.com/microsoft', 'followers_url': 'https://api.github.com/users/microsoft/followers', 'following_url': 'https://api.github.com/users/microsoft/following{/other_user}', 'gists_url': 'https://api.github.com/users/microsoft/gists{/gist_id}', 'starred_url': 'https://api.github.com/users/microsoft/starred{/owner}{/repo}', 'subscriptions_url': 'https://api.github.com/users/microsoft/subscriptions', 'organizations_url': 'https://api.github.com/users/microsoft/orgs', 'repos_url': 'https://api.github.com/users/microsoft/repos', 'events_url': 'https://api.github.com/users/microsoft/events{/privacy}', 'received_events_url': 'https://api.github.com/users/microsoft/received_events', 'type': 'Organization', 'site_admin': False}, 'repo': {'id': 323665366, 'node_id': 'MDEwOlJlcG9zaXRvcnkzMjM2NjUzNjY=', 'name': 'kiota', 'full_name': 'microsoft/kiota', 'private': False, 'owner': {'login': 'microsoft', 'id': 6154722, 'node_id': 'MDEyOk9yZ2FuaXphdGlvbjYxNTQ3MjI=', 'avatar_url': 'https://avatars.githubusercontent.com/u/6154722?v=4', 'gravatar_id': '', 'url': 'https://api.github.com/users/microsoft', 'html_url': 'https://github.com/microsoft', 'followers_url': 'https://api.github.com/users/microsoft/followers', 'following_url': 'https://api.github.com/users/microsoft/following{/other_user}', 'gists_url': 'https://api.github.com/users/microsoft/gists{/gist_id}', 'starred_url': 'https://api.github.com/users/microsoft/starred{/owner}{/repo}', 'subscriptions_url': 'https://api.github.com/users/microsoft/subscriptions', 'organizations_url': 'https://api.github.com/users/microsoft/orgs', 'repos_url': 'https://api.github.com/users/microsoft/repos', 'events_url': 'https://api.github.com/users/microsoft/events{/privacy}', 'received_events_url': 'https://api.github.com/users/microsoft/received_events', 'type': 'Organization', 'site_admin': False}, 'html_url': 'https://github.com/microsoft/kiota', 'description': 'OpenAPI based HTTP Client SDK code generator', 'fork': False, 'url': 'https://api.github.com/repos/microsoft/kiota', 'forks_url': 'https://api.github.com/repos/microsoft/kiota/forks', 'keys_url': 'https://api.github.com/repos/microsoft/kiota/keys{/key_id}', 'collaborators_url': 'https://api.github.com/repos/microsoft/kiota/collaborators{/collaborator}', 'teams_url': 'https://api.github.com/repos/microsoft/kiota/teams', 'hooks_url': 'https://api.github.com/repos/microsoft/kiota/hooks', 'issue_events_url': 'https://api.github.com/repos/microsoft/kiota/issues/events{/number}', 'events_url': 'https://api.github.com/repos/microsoft/kiota/events', 'assignees_url': 'https://api.github.com/repos/microsoft/kiota/assignees{/user}', 'branches_url': 'https://api.github.com/repos/microsoft/kiota/branches{/branch}', 'tags_url': 'https://api.github.com/repos/microsoft/kiota/tags', 'blobs_url': 'https://api.github.com/repos/microsoft/kiota/git/blobs{/sha}', 'git_tags_url': 'https://api.github.com/repos/microsoft/kiota/git/tags{/sha}', 'git_refs_url': 'https://api.github.com/repos/microsoft/kiota/git/refs{/sha}', 'trees_url': 'https://api.github.com/repos/microsoft/kiota/git/trees{/sha}', 'statuses_url': 'https://api.github.com/repos/microsoft/kiota/statuses/{sha}', 'languages_url': 'https://api.github.com/repos/microsoft/kiota/languages', 'stargazers_url': 'https://api.github.com/repos/microsoft/kiota/stargazers', 'contributors_url': 'https://api.github.com/repos/microsoft/kiota/contributors', 'subscribers_url': 'https://api.github.com/repos/microsoft/kiota/subscribers', 'subscription_url': 'https://api.github.com/repos/microsoft/kiota/subscription', 'commits_url': 'https://api.github.com/repos/microsoft/kiota/commits{/sha}', 'git_commits_url': 'https://api.github.com/repos/microsoft/kiota/git/commits{/sha}', 'comments_url': 'https://api.github.com/repos/microsoft/kiota/comments{/number}', 'issue_comment_url': 'https://api.github.com/repos/microsoft/kiota/issues/comments{/number}', 'contents_url': 'https://api.github.com/repos/microsoft/kiota/contents/{+path}', 'compare_url': 'https://api.github.com/repos/microsoft/kiota/compare/{base}...{head}', 'merges_url': 'https://api.github.com/repos/microsoft/kiota/merges', 'archive_url': 'https://api.github.com/repos/microsoft/kiota/{archive_format}{/ref}', 'downloads_url': 'https://api.github.com/repos/microsoft/kiota/downloads', 'issues_url': 'https://api.github.com/repos/microsoft/kiota/issues{/number}', 'pulls_url': 'https://api.github.com/repos/microsoft/kiota/pulls{/number}', 'milestones_url': 'https://api.github.com/repos/microsoft/kiota/milestones{/number}', 'notifications_url': 'https://api.github.com/repos/microsoft/kiota/notifications{?since,all,participating}', 'labels_url': 'https://api.github.com/repos/microsoft/kiota/labels{/name}', 'releases_url': 'https://api.github.com/repos/microsoft/kiota/releases{/id}', 'deployments_url': 'https://api.github.com/repos/microsoft/kiota/deployments', 'created_at': '2020-12-22T15:35:49Z', 'updated_at': '2022-03-31T16:34:23Z', 'pushed_at': '2022-03-31T18:52:16Z', 'git_url': 'git://github.com/microsoft/kiota.git', 'ssh_url': 'git@github.com:microsoft/kiota.git', 'clone_url': 'https://github.com/microsoft/kiota.git', 'svn_url': 'https://github.com/microsoft/kiota', 'homepage': 'https://microsoft.github.io/kiota', 'size': 8605, 'stargazers_count': 119, 'watchers_count': 119, 'language': 'C#', 'has_issues': True, 'has_projects': True, 'has_downloads': True, 'has_wiki': False, 'has_pages': True, 'forks_count': 20, 'mirror_url': None, 'archived': False, 'disabled': False, 'open_issues_count': 91, 'license': {'key': 'mit', 'name': 'MIT License', 'spdx_id': 'MIT', 'url': 'https://api.github.com/licenses/mit', 'node_id': 'MDc6TGljZW5zZTEz'}, 'allow_forking': True, 'is_template': False, 'topics': ['api', 'csharp', 'dotnet', 'golang', 'hacktoberfest', 'http', 'java', 'openapi', 'php', 'ruby', 'typescript'], 'visibility': 'public', 'forks': 20, 'open_issues': 91, 'watchers': 119, 'default_branch': 'main'}}, '_links': {'self': {'href': 'https://api.github.com/repos/microsoft/kiota/pulls/1478'}, 'html': {'href': 'https://github.com/microsoft/kiota/pull/1478'}, 'issue': {'href': 'https://api.github.com/repos/microsoft/kiota/issues/1478'}, 'comments': {'href': 'https://api.github.com/repos/microsoft/kiota/issues/1478/comments'}, 'review_comments': {'href': 'https://api.github.com/repos/microsoft/kiota/pulls/1478/comments'}, 'review_comment': {'href': 'https://api.github.com/repos/microsoft/kiota/pulls/comments{/number}'}, 'commits': {'href': 'https://api.github.com/repos/microsoft/kiota/pulls/1478/commits'}, 'statuses': {'href': 'https://api.github.com/repos/microsoft/kiota/statuses/83f895f0a88ddbd0fa91e123a986952f28d7650a'}}, 'author_association': 'CONTRIBUTOR', 'auto_merge': None, 'active_lock_reason': None, 'merged': False, 'mergeable': None, 'rebaseable': None, 'mergeable_state': 'unknown', 'merged_by': None, 'comments': 0, 'review_comments': 0, 'maintainer_can_modify': False, 'commits': 1, 'additions': 0, 'deletions': 18, 'changed_files': 1}}",opened,C#
21049016975,CreateEvent,microsoft/kiota,0.0,2022-03-31T18:51:18Z,"{'ref': 'deleting-files-from-migration', 'ref_type': 'branch', 'master_branch': 'main', 'description': 'OpenAPI based HTTP Client SDK code generator', 'pusher_type': 'user'}",,C#
21047464592,PullRequestEvent,microsoft/kiota,0.0,2022-03-31T17:23:19Z,"{'action': 'opened', 'number': 1477, 'pull_request': {'url': 'https://api.github.com/repos/microsoft/kiota/pulls/1477', 'id': 896162193, 'node_id': 'PR_kwDOE0q91s41almR', 'html_url': 'https://github.com/microsoft/kiota/pull/1477', 'diff_url': 'https://github.com/microsoft/kiota/pull/1477.diff', 'patch_url': 'https://github.com/microsoft/kiota/pull/1477.patch', 'issue_url': 'https://api.github.com/repos/microsoft/kiota/issues/1477', 'number': 1477, 'state': 'open', 'locked': False, 'title': 'Rsh/java core migration', 'user': {'login': 'ramsessanchez', 'id': 63934382, 'node_id': 'MDQ6VXNlcjYzOTM0Mzgy', 'avatar_url': 'https://avatars.githubusercontent.com/u/63934382?v=4', 'gravatar_id': '', 'url': 'https://api.github.com/users/ramsessanchez', 'html_url': 'https://github.com/ramsessanchez', 'followers_url': 'https://api.github.com/users/ramsessanchez/followers', 'following_url': 'https://api.github.com/users/ramsessanchez/following{/other_user}', 'gists_url': 'https://api.github.com/users/ramsessanchez/gists{/gist_id}', 'starred_url': 'https://api.github.com/users/ramsessanchez/starred{/owner}{/repo}', 'subscriptions_url': 'https://api.github.com/users/ramsessanchez/subscriptions', 'organizations_url': 'https://api.github.com/users/ramsessanchez/orgs', 'repos_url': 'https://api.github.com/users/ramsessanchez/repos', 'events_url': 'https://api.github.com/users/ramsessanchez/events{/privacy}', 'received_events_url': 'https://api.github.com/users/ramsessanchez/received_events', 'type': 'User', 'site_admin': False}, 'body': 'Adding retry, redirect, and telemetry handlers along with tests for these middlewares. ', 'created_at': '2022-03-31T17:23:19Z', 'updated_at': '2022-03-31T17:23:19Z', 'closed_at': None, 'merged_at': None, 'merge_commit_sha': None, 'assignee': None, 'assignees': [], 'requested_reviewers': [], 'requested_teams': [], 'labels': [], 'milestone': None, 'draft': False, 'commits_url': 'https://api.github.com/repos/microsoft/kiota/pulls/1477/commits', 'review_comments_url': 'https://api.github.com/repos/microsoft/kiota/pulls/1477/comments', 'review_comment_url': 'https://api.github.com/repos/microsoft/kiota/pulls/comments{/number}', 'comments_url': 'https://api.github.com/repos/microsoft/kiota/issues/1477/comments', 'statuses_url': 'https://api.github.com/repos/microsoft/kiota/statuses/c714e7e3560344a3e431396f7ce4d55219289278', 'head': {'label': 'microsoft:rsh/java-core-migration', 'ref': 'rsh/java-core-migration', 'sha': 'c714e7e3560344a3e431396f7ce4d55219289278', 'user': {'login': 'microsoft', 'id': 6154722, 'node_id': 'MDEyOk9yZ2FuaXphdGlvbjYxNTQ3MjI=', 'avatar_url': 'https://avatars.githubusercontent.com/u/6154722?v=4', 'gravatar_id': '', 'url': 'https://api.github.com/users/microsoft', 'html_url': 'https://github.com/microsoft', 'followers_url': 'https://api.github.com/users/microsoft/followers', 'following_url': 'https://api.github.com/users/microsoft/following{/other_user}', 'gists_url': 'https://api.github.com/users/microsoft/gists{/gist_id}', 'starred_url': 'https://api.github.com/users/microsoft/starred{/owner}{/repo}', 'subscriptions_url': 'https://api.github.com/users/microsoft/subscriptions', 'organizations_url': 'https://api.github.com/users/microsoft/orgs', 'repos_url': 'https://api.github.com/users/microsoft/repos', 'events_url': 'https://api.github.com/users/microsoft/events{/privacy}', 'received_events_url': 'https://api.github.com/users/microsoft/received_events', 'type': 'Organization', 'site_admin': False}, 'repo': {'id': 323665366, 'node_id': 'MDEwOlJlcG9zaXRvcnkzMjM2NjUzNjY=', 'name': 'kiota', 'full_name': 'microsoft/kiota', 'private': False, 'owner': {'login': 'microsoft', 'id': 6154722, 'node_id': 'MDEyOk9yZ2FuaXphdGlvbjYxNTQ3MjI=', 'avatar_url': 'https://avatars.githubusercontent.com/u/6154722?v=4', 'gravatar_id': '', 'url': 'https://api.github.com/users/microsoft', 'html_url': 'https://github.com/microsoft', 'followers_url': 'https://api.github.com/users/microsoft/followers', 'following_url': 'https://api.github.com/users/microsoft/following{/other_user}', 'gists_url': 'https://api.github.com/users/microsoft/gists{/gist_id}', 'starred_url': 'https://api.github.com/users/microsoft/starred{/owner}{/repo}', 'subscriptions_url': 'https://api.github.com/users/microsoft/subscriptions', 'organizations_url': 'https://api.github.com/users/microsoft/orgs', 'repos_url': 'https://api.github.com/users/microsoft/repos', 'events_url': 'https://api.github.com/users/microsoft/events{/privacy}', 'received_events_url': 'https://api.github.com/users/microsoft/received_events', 'type': 'Organization', 'site_admin': False}, 'html_url': 'https://github.com/microsoft/kiota', 'description': 'OpenAPI based HTTP Client SDK code generator', 'fork': False, 'url': 'https://api.github.com/repos/microsoft/kiota', 'forks_url': 'https://api.github.com/repos/microsoft/kiota/forks', 'keys_url': 'https://api.github.com/repos/microsoft/kiota/keys{/key_id}', 'collaborators_url': 'https://api.github.com/repos/microsoft/kiota/collaborators{/collaborator}', 'teams_url': 'https://api.github.com/repos/microsoft/kiota/teams', 'hooks_url': 'https://api.github.com/repos/microsoft/kiota/hooks', 'issue_events_url': 'https://api.github.com/repos/microsoft/kiota/issues/events{/number}', 'events_url': 'https://api.github.com/repos/microsoft/kiota/events', 'assignees_url': 'https://api.github.com/repos/microsoft/kiota/assignees{/user}', 'branches_url': 'https://api.github.com/repos/microsoft/kiota/branches{/branch}', 'tags_url': 'https://api.github.com/repos/microsoft/kiota/tags', 'blobs_url': 'https://api.github.com/repos/microsoft/kiota/git/blobs{/sha}', 'git_tags_url': 'https://api.github.com/repos/microsoft/kiota/git/tags{/sha}', 'git_refs_url': 'https://api.github.com/repos/microsoft/kiota/git/refs{/sha}', 'trees_url': 'https://api.github.com/repos/microsoft/kiota/git/trees{/sha}', 'statuses_url': 'https://api.github.com/repos/microsoft/kiota/statuses/{sha}', 'languages_url': 'https://api.github.com/repos/microsoft/kiota/languages', 'stargazers_url': 'https://api.github.com/repos/microsoft/kiota/stargazers', 'contributors_url': 'https://api.github.com/repos/microsoft/kiota/contributors', 'subscribers_url': 'https://api.github.com/repos/microsoft/kiota/subscribers', 'subscription_url': 'https://api.github.com/repos/microsoft/kiota/subscription', 'commits_url': 'https://api.github.com/repos/microsoft/kiota/commits{/sha}', 'git_commits_url': 'https://api.github.com/repos/microsoft/kiota/git/commits{/sha}', 'comments_url': 'https://api.github.com/repos/microsoft/kiota/comments{/number}', 'issue_comment_url': 'https://api.github.com/repos/microsoft/kiota/issues/comments{/number}', 'contents_url': 'https://api.github.com/repos/microsoft/kiota/contents/{+path}', 'compare_url': 'https://api.github.com/repos/microsoft/kiota/compare/{base}...{head}', 'merges_url': 'https://api.github.com/repos/microsoft/kiota/merges', 'archive_url': 'https://api.github.com/repos/microsoft/kiota/{archive_format}{/ref}', 'downloads_url': 'https://api.github.com/repos/microsoft/kiota/downloads', 'issues_url': 'https://api.github.com/repos/microsoft/kiota/issues{/number}', 'pulls_url': 'https://api.github.com/repos/microsoft/kiota/pulls{/number}', 'milestones_url': 'https://api.github.com/repos/microsoft/kiota/milestones{/number}', 'notifications_url': 'https://api.github.com/repos/microsoft/kiota/notifications{?since,all,participating}', 'labels_url': 'https://api.github.com/repos/microsoft/kiota/labels{/name}', 'releases_url': 'https://api.github.com/repos/microsoft/kiota/releases{/id}', 'deployments_url': 'https://api.github.com/repos/microsoft/kiota/deployments', 'created_at': '2020-12-22T15:35:49Z', 'updated_at': '2022-03-31T16:34:23Z', 'pushed_at': '2022-03-31T17:23:19Z', 'git_url': 'git://github.com/microsoft/kiota.git', 'ssh_url': 'git@github.com:microsoft/kiota.git', 'clone_url': 'https://github.com/microsoft/kiota.git', 'svn_url': 'https://github.com/microsoft/kiota', 'homepage': 'https://microsoft.github.io/kiota', 'size': 8602, 'stargazers_count': 119, 'watchers_count': 119, 'language': 'C#', 'has_issues': True, 'has_projects': True, 'has_downloads': True, 'has_wiki': False, 'has_pages': True, 'forks_count': 20, 'mirror_url': None, 'archived': False, 'disabled': False, 'open_issues_count': 93, 'license': {'key': 'mit', 'name': 'MIT License', 'spdx_id': 'MIT', 'url': 'https://api.github.com/licenses/mit', 'node_id': 'MDc6TGljZW5zZTEz'}, 'allow_forking': True, 'is_template': False, 'topics': ['api', 'csharp', 'dotnet', 'golang', 'hacktoberfest', 'http', 'java', 'openapi', 'php', 'ruby', 'typescript'], 'visibility': 'public', 'forks': 20, 'open_issues': 93, 'watchers': 119, 'default_branch': 'main'}}, 'base': {'label': 'microsoft:main', 'ref': 'main', 'sha': '36f20bff43ddf7146ba0fbdd7a4ac0c0ecc49143', 'user': {'login': 'microsoft', 'id': 6154722, 'node_id': 'MDEyOk9yZ2FuaXphdGlvbjYxNTQ3MjI=', 'avatar_url': 'https://avatars.githubusercontent.com/u/6154722?v=4', 'gravatar_id': '', 'url': 'https://api.github.com/users/microsoft', 'html_url': 'https://github.com/microsoft', 'followers_url': 'https://api.github.com/users/microsoft/followers', 'following_url': 'https://api.github.com/users/microsoft/following{/other_user}', 'gists_url': 'https://api.github.com/users/microsoft/gists{/gist_id}', 'starred_url': 'https://api.github.com/users/microsoft/starred{/owner}{/repo}', 'subscriptions_url': 'https://api.github.com/users/microsoft/subscriptions', 'organizations_url': 'https://api.github.com/users/microsoft/orgs', 'repos_url': 'https://api.github.com/users/microsoft/repos', 'events_url': 'https://api.github.com/users/microsoft/events{/privacy}', 'received_events_url': 'https://api.github.com/users/microsoft/received_events', 'type': 'Organization', 'site_admin': False}, 'repo': {'id': 323665366, 'node_id': 'MDEwOlJlcG9zaXRvcnkzMjM2NjUzNjY=', 'name': 'kiota', 'full_name': 'microsoft/kiota', 'private': False, 'owner': {'login': 'microsoft', 'id': 6154722, 'node_id': 'MDEyOk9yZ2FuaXphdGlvbjYxNTQ3MjI=', 'avatar_url': 'https://avatars.githubusercontent.com/u/6154722?v=4', 'gravatar_id': '', 'url': 'https://api.github.com/users/microsoft', 'html_url': 'https://github.com/microsoft', 'followers_url': 'https://api.github.com/users/microsoft/followers', 'following_url': 'https://api.github.com/users/microsoft/following{/other_user}', 'gists_url': 'https://api.github.com/users/microsoft/gists{/gist_id}', 'starred_url': 'https://api.github.com/users/microsoft/starred{/owner}{/repo}', 'subscriptions_url': 'https://api.github.com/users/microsoft/subscriptions', 'organizations_url': 'https://api.github.com/users/microsoft/orgs', 'repos_url': 'https://api.github.com/users/microsoft/repos', 'events_url': 'https://api.github.com/users/microsoft/events{/privacy}', 'received_events_url': 'https://api.github.com/users/microsoft/received_events', 'type': 'Organization', 'site_admin': False}, 'html_url': 'https://github.com/microsoft/kiota', 'description': 'OpenAPI based HTTP Client SDK code generator', 'fork': False, 'url': 'https://api.github.com/repos/microsoft/kiota', 'forks_url': 'https://api.github.com/repos/microsoft/kiota/forks', 'keys_url': 'https://api.github.com/repos/microsoft/kiota/keys{/key_id}', 'collaborators_url': 'https://api.github.com/repos/microsoft/kiota/collaborators{/collaborator}', 'teams_url': 'https://api.github.com/repos/microsoft/kiota/teams', 'hooks_url': 'https://api.github.com/repos/microsoft/kiota/hooks', 'issue_events_url': 'https://api.github.com/repos/microsoft/kiota/issues/events{/number}', 'events_url': 'https://api.github.com/repos/microsoft/kiota/events', 'assignees_url': 'https://api.github.com/repos/microsoft/kiota/assignees{/user}', 'branches_url': 'https://api.github.com/repos/microsoft/kiota/branches{/branch}', 'tags_url': 'https://api.github.com/repos/microsoft/kiota/tags', 'blobs_url': 'https://api.github.com/repos/microsoft/kiota/git/blobs{/sha}', 'git_tags_url': 'https://api.github.com/repos/microsoft/kiota/git/tags{/sha}', 'git_refs_url': 'https://api.github.com/repos/microsoft/kiota/git/refs{/sha}', 'trees_url': 'https://api.github.com/repos/microsoft/kiota/git/trees{/sha}', 'statuses_url': 'https://api.github.com/repos/microsoft/kiota/statuses/{sha}', 'languages_url': 'https://api.github.com/repos/microsoft/kiota/languages', 'stargazers_url': 'https://api.github.com/repos/microsoft/kiota/stargazers', 'contributors_url': 'https://api.github.com/repos/microsoft/kiota/contributors', 'subscribers_url': 'https://api.github.com/repos/microsoft/kiota/subscribers', 'subscription_url': 'https://api.github.com/repos/microsoft/kiota/subscription', 'commits_url': 'https://api.github.com/repos/microsoft/kiota/commits{/sha}', 'git_commits_url': 'https://api.github.com/repos/microsoft/kiota/git/commits{/sha}', 'comments_url': 'https://api.github.com/repos/microsoft/kiota/comments{/number}', 'issue_comment_url': 'https://api.github.com/repos/microsoft/kiota/issues/comments{/number}', 'contents_url': 'https://api.github.com/repos/microsoft/kiota/contents/{+path}', 'compare_url': 'https://api.github.com/repos/microsoft/kiota/compare/{base}...{head}', 'merges_url': 'https://api.github.com/repos/microsoft/kiota/merges', 'archive_url': 'https://api.github.com/repos/microsoft/kiota/{archive_format}{/ref}', 'downloads_url': 'https://api.github.com/repos/microsoft/kiota/downloads', 'issues_url': 'https://api.github.com/repos/microsoft/kiota/issues{/number}', 'pulls_url': 'https://api.github.com/repos/microsoft/kiota/pulls{/number}', 'milestones_url': 'https://api.github.com/repos/microsoft/kiota/milestones{/number}', 'notifications_url': 'https://api.github.com/repos/microsoft/kiota/notifications{?since,all,participating}', 'labels_url': 'https://api.github.com/repos/microsoft/kiota/labels{/name}', 'releases_url': 'https://api.github.com/repos/microsoft/kiota/releases{/id}', 'deployments_url': 'https://api.github.com/repos/microsoft/kiota/deployments', 'created_at': '2020-12-22T15:35:49Z', 'updated_at': '2022-03-31T16:34:23Z', 'pushed_at': '2022-03-31T17:23:19Z', 'git_url': 'git://github.com/microsoft/kiota.git', 'ssh_url': 'git@github.com:microsoft/kiota.git', 'clone_url': 'https://github.com/microsoft/kiota.git', 'svn_url': 'https://github.com/microsoft/kiota', 'homepage': 'https://microsoft.github.io/kiota', 'size': 8602, 'stargazers_count': 119, 'watchers_count': 119, 'language': 'C#', 'has_issues': True, 'has_projects': True, 'has_downloads': True, 'has_wiki': False, 'has_pages': True, 'forks_count': 20, 'mirror_url': None, 'archived': False, 'disabled': False, 'open_issues_count': 93, 'license': {'key': 'mit', 'name': 'MIT License', 'spdx_id': 'MIT', 'url': 'https://api.github.com/licenses/mit', 'node_id': 'MDc6TGljZW5zZTEz'}, 'allow_forking': True, 'is_template': False, 'topics': ['api', 'csharp', 'dotnet', 'golang', 'hacktoberfest', 'http', 'java', 'openapi', 'php', 'ruby', 'typescript'], 'visibility': 'public', 'forks': 20, 'open_issues': 93, 'watchers': 119, 'default_branch': 'main'}}, '_links': {'self': {'href': 'https://api.github.com/repos/microsoft/kiota/pulls/1477'}, 'html': {'href': 'https://github.com/microsoft/kiota/pull/1477'}, 'issue': {'href': 'https://api.github.com/repos/microsoft/kiota/issues/1477'}, 'comments': {'href': 'https://api.github.com/repos/microsoft/kiota/issues/1477/comments'}, 'review_comments': {'href': 'https://api.github.com/repos/microsoft/kiota/pulls/1477/comments'}, 'review_comment': {'href': 'https://api.github.com/repos/microsoft/kiota/pulls/comments{/number}'}, 'commits': {'href': 'https://api.github.com/repos/microsoft/kiota/pulls/1477/commits'}, 'statuses': {'href': 'https://api.github.com/repos/microsoft/kiota/statuses/c714e7e3560344a3e431396f7ce4d55219289278'}}, 'author_association': 'CONTRIBUTOR', 'auto_merge': None, 'active_lock_reason': None, 'merged': False, 'mergeable': None, 'rebaseable': None, 'mergeable_state': 'unknown', 'merged_by': None, 'comments': 0, 'review_comments': 0, 'maintainer_can_modify': False, 'commits': 27, 'additions': 1748, 'deletions': 5, 'changed_files': 24}}",opened,C#
21047425692,PushEvent,microsoft/kiota,0.0,2022-03-31T17:21:05Z,"{'push_id': 9503808263, 'size': 179, 'distinct_size': 1, 'ref': 'refs/heads/rsh/java-core-migration', 'head': 'c714e7e3560344a3e431396f7ce4d55219289278', 'before': '4c1d6150e8a9f92c2c2327c1a57d394a639eae16', 'commits': [{'sha': 'a9376f4716e8d1f086e2305ba39161ce8be50f03', 'author': {'email': 'nikithauc@gmail.com', 'name': 'Nikitha Chettiar'}, 'message': 'using record for addn data', 'distinct': False, 'url': 'https://api.github.com/repos/microsoft/kiota/commits/a9376f4716e8d1f086e2305ba39161ce8be50f03'}, {'sha': '8b28438799aed454d74be6317e49936918632fda', 'author': {'email': 'vibiret@microsoft.com', 'name': 'Vincent Biret'}, 'message': '- adds text serialization lib for dotnet', 'distinct': False, 'url': 'https://api.github.com/repos/microsoft/kiota/commits/8b28438799aed454d74be6317e49936918632fda'}, {'sha': 'ad72906e53f65e7b72507431639d979dd5b8a637', 'author': {'email': 'vibiret@microsoft.com', 'name': 'Vincent Biret'}, 'message': '- adds text parse node implementation for dotnet', 'distinct': False, 'url': 'https://api.github.com/repos/microsoft/kiota/commits/ad72906e53f65e7b72507431639d979dd5b8a637'}, {'sha': 'deab307e160caf0416d6f00ec226be47a5ef9e01', 'author': {'email': 'vibiret@microsoft.com', 'name': 'Vincent Biret'}, 'message': 'Update serialization/dotnet/text/src/TextParseNode.cs\n\nCo-authored-by: Eastman <andrueastman@users.noreply.github.com>', 'distinct': False, 'url': 'https://api.github.com/repos/microsoft/kiota/commits/deab307e160caf0416d6f00ec226be47a5ef9e01'}, {'sha': '57a1eced7e9b48f814d01d156c58b6ddbba2d868', 'author': {'email': 'vibiret@microsoft.com', 'name': 'Vincent Biret'}, 'message': '- adds missing solution reference to editor config', 'distinct': False, 'url': 'https://api.github.com/repos/microsoft/kiota/commits/57a1eced7e9b48f814d01d156c58b6ddbba2d868'}, {'sha': '319614688ef6f720ca460229fc3db29aaecd5743', 'author': {'email': 'vibiret@microsoft.com', 'name': 'Vincent Biret'}, 'message': '- adds serialization writer for dotnet text', 'distinct': False, 'url': 'https://api.github.com/repos/microsoft/kiota/commits/319614688ef6f720ca460229fc3db29aaecd5743'}, {'sha': 'db38b61f80e53fdc5249d1d26c098c8937bd66a8', 'author': {'email': 'vibiret@microsoft.com', 'name': 'Vincent Biret'}, 'message': '- updates default serializers replacement for new default values', 'distinct': False, 'url': 'https://api.github.com/repos/microsoft/kiota/commits/db38b61f80e53fdc5249d1d26c098c8937bd66a8'}, {'sha': '858b5743f8ee7d8745c60bda56bebb7177fc955b', 'author': {'email': 'vibiret@microsoft.com', 'name': 'Vincent Biret'}, 'message': '- udpates documentation for the text/plain support', 'distinct': False, 'url': 'https://api.github.com/repos/microsoft/kiota/commits/858b5743f8ee7d8745c60bda56bebb7177fc955b'}, {'sha': 'caad55150905914995d3a16c15eabd9d39b3de9b', 'author': {'email': 'vibiret@microsoft.com', 'name': 'Vincent Biret'}, 'message': '- updates java, typescript and go refiners to use the default text serializers', 'distinct': False, 'url': 'https://api.github.com/repos/microsoft/kiota/commits/caad55150905914995d3a16c15eabd9d39b3de9b'}, {'sha': '328c22efceca18c33f229a9a9dabac1181b7c300', 'author': {'email': 'vibiret@microsoft.com', 'name': 'Vincent Biret'}, 'message': '- adds pipelines for ts, go and java text libs', 'distinct': False, 'url': 'https://api.github.com/repos/microsoft/kiota/commits/328c22efceca18c33f229a9a9dabac1181b7c300'}, {'sha': 'cbe876effcc71e5cdffd9e2a707897602ad7ce01', 'author': {'email': 'vibiret@microsoft.com', 'name': 'Vincent Biret'}, 'message': '- adds go text serialization lib', 'distinct': False, 'url': 'https://api.github.com/repos/microsoft/kiota/commits/cbe876effcc71e5cdffd9e2a707897602ad7ce01'}, {'sha': 'e5ce6c93f368791c5f0e6d5e8712b54b34c09c4b', 'author': {'email': 'vibiret@microsoft.com', 'name': 'Vincent Biret'}, 'message': '- created java text library structure', 'distinct': False, 'url': 'https://api.github.com/repos/microsoft/kiota/commits/e5ce6c93f368791c5f0e6d5e8712b54b34c09c4b'}, {'sha': '4d679225d02328b9ce7c159322eb319ac0835e13', 'author': {'email': 'vibiret@microsoft.com', 'name': 'Vincent Biret'}, 'message': '- adds text serialization implementation for Java', 'distinct': False, 'url': 'https://api.github.com/repos/microsoft/kiota/commits/4d679225d02328b9ce7c159322eb319ac0835e13'}, {'sha': '9cc80ade901df4e6d2c5ccf56979454dd14bba42', 'author': {'email': 'vibiret@microsoft.com', 'name': 'Vincent Biret'}, 'message': '- adds text plain serialization for tyepscript', 'distinct': False, 'url': 'https://api.github.com/repos/microsoft/kiota/commits/9cc80ade901df4e6d2c5ccf56979454dd14bba42'}, {'sha': '239b60d2a7c01ee8b0a64fc383eb7fe1c6a54eb0', 'author': {'email': 'vibiret@microsoft.com', 'name': 'Vincent Biret'}, 'message': '- docs updates and minor fixes', 'distinct': False, 'url': 'https://api.github.com/repos/microsoft/kiota/commits/239b60d2a7c01ee8b0a64fc383eb7fe1c6a54eb0'}, {'sha': 'fecf00d5cafdd652b25d222e593541e835e29279', 'author': {'email': 'vibiret@microsoft.com', 'name': 'Vincent Biret'}, 'message': '- makes text/plain a valid return type', 'distinct': False, 'url': 'https://api.github.com/repos/microsoft/kiota/commits/fecf00d5cafdd652b25d222e593541e835e29279'}, {'sha': '344f3961a0a8e0f4a3153829b4287c27df5baa2e', 'author': {'email': 'vibiret@microsoft.com', 'name': 'Vincent Biret'}, 'message': '- fixes a bug where raw values get in http dotnet would fail', 'distinct': False, 'url': 'https://api.github.com/repos/microsoft/kiota/commits/344f3961a0a8e0f4a3153829b4287c27df5baa2e'}, {'sha': 'e2db6a73f83e69199a0e2f5740f80be68a53f69d', 'author': {'email': 'vibiret@microsoft.com', 'name': 'Vincent Biret'}, 'message': '- fixes type mappings for java raw values\n\nSigned-off-by: Vincent Biret <vibiret@microsoft.com>', 'distinct': False, 'url': 'https://api.github.com/repos/microsoft/kiota/commits/e2db6a73f83e69199a0e2f5740f80be68a53f69d'}, {'sha': '461b146664a59f16be50cc8a43cf913807c4bea7', 'author': {'email': 'vibiret@microsoft.com', 'name': 'Vincent Biret'}, 'message': '- fixes a bug where startswith method would not be available on some platforms\n\nSigned-off-by: Vincent Biret <vibiret@microsoft.com>', 'distinct': False, 'url': 'https://api.github.com/repos/microsoft/kiota/commits/461b146664a59f16be50cc8a43cf913807c4bea7'}, {'sha': 'fe33ce1e4aafb32500a27a12976a997397ca488c', 'author': {'email': 'vibiret@microsoft.com', 'name': 'Vincent Biret'}, 'message': '- adds missing mappings for raw values in http ts', 'distinct': False, 'url': 'https://api.github.com/repos/microsoft/kiota/commits/fe33ce1e4aafb32500a27a12976a997397ca488c'}]}",,C#
21038156337,IssueCommentEvent,microsoft/kiota,0.0,2022-03-31T09:45:59Z,"{'action': 'created', 'issue': {'url': 'https://api.github.com/repos/microsoft/kiota/issues/1450', 'repository_url': 'https://api.github.com/repos/microsoft/kiota', 'labels_url': 'https://api.github.com/repos/microsoft/kiota/issues/1450/labels{/name}', 'comments_url': 'https://api.github.com/repos/microsoft/kiota/issues/1450/comments', 'events_url': 'https://api.github.com/repos/microsoft/kiota/issues/1450/events', 'html_url': 'https://github.com/microsoft/kiota/issues/1450', 'id': 1183449291, 'node_id': 'I_kwDOE0q91s5GigDL', 'number': 1450, 'title': 'kiota swift libraries distribution', 'user': {'login': 'baywet', 'id': 7905502, 'node_id': 'MDQ6VXNlcjc5MDU1MDI=', 'avatar_url': 'https://avatars.githubusercontent.com/u/7905502?v=4', 'gravatar_id': '', 'url': 'https://api.github.com/users/baywet', 'html_url': 'https://github.com/baywet', 'followers_url': 'https://api.github.com/users/baywet/followers', 'following_url': 'https://api.github.com/users/baywet/following{/other_user}', 'gists_url': 'https://api.github.com/users/baywet/gists{/gist_id}', 'starred_url': 'https://api.github.com/users/baywet/starred{/owner}{/repo}', 'subscriptions_url': 'https://api.github.com/users/baywet/subscriptions', 'organizations_url': 'https://api.github.com/users/baywet/orgs', 'repos_url': 'https://api.github.com/users/baywet/repos', 'events_url': 'https://api.github.com/users/baywet/events{/privacy}', 'received_events_url': 'https://api.github.com/users/baywet/received_events', 'type': 'User', 'site_admin': False}, 'labels': [{'id': 2603543082, 'node_id': 'MDU6TGFiZWwyNjAzNTQzMDgy', 'url': 'https://api.github.com/repos/microsoft/kiota/labels/enhancement', 'name': 'enhancement', 'color': 'a2eeef', 'default': True, 'description': 'New feature or request'}, {'id': 3974849200, 'node_id': 'LA_kwDOE0q91s7s62Kw', 'url': 'https://api.github.com/repos/microsoft/kiota/labels/Swift', 'name': 'Swift', 'color': 'A1EDB8', 'default': False, 'description': 'Tracks work for the swift language support'}], 'state': 'open', 'locked': False, 'assignee': None, 'assignees': [], 'milestone': {'url': 'https://api.github.com/repos/microsoft/kiota/milestones/8', 'html_url': 'https://github.com/microsoft/kiota/milestone/8', 'labels_url': 'https://api.github.com/repos/microsoft/kiota/milestones/8/labels', 'id': 7163004, 'node_id': 'MI_kwDOE0q91s4AbUx8', 'number': 8, 'title': 'Complete Graph API Surface support', 'description': 'Kiota is able to solve for the limitations previously posed by TypeWriter and listed out in raptor', 'creator': {'login': 'darrelmiller', 'id': 447694, 'node_id': 'MDQ6VXNlcjQ0NzY5NA==', 'avatar_url': 'https://avatars.githubusercontent.com/u/447694?v=4', 'gravatar_id': '', 'url': 'https://api.github.com/users/darrelmiller', 'html_url': 'https://github.com/darrelmiller', 'followers_url': 'https://api.github.com/users/darrelmiller/followers', 'following_url': 'https://api.github.com/users/darrelmiller/following{/other_user}', 'gists_url': 'https://api.github.com/users/darrelmiller/gists{/gist_id}', 'starred_url': 'https://api.github.com/users/darrelmiller/starred{/owner}{/repo}', 'subscriptions_url': 'https://api.github.com/users/darrelmiller/subscriptions', 'organizations_url': 'https://api.github.com/users/darrelmiller/orgs', 'repos_url': 'https://api.github.com/users/darrelmiller/repos', 'events_url': 'https://api.github.com/users/darrelmiller/events{/privacy}', 'received_events_url': 'https://api.github.com/users/darrelmiller/received_events', 'type': 'User', 'site_admin': False}, 'open_issues': 58, 'closed_issues': 4, 'state': 'open', 'created_at': '2021-09-17T16:06:22Z', 'updated_at': '2022-03-31T09:26:00Z', 'due_on': '2022-05-01T07:00:00Z', 'closed_at': None}, 'comments': 1, 'created_at': '2022-03-28T13:31:55Z', 'updated_at': '2022-03-31T09:45:58Z', 'closed_at': None, 'author_association': 'MEMBER', 'active_lock_reason': None, 'body': 'There seem to be 2 popular library distribution systems in the eco-system:\r\n- https://cocoapods.org/ (older)\r\n- swift packages (source distributions via git repos and tagging)\r\n\r\nWe should evaluate which ones the kiota libraries should be available on.', 'reactions': {'url': 'https://api.github.com/repos/microsoft/kiota/issues/1450/reactions', 'total_count': 0, '+1': 0, '-1': 0, 'laugh': 0, 'hooray': 0, 'confused': 0, 'heart': 0, 'rocket': 0, 'eyes': 0}, 'timeline_url': 'https://api.github.com/repos/microsoft/kiota/issues/1450/timeline', 'performed_via_github_app': None}, 'comment': {'url': 'https://api.github.com/repos/microsoft/kiota/issues/comments/1084340830', 'html_url': 'https://github.com/microsoft/kiota/issues/1450#issuecomment-1084340830', 'issue_url': 'https://api.github.com/repos/microsoft/kiota/issues/1450', 'id': 1084340830, 'node_id': 'IC_kwDOE0q91s5Aobpe', 'user': {'login': 'ramsessanchez', 'id': 63934382, 'node_id': 'MDQ6VXNlcjYzOTM0Mzgy', 'avatar_url': 'https://avatars.githubusercontent.com/u/63934382?v=4', 'gravatar_id': '', 'url': 'https://api.github.com/users/ramsessanchez', 'html_url': 'https://github.com/ramsessanchez', 'followers_url': 'https://api.github.com/users/ramsessanchez/followers', 'following_url': 'https://api.github.com/users/ramsessanchez/following{/other_user}', 'gists_url': 'https://api.github.com/users/ramsessanchez/gists{/gist_id}', 'starred_url': 'https://api.github.com/users/ramsessanchez/starred{/owner}{/repo}', 'subscriptions_url': 'https://api.github.com/users/ramsessanchez/subscriptions', 'organizations_url': 'https://api.github.com/users/ramsessanchez/orgs', 'repos_url': 'https://api.github.com/users/ramsessanchez/repos', 'events_url': 'https://api.github.com/users/ramsessanchez/events{/privacy}', 'received_events_url': 'https://api.github.com/users/ramsessanchez/received_events', 'type': 'User', 'site_admin': False}, 'created_at': '2022-03-31T09:45:58Z', 'updated_at': '2022-03-31T09:45:58Z', 'author_association': 'CONTRIBUTOR', 'body': ""I've used Cocoapods before, I have found it to be simple to use, however it does require a few extra steps when configuring your project in order to make use of the Cocoapods. While I have never used swift-packages, from what I have read it seems to be native to X-code thus would require no extra setup in order to use, plus there seems to be a user-friendly UI for managing these dependencies in X-code, which from my experience is not available for Cocoapods. That being said, Cocoapods is extremely popular as it's been around for quite a while thus it may restrict our user audience if we decide to only publish on Swift Packages. "", 'reactions': {'url': 'https://api.github.com/repos/microsoft/kiota/issues/comments/1084340830/reactions', 'total_count': 0, '+1': 0, '-1': 0, 'laugh': 0, 'hooray': 0, 'confused': 0, 'heart': 0, 'rocket': 0, 'eyes': 0}, 'performed_via_github_app': None}}",created,C#
21037838002,IssueCommentEvent,microsoft/kiota,0.0,2022-03-31T09:29:31Z,"{'action': 'created', 'issue': {'url': 'https://api.github.com/repos/microsoft/kiota/issues/1454', 'repository_url': 'https://api.github.com/repos/microsoft/kiota', 'labels_url': 'https://api.github.com/repos/microsoft/kiota/issues/1454/labels{/name}', 'comments_url': 'https://api.github.com/repos/microsoft/kiota/issues/1454/comments', 'events_url': 'https://api.github.com/repos/microsoft/kiota/issues/1454/events', 'html_url': 'https://github.com/microsoft/kiota/issues/1454', 'id': 1183466008, 'node_id': 'I_kwDOE0q91s5GikIY', 'number': 1454, 'title': 'swift http libary', 'user': {'login': 'baywet', 'id': 7905502, 'node_id': 'MDQ6VXNlcjc5MDU1MDI=', 'avatar_url': 'https://avatars.githubusercontent.com/u/7905502?v=4', 'gravatar_id': '', 'url': 'https://api.github.com/users/baywet', 'html_url': 'https://github.com/baywet', 'followers_url': 'https://api.github.com/users/baywet/followers', 'following_url': 'https://api.github.com/users/baywet/following{/other_user}', 'gists_url': 'https://api.github.com/users/baywet/gists{/gist_id}', 'starred_url': 'https://api.github.com/users/baywet/starred{/owner}{/repo}', 'subscriptions_url': 'https://api.github.com/users/baywet/subscriptions', 'organizations_url': 'https://api.github.com/users/baywet/orgs', 'repos_url': 'https://api.github.com/users/baywet/repos', 'events_url': 'https://api.github.com/users/baywet/events{/privacy}', 'received_events_url': 'https://api.github.com/users/baywet/received_events', 'type': 'User', 'site_admin': False}, 'labels': [{'id': 2603543082, 'node_id': 'MDU6TGFiZWwyNjAzNTQzMDgy', 'url': 'https://api.github.com/repos/microsoft/kiota/labels/enhancement', 'name': 'enhancement', 'color': 'a2eeef', 'default': True, 'description': 'New feature or request'}, {'id': 2603543086, 'node_id': 'MDU6TGFiZWwyNjAzNTQzMDg2', 'url': 'https://api.github.com/repos/microsoft/kiota/labels/help%20wanted', 'name': 'help wanted', 'color': '008672', 'default': True, 'description': 'Extra attention is needed'}, {'id': 3974849200, 'node_id': 'LA_kwDOE0q91s7s62Kw', 'url': 'https://api.github.com/repos/microsoft/kiota/labels/Swift', 'name': 'Swift', 'color': 'A1EDB8', 'default': False, 'description': 'Tracks work for the swift language support'}], 'state': 'open', 'locked': False, 'assignee': None, 'assignees': [], 'milestone': None, 'comments': 1, 'created_at': '2022-03-28T13:43:47Z', 'updated_at': '2022-03-31T09:29:31Z', 'closed_at': None, 'author_association': 'MEMBER', 'active_lock_reason': None, 'body': '[The http request adapter interface](https://github.com/microsoft/kiota/blob/b5440aa40c55960764145245ab2cbe15efccf217/abstractions/swift/Source/MicrosoftKiotaAbstractions/RequestAdapter.swift#L4) needs to be implemented as a separate package for swift.\r\nWe should also consider how the middleware pipeline infrastructure will work while choosing the client and make sure that client supports HTTP/2', 'reactions': {'url': 'https://api.github.com/repos/microsoft/kiota/issues/1454/reactions', 'total_count': 0, '+1': 0, '-1': 0, 'laugh': 0, 'hooray': 0, 'confused': 0, 'heart': 0, 'rocket': 0, 'eyes': 0}, 'timeline_url': 'https://api.github.com/repos/microsoft/kiota/issues/1454/timeline', 'performed_via_github_app': None}, 'comment': {'url': 'https://api.github.com/repos/microsoft/kiota/issues/comments/1084323247', 'html_url': 'https://github.com/microsoft/kiota/issues/1454#issuecomment-1084323247', 'issue_url': 'https://api.github.com/repos/microsoft/kiota/issues/1454', 'id': 1084323247, 'node_id': 'IC_kwDOE0q91s5AoXWv', 'user': {'login': 'ramsessanchez', 'id': 63934382, 'node_id': 'MDQ6VXNlcjYzOTM0Mzgy', 'avatar_url': 'https://avatars.githubusercontent.com/u/63934382?v=4', 'gravatar_id': '', 'url': 'https://api.github.com/users/ramsessanchez', 'html_url': 'https://github.com/ramsessanchez', 'followers_url': 'https://api.github.com/users/ramsessanchez/followers', 'following_url': 'https://api.github.com/users/ramsessanchez/following{/other_user}', 'gists_url': 'https://api.github.com/users/ramsessanchez/gists{/gist_id}', 'starred_url': 'https://api.github.com/users/ramsessanchez/starred{/owner}{/repo}', 'subscriptions_url': 'https://api.github.com/users/ramsessanchez/subscriptions', 'organizations_url': 'https://api.github.com/users/ramsessanchez/orgs', 'repos_url': 'https://api.github.com/users/ramsessanchez/repos', 'events_url': 'https://api.github.com/users/ramsessanchez/events{/privacy}', 'received_events_url': 'https://api.github.com/users/ramsessanchez/received_events', 'type': 'User', 'site_admin': False}, 'created_at': '2022-03-31T09:29:31Z', 'updated_at': '2022-03-31T09:29:31Z', 'author_association': 'CONTRIBUTOR', 'body': ""https://developer.apple.com/documentation/foundation/urlsession?msclkid=8713fd77b0d411ec85808abbe4506bd1\r\nIt seems that apple already provides an HTTP client API, this would likely be the most straightforward method as it is developed by Apple and would thus require less dependencies on other API's. "", 'reactions': {'url': 'https://api.github.com/repos/microsoft/kiota/issues/comments/1084323247/reactions', 'total_count': 0, '+1': 0, '-1': 0, 'laugh': 0, 'hooray': 0, 'confused': 0, 'heart': 0, 'rocket': 0, 'eyes': 0}, 'performed_via_github_app': None}}",created,C#
21037644796,PushEvent,microsoft/kiota,0.0,2022-03-31T09:19:44Z,"{'push_id': 9499080877, 'size': 1, 'distinct_size': 1, 'ref': 'refs/heads/rsh/java-core-migration', 'head': '4c1d6150e8a9f92c2c2327c1a57d394a639eae16', 'before': '008820e8b67a0839581c6549933f38e8c60b5d8f', 'commits': [{'sha': '4c1d6150e8a9f92c2c2327c1a57d394a639eae16', 'author': {'email': '63934382+ramsessanchez@users.noreply.github.com', 'name': 'ramsessanchez'}, 'message': 'add redirct tests', 'distinct': True, 'url': 'https://api.github.com/repos/microsoft/kiota/commits/4c1d6150e8a9f92c2c2327c1a57d394a639eae16'}]}",,C#
21036448351,PushEvent,microsoft/kiota,0.0,2022-03-31T08:18:49Z,"{'push_id': 9498512220, 'size': 2, 'distinct_size': 2, 'ref': 'refs/heads/rsh/java-core-migration', 'head': '008820e8b67a0839581c6549933f38e8c60b5d8f', 'before': 'e7cbc9d4a6b58cbc4b562ecb89e654ae17d97a9c', 'commits': [{'sha': 'f1b37fe7051585ba4a485b31b0054fe850a2f065', 'author': {'email': '63934382+ramsessanchez@users.noreply.github.com', 'name': 'ramsessanchez'}, 'message': ""Merge remote-tracking branch 'origin/main' into rsh/java-core-migration"", 'distinct': True, 'url': 'https://api.github.com/repos/microsoft/kiota/commits/f1b37fe7051585ba4a485b31b0054fe850a2f065'}, {'sha': '008820e8b67a0839581c6549933f38e8c60b5d8f', 'author': {'email': '63934382+ramsessanchez@users.noreply.github.com', 'name': 'ramsessanchez'}, 'message': ""Merge branch 'rsh/java-core-migration' of https://github.com/microsoft/kiota into rsh/java-core-migration"", 'distinct': True, 'url': 'https://api.github.com/repos/microsoft/kiota/commits/008820e8b67a0839581c6549933f38e8c60b5d8f'}]}",,C#
21036122209,IssueCommentEvent,microsoftgraph/msgraph-sdk-java,0.0,2022-03-31T08:01:19Z,"{'action': 'created', 'issue': {'url': 'https://api.github.com/repos/microsoftgraph/msgraph-sdk-java/issues/1031', 'repository_url': 'https://api.github.com/repos/microsoftgraph/msgraph-sdk-java', 'labels_url': 'https://api.github.com/repos/microsoftgraph/msgraph-sdk-java/issues/1031/labels{/name}', 'comments_url': 'https://api.github.com/repos/microsoftgraph/msgraph-sdk-java/issues/1031/comments', 'events_url': 'https://api.github.com/repos/microsoftgraph/msgraph-sdk-java/issues/1031/events', 'html_url': 'https://github.com/microsoftgraph/msgraph-sdk-java/issues/1031', 'id': 1171963780, 'node_id': 'I_kwDOBig9Oc5F2r-E', 'number': 1031, 'title': 'GraphServiceClient method to upload teams app', 'user': {'login': 'Aaditya-Rane', 'id': 30556436, 'node_id': 'MDQ6VXNlcjMwNTU2NDM2', 'avatar_url': 'https://avatars.githubusercontent.com/u/30556436?v=4', 'gravatar_id': '', 'url': 'https://api.github.com/users/Aaditya-Rane', 'html_url': 'https://github.com/Aaditya-Rane', 'followers_url': 'https://api.github.com/users/Aaditya-Rane/followers', 'following_url': 'https://api.github.com/users/Aaditya-Rane/following{/other_user}', 'gists_url': 'https://api.github.com/users/Aaditya-Rane/gists{/gist_id}', 'starred_url': 'https://api.github.com/users/Aaditya-Rane/starred{/owner}{/repo}', 'subscriptions_url': 'https://api.github.com/users/Aaditya-Rane/subscriptions', 'organizations_url': 'https://api.github.com/users/Aaditya-Rane/orgs', 'repos_url': 'https://api.github.com/users/Aaditya-Rane/repos', 'events_url': 'https://api.github.com/users/Aaditya-Rane/events{/privacy}', 'received_events_url': 'https://api.github.com/users/Aaditya-Rane/received_events', 'type': 'User', 'site_admin': False}, 'labels': [{'id': 690561660, 'node_id': 'MDU6TGFiZWw2OTA1NjE2NjA=', 'url': 'https://api.github.com/repos/microsoftgraph/msgraph-sdk-java/labels/question', 'name': 'question', 'color': 'cc317c', 'default': True, 'description': None}], 'state': 'open', 'locked': False, 'assignee': {'login': 'ramsessanchez', 'id': 63934382, 'node_id': 'MDQ6VXNlcjYzOTM0Mzgy', 'avatar_url': 'https://avatars.githubusercontent.com/u/63934382?v=4', 'gravatar_id': '', 'url': 'https://api.github.com/users/ramsessanchez', 'html_url': 'https://github.com/ramsessanchez', 'followers_url': 'https://api.github.com/users/ramsessanchez/followers', 'following_url': 'https://api.github.com/users/ramsessanchez/following{/other_user}', 'gists_url': 'https://api.github.com/users/ramsessanchez/gists{/gist_id}', 'starred_url': 'https://api.github.com/users/ramsessanchez/starred{/owner}{/repo}', 'subscriptions_url': 'https://api.github.com/users/ramsessanchez/subscriptions', 'organizations_url': 'https://api.github.com/users/ramsessanchez/orgs', 'repos_url': 'https://api.github.com/users/ramsessanchez/repos', 'events_url': 'https://api.github.com/users/ramsessanchez/events{/privacy}', 'received_events_url': 'https://api.github.com/users/ramsessanchez/received_events', 'type': 'User', 'site_admin': False}, 'assignees': [{'login': 'ramsessanchez', 'id': 63934382, 'node_id': 'MDQ6VXNlcjYzOTM0Mzgy', 'avatar_url': 'https://avatars.githubusercontent.com/u/63934382?v=4', 'gravatar_id': '', 'url': 'https://api.github.com/users/ramsessanchez', 'html_url': 'https://github.com/ramsessanchez', 'followers_url': 'https://api.github.com/users/ramsessanchez/followers', 'following_url': 'https://api.github.com/users/ramsessanchez/following{/other_user}', 'gists_url': 'https://api.github.com/users/ramsessanchez/gists{/gist_id}', 'starred_url': 'https://api.github.com/users/ramsessanchez/starred{/owner}{/repo}', 'subscriptions_url': 'https://api.github.com/users/ramsessanchez/subscriptions', 'organizations_url': 'https://api.github.com/users/ramsessanchez/orgs', 'repos_url': 'https://api.github.com/users/ramsessanchez/repos', 'events_url': 'https://api.github.com/users/ramsessanchez/events{/privacy}', 'received_events_url': 'https://api.github.com/users/ramsessanchez/received_events', 'type': 'User', 'site_admin': False}], 'milestone': None, 'comments': 5, 'created_at': '2022-03-17T05:55:47Z', 'updated_at': '2022-03-31T08:01:19Z', 'closed_at': None, 'author_association': 'NONE', 'active_lock_reason': None, 'body': ""<!-- Read me before you submit this issue\r\n\r\nFirst off, thank you for taking the time to open this issue! We do appreciate it. Please bear with us if we don't get to this right away.\r\n\r\nIf this is a question about the Microsoft Graph service API, or a question about how to use this SDK, please post your question to StackOverflow with the [microsoftgraph] tag.\r\nhttps://stackoverflow.com/questions/tagged/microsoft-graph\r\n\r\nThis repo is for the Microsoft Graph Java SDK. Issues opened in this repo should only target this SDK.\r\n\r\nBefore you open this issue, did you:\r\n- Search the issues to determine whether someone already opened this issue?\r\n- Search StackOverflow for an answer?\r\n- Capture the repro steps and gather the information requested in the steps below to reproduce your scenario?\r\n- Review the samples under github.com/microsoftgraph? They can help for some scenarios.\r\n- Take a look at the functional tests in this repo? They may have an example for you. See the [functional tests](https://github.com/microsoftgraph/msgraph-sdk-java/tree/master/src/test/java/com/microsoft/graph/functional)\r\n\r\nPlease provide the following before submitting this issue:\r\n- Expected behavior. Please provide **links to the specific [Microsoft Graph documentation](https://developer.microsoft.com/en-us/graph/docs/concepts/overview)** you used to determine the expected behavior. \r\n- Actual behavior. Provide error codes, stack information, and a [Fiddler](http://www.telerik.com/fiddler) capture of the request and response (please remove personally identifiable information before posting).\r\n- Steps to reproduce the behavior. Include your code, IDE versions, client library versions, and any other information that might be helpful to understand your scenario.\r\n-->\r\n\r\n### Expected behavior\r\nNeed some way in GraphClient to upload teams applications.\r\nRefer [Publish TeamsApp](https://docs.microsoft.com/en-us/graph/api/teamsapp-publish?view=graph-rest-1.0&tabs=http)\r\n\r\n### Actual behavior\r\nAs, per current implementation of GraphServiceClient I am not able to create a request, using which I can upload teams application.\r\n\r\n\r\n\r\n"", 'reactions': {'url': 'https://api.github.com/repos/microsoftgraph/msgraph-sdk-java/issues/1031/reactions', 'total_count': 0, '+1': 0, '-1': 0, 'laugh': 0, 'hooray': 0, 'confused': 0, 'heart': 0, 'rocket': 0, 'eyes': 0}, 'timeline_url': 'https://api.github.com/repos/microsoftgraph/msgraph-sdk-java/issues/1031/timeline', 'performed_via_github_app': None}, 'comment': {'url': 'https://api.github.com/repos/microsoftgraph/msgraph-sdk-java/issues/comments/1084232504', 'html_url': 'https://github.com/microsoftgraph/msgraph-sdk-java/issues/1031#issuecomment-1084232504', 'issue_url': 'https://api.github.com/repos/microsoftgraph/msgraph-sdk-java/issues/1031', 'id': 1084232504, 'node_id': 'IC_kwDOBig9Oc5AoBM4', 'user': {'login': 'ramsessanchez', 'id': 63934382, 'node_id': 'MDQ6VXNlcjYzOTM0Mzgy', 'avatar_url': 'https://avatars.githubusercontent.com/u/63934382?v=4', 'gravatar_id': '', 'url': 'https://api.github.com/users/ramsessanchez', 'html_url': 'https://github.com/ramsessanchez', 'followers_url': 'https://api.github.com/users/ramsessanchez/followers', 'following_url': 'https://api.github.com/users/ramsessanchez/following{/other_user}', 'gists_url': 'https://api.github.com/users/ramsessanchez/gists{/gist_id}', 'starred_url': 'https://api.github.com/users/ramsessanchez/starred{/owner}{/repo}', 'subscriptions_url': 'https://api.github.com/users/ramsessanchez/subscriptions', 'organizations_url': 'https://api.github.com/users/ramsessanchez/orgs', 'repos_url': 'https://api.github.com/users/ramsessanchez/repos', 'events_url': 'https://api.github.com/users/ramsessanchez/events{/privacy}', 'received_events_url': 'https://api.github.com/users/ramsessanchez/received_events', 'type': 'User', 'site_admin': False}, 'created_at': '2022-03-31T08:01:18Z', 'updated_at': '2022-03-31T08:01:18Z', 'author_association': 'CONTRIBUTOR', 'body': ""Hi @Aaditya-Rane, currently have reached out to the owners of the teamsApp API to see if there's a way to amend the API metadata so that generated request builder for a teamsApp may accept a zip file as a part of the request, unfortunately this may take some time and will likely not be available in the near future as it will likely be included in the beta-sdk before it reaches V1. "", 'reactions': {'url': 'https://api.github.com/repos/microsoftgraph/msgraph-sdk-java/issues/comments/1084232504/reactions', 'total_count': 0, '+1': 0, '-1': 0, 'laugh': 0, 'hooray': 0, 'confused': 0, 'heart': 0, 'rocket': 0, 'eyes': 0}, 'performed_via_github_app': None}}",created,Java
21029362076,IssueCommentEvent,microsoftgraph/msgraph-sdk-java,0.0,2022-03-30T23:15:58Z,"{'action': 'created', 'issue': {'url': 'https://api.github.com/repos/microsoftgraph/msgraph-sdk-java/issues/1033', 'repository_url': 'https://api.github.com/repos/microsoftgraph/msgraph-sdk-java', 'labels_url': 'https://api.github.com/repos/microsoftgraph/msgraph-sdk-java/issues/1033/labels{/name}', 'comments_url': 'https://api.github.com/repos/microsoftgraph/msgraph-sdk-java/issues/1033/comments', 'events_url': 'https://api.github.com/repos/microsoftgraph/msgraph-sdk-java/issues/1033/events', 'html_url': 'https://github.com/microsoftgraph/msgraph-sdk-java/issues/1033', 'id': 1174900158, 'node_id': 'I_kwDOBig9Oc5GB42-', 'number': 1033, 'title': 'Library version to implement attachment: createUploadSession (inline large attachments feature)', 'user': {'login': 'Dinesh-Pega', 'id': 102010450, 'node_id': 'U_kgDOBhSOUg', 'avatar_url': 'https://avatars.githubusercontent.com/u/102010450?v=4', 'gravatar_id': '', 'url': 'https://api.github.com/users/Dinesh-Pega', 'html_url': 'https://github.com/Dinesh-Pega', 'followers_url': 'https://api.github.com/users/Dinesh-Pega/followers', 'following_url': 'https://api.github.com/users/Dinesh-Pega/following{/other_user}', 'gists_url': 'https://api.github.com/users/Dinesh-Pega/gists{/gist_id}', 'starred_url': 'https://api.github.com/users/Dinesh-Pega/starred{/owner}{/repo}', 'subscriptions_url': 'https://api.github.com/users/Dinesh-Pega/subscriptions', 'organizations_url': 'https://api.github.com/users/Dinesh-Pega/orgs', 'repos_url': 'https://api.github.com/users/Dinesh-Pega/repos', 'events_url': 'https://api.github.com/users/Dinesh-Pega/events{/privacy}', 'received_events_url': 'https://api.github.com/users/Dinesh-Pega/received_events', 'type': 'User', 'site_admin': False}, 'labels': [{'id': 690561660, 'node_id': 'MDU6TGFiZWw2OTA1NjE2NjA=', 'url': 'https://api.github.com/repos/microsoftgraph/msgraph-sdk-java/labels/question', 'name': 'question', 'color': 'cc317c', 'default': True, 'description': None}, {'id': 1575412316, 'node_id': 'MDU6TGFiZWwxNTc1NDEyMzE2', 'url': 'https://api.github.com/repos/microsoftgraph/msgraph-sdk-java/labels/Needs:%20Attention%20:wave:', 'name': 'Needs: Attention :wave:', 'color': 'ededed', 'default': False, 'description': None}], 'state': 'open', 'locked': False, 'assignee': {'login': 'ramsessanchez', 'id': 63934382, 'node_id': 'MDQ6VXNlcjYzOTM0Mzgy', 'avatar_url': 'https://avatars.githubusercontent.com/u/63934382?v=4', 'gravatar_id': '', 'url': 'https://api.github.com/users/ramsessanchez', 'html_url': 'https://github.com/ramsessanchez', 'followers_url': 'https://api.github.com/users/ramsessanchez/followers', 'following_url': 'https://api.github.com/users/ramsessanchez/following{/other_user}', 'gists_url': 'https://api.github.com/users/ramsessanchez/gists{/gist_id}', 'starred_url': 'https://api.github.com/users/ramsessanchez/starred{/owner}{/repo}', 'subscriptions_url': 'https://api.github.com/users/ramsessanchez/subscriptions', 'organizations_url': 'https://api.github.com/users/ramsessanchez/orgs', 'repos_url': 'https://api.github.com/users/ramsessanchez/repos', 'events_url': 'https://api.github.com/users/ramsessanchez/events{/privacy}', 'received_events_url': 'https://api.github.com/users/ramsessanchez/received_events', 'type': 'User', 'site_admin': False}, 'assignees': [{'login': 'ramsessanchez', 'id': 63934382, 'node_id': 'MDQ6VXNlcjYzOTM0Mzgy', 'avatar_url': 'https://avatars.githubusercontent.com/u/63934382?v=4', 'gravatar_id': '', 'url': 'https://api.github.com/users/ramsessanchez', 'html_url': 'https://github.com/ramsessanchez', 'followers_url': 'https://api.github.com/users/ramsessanchez/followers', 'following_url': 'https://api.github.com/users/ramsessanchez/following{/other_user}', 'gists_url': 'https://api.github.com/users/ramsessanchez/gists{/gist_id}', 'starred_url': 'https://api.github.com/users/ramsessanchez/starred{/owner}{/repo}', 'subscriptions_url': 'https://api.github.com/users/ramsessanchez/subscriptions', 'organizations_url': 'https://api.github.com/users/ramsessanchez/orgs', 'repos_url': 'https://api.github.com/users/ramsessanchez/repos', 'events_url': 'https://api.github.com/users/ramsessanchez/events{/privacy}', 'received_events_url': 'https://api.github.com/users/ramsessanchez/received_events', 'type': 'User', 'site_admin': False}], 'milestone': None, 'comments': 0, 'created_at': '2022-03-21T05:14:24Z', 'updated_at': '2022-03-30T23:15:58Z', 'closed_at': None, 'author_association': 'NONE', 'active_lock_reason': None, 'body': 'Hi Team,\r\n\r\nCurrently we are using Microsoft Graph API version 2.3.2 and leveraged the feature ""Attach large files to Outlook messages or events"" but it was not supporting inline large attachments. Now I have found an article ""[attachment: createUploadSession](https://docs.microsoft.com/en-us/graph/api/attachment-createuploadsession?view=graph-rest-1.0&tabs=java)"" to support inline large attachments.\r\n\r\nCould you please let us know the supporting library version to leverage the inline large attachment feature?\r\n\r\nNote: We tried upgrading to the latest version but we have observed that many classes are missing in the latest library and there are multiple complication errors are popped up.\r\n\r\nThanks in Advance.\r\n', 'reactions': {'url': 'https://api.github.com/repos/microsoftgraph/msgraph-sdk-java/issues/1033/reactions', 'total_count': 0, '+1': 0, '-1': 0, 'laugh': 0, 'hooray': 0, 'confused': 0, 'heart': 0, 'rocket': 0, 'eyes': 0}, 'timeline_url': 'https://api.github.com/repos/microsoftgraph/msgraph-sdk-java/issues/1033/timeline', 'performed_via_github_app': None}, 'comment': {'url': 'https://api.github.com/repos/microsoftgraph/msgraph-sdk-java/issues/comments/1083743001', 'html_url': 'https://github.com/microsoftgraph/msgraph-sdk-java/issues/1033#issuecomment-1083743001', 'issue_url': 'https://api.github.com/repos/microsoftgraph/msgraph-sdk-java/issues/1033', 'id': 1083743001, 'node_id': 'IC_kwDOBig9Oc5AmJsZ', 'user': {'login': 'ramsessanchez', 'id': 63934382, 'node_id': 'MDQ6VXNlcjYzOTM0Mzgy', 'avatar_url': 'https://avatars.githubusercontent.com/u/63934382?v=4', 'gravatar_id': '', 'url': 'https://api.github.com/users/ramsessanchez', 'html_url': 'https://github.com/ramsessanchez', 'followers_url': 'https://api.github.com/users/ramsessanchez/followers', 'following_url': 'https://api.github.com/users/ramsessanchez/following{/other_user}', 'gists_url': 'https://api.github.com/users/ramsessanchez/gists{/gist_id}', 'starred_url': 'https://api.github.com/users/ramsessanchez/starred{/owner}{/repo}', 'subscriptions_url': 'https://api.github.com/users/ramsessanchez/subscriptions', 'organizations_url': 'https://api.github.com/users/ramsessanchez/orgs', 'repos_url': 'https://api.github.com/users/ramsessanchez/repos', 'events_url': 'https://api.github.com/users/ramsessanchez/events{/privacy}', 'received_events_url': 'https://api.github.com/users/ramsessanchez/received_events', 'type': 'User', 'site_admin': False}, 'created_at': '2022-03-30T23:15:58Z', 'updated_at': '2022-03-30T23:15:58Z', 'author_association': 'CONTRIBUTOR', 'body': ""Hi @Dinesh-Pega, as you have noticed we are on version 5.18.0 of the current Java SDK for Graph. Unfortunately, this also means that many API's may have been changed hence why you are likely running into issues while upgrading your build. I am not quite sure at which version the SDK began to support inline large file uploads. I can offer some help with upgrading and help you identify what your classes may have been changed to, alternatively we are currently working on a new version of the graph SDK which we hope to preview soon and would suggest you update to that when available to keep up to date with the latest features. Let me know if you decide to upgrade to the latest version and we can go from there. Thanks! "", 'reactions': {'url': 'https://api.github.com/repos/microsoftgraph/msgraph-sdk-java/issues/comments/1083743001/reactions', 'total_count': 0, '+1': 0, '-1': 0, 'laugh': 0, 'hooray': 0, 'confused': 0, 'heart': 0, 'rocket': 0, 'eyes': 0}, 'performed_via_github_app': None}}",created,Java
21015469596,PushEvent,microsoftgraph/msgraph-sdk-java,0.0,2022-03-30T10:34:37Z,"{'push_id': 9488376032, 'size': 4, 'distinct_size': 4, 'ref': 'refs/heads/dev', 'head': '29e11e3e096a8838dd8df35c0606fa348f758c26', 'before': '34bdcade1a327a29400b21a60be1bc4cdfd7fd88', 'commits': [{'sha': '913c9376f50960632c4233e1be75dcbfca6f16a9', 'author': {'email': 'GraphTooling@service.microsoft.com', 'name': 'Microsoft Graph DevX Tooling'}, 'message': 'Update generated files with build 71164', 'distinct': True, 'url': 'https://api.github.com/repos/microsoftgraph/msgraph-sdk-java/commits/913c9376f50960632c4233e1be75dcbfca6f16a9'}, {'sha': '97522ed997f20a6c277e21831b9f71247186e240', 'author': {'email': '63934382+ramsessanchez@users.noreply.github.com', 'name': 'ramsessanchez'}, 'message': ""Merge remote-tracking branch 'origin/dev' into v1.0/pipelinebuild/71164"", 'distinct': True, 'url': 'https://api.github.com/repos/microsoftgraph/msgraph-sdk-java/commits/97522ed997f20a6c277e21831b9f71247186e240'}, {'sha': '42ebd98b37d0c47530241f0cbd56efb6b8b91837', 'author': {'email': '63934382+ramsessanchez@users.noreply.github.com', 'name': 'ramsessanchez'}, 'message': 'Update CHANGELOG.md', 'distinct': True, 'url': 'https://api.github.com/repos/microsoftgraph/msgraph-sdk-java/commits/42ebd98b37d0c47530241f0cbd56efb6b8b91837'}, {'sha': '29e11e3e096a8838dd8df35c0606fa348f758c26', 'author': {'email': '63934382+ramsessanchez@users.noreply.github.com', 'name': 'ramsessanchez'}, 'message': 'Merge pull request #1035 from microsoftgraph/v1.0/pipelinebuild/71164\n\nGenerated v1.0 models and request builders using Typewriter', 'distinct': True, 'url': 'https://api.github.com/repos/microsoftgraph/msgraph-sdk-java/commits/29e11e3e096a8838dd8df35c0606fa348f758c26'}]}",,Java
21015469036,DeleteEvent,microsoftgraph/msgraph-sdk-java,0.0,2022-03-30T10:34:35Z,"{'ref': 'v1.0/pipelinebuild/71164', 'ref_type': 'branch', 'pusher_type': 'user'}",,Java
21015468893,PullRequestEvent,microsoftgraph/msgraph-sdk-java,0.0,2022-03-30T10:34:34Z,"{'action': 'closed', 'number': 1035, 'pull_request': {'url': 'https://api.github.com/repos/microsoftgraph/msgraph-sdk-java/pulls/1035', 'id': 892847370, 'node_id': 'PR_kwDOBig9Oc41N8UK', 'html_url': 'https://github.com/microsoftgraph/msgraph-sdk-java/pull/1035', 'diff_url': 'https://github.com/microsoftgraph/msgraph-sdk-java/pull/1035.diff', 'patch_url': 'https://github.com/microsoftgraph/msgraph-sdk-java/pull/1035.patch', 'issue_url': 'https://api.github.com/repos/microsoftgraph/msgraph-sdk-java/issues/1035', 'number': 1035, 'state': 'closed', 'locked': False, 'title': 'Generated v1.0 models and request builders using Typewriter', 'user': {'login': 'ramsessanchez', 'id': 63934382, 'node_id': 'MDQ6VXNlcjYzOTM0Mzgy', 'avatar_url': 'https://avatars.githubusercontent.com/u/63934382?v=4', 'gravatar_id': '', 'url': 'https://api.github.com/users/ramsessanchez', 'html_url': 'https://github.com/ramsessanchez', 'followers_url': 'https://api.github.com/users/ramsessanchez/followers', 'following_url': 'https://api.github.com/users/ramsessanchez/following{/other_user}', 'gists_url': 'https://api.github.com/users/ramsessanchez/gists{/gist_id}', 'starred_url': 'https://api.github.com/users/ramsessanchez/starred{/owner}{/repo}', 'subscriptions_url': 'https://api.github.com/users/ramsessanchez/subscriptions', 'organizations_url': 'https://api.github.com/users/ramsessanchez/orgs', 'repos_url': 'https://api.github.com/users/ramsessanchez/repos', 'events_url': 'https://api.github.com/users/ramsessanchez/events{/privacy}', 'received_events_url': 'https://api.github.com/users/ramsessanchez/received_events', 'type': 'User', 'site_admin': False}, 'body': 'This pull request was automatically created by the GitHub Action, **create pull request**. \n\n The commit hash is _913c9376f50960632c4233e1be75dcbfca6f16a9_. \n\n **Important** Check for unexpected deletions or changes in this PR.', 'created_at': '2022-03-29T10:11:40Z', 'updated_at': '2022-03-30T10:34:33Z', 'closed_at': '2022-03-30T10:34:33Z', 'merged_at': '2022-03-30T10:34:33Z', 'merge_commit_sha': '29e11e3e096a8838dd8df35c0606fa348f758c26', 'assignee': {'login': 'ramsessanchez', 'id': 63934382, 'node_id': 'MDQ6VXNlcjYzOTM0Mzgy', 'avatar_url': 'https://avatars.githubusercontent.com/u/63934382?v=4', 'gravatar_id': '', 'url': 'https://api.github.com/users/ramsessanchez', 'html_url': 'https://github.com/ramsessanchez', 'followers_url': 'https://api.github.com/users/ramsessanchez/followers', 'following_url': 'https://api.github.com/users/ramsessanchez/following{/other_user}', 'gists_url': 'https://api.github.com/users/ramsessanchez/gists{/gist_id}', 'starred_url': 'https://api.github.com/users/ramsessanchez/starred{/owner}{/repo}', 'subscriptions_url': 'https://api.github.com/users/ramsessanchez/subscriptions', 'organizations_url': 'https://api.github.com/users/ramsessanchez/orgs', 'repos_url': 'https://api.github.com/users/ramsessanchez/repos', 'events_url': 'https://api.github.com/users/ramsessanchez/events{/privacy}', 'received_events_url': 'https://api.github.com/users/ramsessanchez/received_events', 'type': 'User', 'site_admin': False}, 'assignees': [{'login': 'ramsessanchez', 'id': 63934382, 'node_id': 'MDQ6VXNlcjYzOTM0Mzgy', 'avatar_url': 'https://avatars.githubusercontent.com/u/63934382?v=4', 'gravatar_id': '', 'url': 'https://api.github.com/users/ramsessanchez', 'html_url': 'https://github.com/ramsessanchez', 'followers_url': 'https://api.github.com/users/ramsessanchez/followers', 'following_url': 'https://api.github.com/users/ramsessanchez/following{/other_user}', 'gists_url': 'https://api.github.com/users/ramsessanchez/gists{/gist_id}', 'starred_url': 'https://api.github.com/users/ramsessanchez/starred{/owner}{/repo}', 'subscriptions_url': 'https://api.github.com/users/ramsessanchez/subscriptions', 'organizations_url': 'https://api.github.com/users/ramsessanchez/orgs', 'repos_url': 'https://api.github.com/users/ramsessanchez/repos', 'events_url': 'https://api.github.com/users/ramsessanchez/events{/privacy}', 'received_events_url': 'https://api.github.com/users/ramsessanchez/received_events', 'type': 'User', 'site_admin': False}], 'requested_reviewers': [{'login': 'zengin', 'id': 803311, 'node_id': 'MDQ6VXNlcjgwMzMxMQ==', 'avatar_url': 'https://avatars.githubusercontent.com/u/803311?v=4', 'gravatar_id': '', 'url': 'https://api.github.com/users/zengin', 'html_url': 'https://github.com/zengin', 'followers_url': 'https://api.github.com/users/zengin/followers', 'following_url': 'https://api.github.com/users/zengin/following{/other_user}', 'gists_url': 'https://api.github.com/users/zengin/gists{/gist_id}', 'starred_url': 'https://api.github.com/users/zengin/starred{/owner}{/repo}', 'subscriptions_url': 'https://api.github.com/users/zengin/subscriptions', 'organizations_url': 'https://api.github.com/users/zengin/orgs', 'repos_url': 'https://api.github.com/users/zengin/repos', 'events_url': 'https://api.github.com/users/zengin/events{/privacy}', 'received_events_url': 'https://api.github.com/users/zengin/received_events', 'type': 'User', 'site_admin': False}, {'login': 'peombwa', 'id': 7061532, 'node_id': 'MDQ6VXNlcjcwNjE1MzI=', 'avatar_url': 'https://avatars.githubusercontent.com/u/7061532?v=4', 'gravatar_id': '', 'url': 'https://api.github.com/users/peombwa', 'html_url': 'https://github.com/peombwa', 'followers_url': 'https://api.github.com/users/peombwa/followers', 'following_url': 'https://api.github.com/users/peombwa/following{/other_user}', 'gists_url': 'https://api.github.com/users/peombwa/gists{/gist_id}', 'starred_url': 'https://api.github.com/users/peombwa/starred{/owner}{/repo}', 'subscriptions_url': 'https://api.github.com/users/peombwa/subscriptions', 'organizations_url': 'https://api.github.com/users/peombwa/orgs', 'repos_url': 'https://api.github.com/users/peombwa/repos', 'events_url': 'https://api.github.com/users/peombwa/events{/privacy}', 'received_events_url': 'https://api.github.com/users/peombwa/received_events', 'type': 'User', 'site_admin': False}, {'login': 'MIchaelMainer', 'id': 8527305, 'node_id': 'MDQ6VXNlcjg1MjczMDU=', 'avatar_url': 'https://avatars.githubusercontent.com/u/8527305?v=4', 'gravatar_id': '', 'url': 'https://api.github.com/users/MIchaelMainer', 'html_url': 'https://github.com/MIchaelMainer', 'followers_url': 'https://api.github.com/users/MIchaelMainer/followers', 'following_url': 'https://api.github.com/users/MIchaelMainer/following{/other_user}', 'gists_url': 'https://api.github.com/users/MIchaelMainer/gists{/gist_id}', 'starred_url': 'https://api.github.com/users/MIchaelMainer/starred{/owner}{/repo}', 'subscriptions_url': 'https://api.github.com/users/MIchaelMainer/subscriptions', 'organizations_url': 'https://api.github.com/users/MIchaelMainer/orgs', 'repos_url': 'https://api.github.com/users/MIchaelMainer/repos', 'events_url': 'https://api.github.com/users/MIchaelMainer/events{/privacy}', 'received_events_url': 'https://api.github.com/users/MIchaelMainer/received_events', 'type': 'User', 'site_admin': False}, {'login': 'ddyett', 'id': 20829981, 'node_id': 'MDQ6VXNlcjIwODI5OTgx', 'avatar_url': 'https://avatars.githubusercontent.com/u/20829981?v=4', 'gravatar_id': '', 'url': 'https://api.github.com/users/ddyett', 'html_url': 'https://github.com/ddyett', 'followers_url': 'https://api.github.com/users/ddyett/followers', 'following_url': 'https://api.github.com/users/ddyett/following{/other_user}', 'gists_url': 'https://api.github.com/users/ddyett/gists{/gist_id}', 'starred_url': 'https://api.github.com/users/ddyett/starred{/owner}{/repo}', 'subscriptions_url': 'https://api.github.com/users/ddyett/subscriptions', 'organizations_url': 'https://api.github.com/users/ddyett/orgs', 'repos_url': 'https://api.github.com/users/ddyett/repos', 'events_url': 'https://api.github.com/users/ddyett/events{/privacy}', 'received_events_url': 'https://api.github.com/users/ddyett/received_events', 'type': 'User', 'site_admin': False}, {'login': 'nikithauc', 'id': 23219007, 'node_id': 'MDQ6VXNlcjIzMjE5MDA3', 'avatar_url': 'https://avatars.githubusercontent.com/u/23219007?v=4', 'gravatar_id': '', 'url': 'https://api.github.com/users/nikithauc', 'html_url': 'https://github.com/nikithauc', 'followers_url': 'https://api.github.com/users/nikithauc/followers', 'following_url': 'https://api.github.com/users/nikithauc/following{/other_user}', 'gists_url': 'https://api.github.com/users/nikithauc/gists{/gist_id}', 'starred_url': 'https://api.github.com/users/nikithauc/starred{/owner}{/repo}', 'subscriptions_url': 'https://api.github.com/users/nikithauc/subscriptions', 'organizations_url': 'https://api.github.com/users/nikithauc/orgs', 'repos_url': 'https://api.github.com/users/nikithauc/repos', 'events_url': 'https://api.github.com/users/nikithauc/events{/privacy}', 'received_events_url': 'https://api.github.com/users/nikithauc/received_events', 'type': 'User', 'site_admin': False}], 'requested_teams': [], 'labels': [{'id': 1160728929, 'node_id': 'MDU6TGFiZWwxMTYwNzI4OTI5', 'url': 'https://api.github.com/repos/microsoftgraph/msgraph-sdk-java/labels/generated', 'name': 'generated', 'color': 'ededed', 'default': False, 'description': None}], 'milestone': {'url': 'https://api.github.com/repos/microsoftgraph/msgraph-sdk-java/milestones/48', 'html_url': 'https://github.com/microsoftgraph/msgraph-sdk-java/milestone/48', 'labels_url': 'https://api.github.com/repos/microsoftgraph/msgraph-sdk-java/milestones/48/labels', 'id': 7791684, 'node_id': 'MI_kwDOBig9Oc4AduRE', 'number': 48, 'title': '5.18.0', 'description': '', 'creator': {'login': 'baywet', 'id': 7905502, 'node_id': 'MDQ6VXNlcjc5MDU1MDI=', 'avatar_url': 'https://avatars.githubusercontent.com/u/7905502?v=4', 'gravatar_id': '', 'url': 'https://api.github.com/users/baywet', 'html_url': 'https://github.com/baywet', 'followers_url': 'https://api.github.com/users/baywet/followers', 'following_url': 'https://api.github.com/users/baywet/following{/other_user}', 'gists_url': 'https://api.github.com/users/baywet/gists{/gist_id}', 'starred_url': 'https://api.github.com/users/baywet/starred{/owner}{/repo}', 'subscriptions_url': 'https://api.github.com/users/baywet/subscriptions', 'organizations_url': 'https://api.github.com/users/baywet/orgs', 'repos_url': 'https://api.github.com/users/baywet/repos', 'events_url': 'https://api.github.com/users/baywet/events{/privacy}', 'received_events_url': 'https://api.github.com/users/baywet/received_events', 'type': 'User', 'site_admin': False}, 'open_issues': 0, 'closed_issues': 2, 'state': 'open', 'created_at': '2022-03-22T12:54:35Z', 'updated_at': '2022-03-30T10:34:33Z', 'due_on': '2022-03-25T07:00:00Z', 'closed_at': None}, 'draft': False, 'commits_url': 'https://api.github.com/repos/microsoftgraph/msgraph-sdk-java/pulls/1035/commits', 'review_comments_url': 'https://api.github.com/repos/microsoftgraph/msgraph-sdk-java/pulls/1035/comments', 'review_comment_url': 'https://api.github.com/repos/microsoftgraph/msgraph-sdk-java/pulls/comments{/number}', 'comments_url': 'https://api.github.com/repos/microsoftgraph/msgraph-sdk-java/issues/1035/comments', 'statuses_url': 'https://api.github.com/repos/microsoftgraph/msgraph-sdk-java/statuses/42ebd98b37d0c47530241f0cbd56efb6b8b91837', 'head': {'label': 'microsoftgraph:v1.0/pipelinebuild/71164', 'ref': 'v1.0/pipelinebuild/71164', 'sha': '42ebd98b37d0c47530241f0cbd56efb6b8b91837', 'user': {'login': 'microsoftgraph', 'id': 17304259, 'node_id': 'MDEyOk9yZ2FuaXphdGlvbjE3MzA0MjU5', 'avatar_url': 'https://avatars.githubusercontent.com/u/17304259?v=4', 'gravatar_id': '', 'url': 'https://api.github.com/users/microsoftgraph', 'html_url': 'https://github.com/microsoftgraph', 'followers_url': 'https://api.github.com/users/microsoftgraph/followers', 'following_url': 'https://api.github.com/users/microsoftgraph/following{/other_user}', 'gists_url': 'https://api.github.com/users/microsoftgraph/gists{/gist_id}', 'starred_url': 'https://api.github.com/users/microsoftgraph/starred{/owner}{/repo}', 'subscriptions_url': 'https://api.github.com/users/microsoftgraph/subscriptions', 'organizations_url': 'https://api.github.com/users/microsoftgraph/orgs', 'repos_url': 'https://api.github.com/users/microsoftgraph/repos', 'events_url': 'https://api.github.com/users/microsoftgraph/events{/privacy}', 'received_events_url': 'https://api.github.com/users/microsoftgraph/received_events', 'type': 'Organization', 'site_admin': False}, 'repo': {'id': 103300409, 'node_id': 'MDEwOlJlcG9zaXRvcnkxMDMzMDA0MDk=', 'name': 'msgraph-sdk-java', 'full_name': 'microsoftgraph/msgraph-sdk-java', 'private': False, 'owner': {'login': 'microsoftgraph', 'id': 17304259, 'node_id': 'MDEyOk9yZ2FuaXphdGlvbjE3MzA0MjU5', 'avatar_url': 'https://avatars.githubusercontent.com/u/17304259?v=4', 'gravatar_id': '', 'url': 'https://api.github.com/users/microsoftgraph', 'html_url': 'https://github.com/microsoftgraph', 'followers_url': 'https://api.github.com/users/microsoftgraph/followers', 'following_url': 'https://api.github.com/users/microsoftgraph/following{/other_user}', 'gists_url': 'https://api.github.com/users/microsoftgraph/gists{/gist_id}', 'starred_url': 'https://api.github.com/users/microsoftgraph/starred{/owner}{/repo}', 'subscriptions_url': 'https://api.github.com/users/microsoftgraph/subscriptions', 'organizations_url': 'https://api.github.com/users/microsoftgraph/orgs', 'repos_url': 'https://api.github.com/users/microsoftgraph/repos', 'events_url': 'https://api.github.com/users/microsoftgraph/events{/privacy}', 'received_events_url': 'https://api.github.com/users/microsoftgraph/received_events', 'type': 'Organization', 'site_admin': False}, 'html_url': 'https://github.com/microsoftgraph/msgraph-sdk-java', 'description': 'Microsoft Graph SDK for Java', 'fork': False, 'url': 'https://api.github.com/repos/microsoftgraph/msgraph-sdk-java', 'forks_url': 'https://api.github.com/repos/microsoftgraph/msgraph-sdk-java/forks', 'keys_url': 'https://api.github.com/repos/microsoftgraph/msgraph-sdk-java/keys{/key_id}', 'collaborators_url': 'https://api.github.com/repos/microsoftgraph/msgraph-sdk-java/collaborators{/collaborator}', 'teams_url': 'https://api.github.com/repos/microsoftgraph/msgraph-sdk-java/teams', 'hooks_url': 'https://api.github.com/repos/microsoftgraph/msgraph-sdk-java/hooks', 'issue_events_url': 'https://api.github.com/repos/microsoftgraph/msgraph-sdk-java/issues/events{/number}', 'events_url': 'https://api.github.com/repos/microsoftgraph/msgraph-sdk-java/events', 'assignees_url': 'https://api.github.com/repos/microsoftgraph/msgraph-sdk-java/assignees{/user}', 'branches_url': 'https://api.github.com/repos/microsoftgraph/msgraph-sdk-java/branches{/branch}', 'tags_url': 'https://api.github.com/repos/microsoftgraph/msgraph-sdk-java/tags', 'blobs_url': 'https://api.github.com/repos/microsoftgraph/msgraph-sdk-java/git/blobs{/sha}', 'git_tags_url': 'https://api.github.com/repos/microsoftgraph/msgraph-sdk-java/git/tags{/sha}', 'git_refs_url': 'https://api.github.com/repos/microsoftgraph/msgraph-sdk-java/git/refs{/sha}', 'trees_url': 'https://api.github.com/repos/microsoftgraph/msgraph-sdk-java/git/trees{/sha}', 'statuses_url': 'https://api.github.com/repos/microsoftgraph/msgraph-sdk-java/statuses/{sha}', 'languages_url': 'https://api.github.com/repos/microsoftgraph/msgraph-sdk-java/languages', 'stargazers_url': 'https://api.github.com/repos/microsoftgraph/msgraph-sdk-java/stargazers', 'contributors_url': 'https://api.github.com/repos/microsoftgraph/msgraph-sdk-java/contributors', 'subscribers_url': 'https://api.github.com/repos/microsoftgraph/msgraph-sdk-java/subscribers', 'subscription_url': 'https://api.github.com/repos/microsoftgraph/msgraph-sdk-java/subscription', 'commits_url': 'https://api.github.com/repos/microsoftgraph/msgraph-sdk-java/commits{/sha}', 'git_commits_url': 'https://api.github.com/repos/microsoftgraph/msgraph-sdk-java/git/commits{/sha}', 'comments_url': 'https://api.github.com/repos/microsoftgraph/msgraph-sdk-java/comments{/number}', 'issue_comment_url': 'https://api.github.com/repos/microsoftgraph/msgraph-sdk-java/issues/comments{/number}', 'contents_url': 'https://api.github.com/repos/microsoftgraph/msgraph-sdk-java/contents/{+path}', 'compare_url': 'https://api.github.com/repos/microsoftgraph/msgraph-sdk-java/compare/{base}...{head}', 'merges_url': 'https://api.github.com/repos/microsoftgraph/msgraph-sdk-java/merges', 'archive_url': 'https://api.github.com/repos/microsoftgraph/msgraph-sdk-java/{archive_format}{/ref}', 'downloads_url': 'https://api.github.com/repos/microsoftgraph/msgraph-sdk-java/downloads', 'issues_url': 'https://api.github.com/repos/microsoftgraph/msgraph-sdk-java/issues{/number}', 'pulls_url': 'https://api.github.com/repos/microsoftgraph/msgraph-sdk-java/pulls{/number}', 'milestones_url': 'https://api.github.com/repos/microsoftgraph/msgraph-sdk-java/milestones{/number}', 'notifications_url': 'https://api.github.com/repos/microsoftgraph/msgraph-sdk-java/notifications{?since,all,participating}', 'labels_url': 'https://api.github.com/repos/microsoftgraph/msgraph-sdk-java/labels{/name}', 'releases_url': 'https://api.github.com/repos/microsoftgraph/msgraph-sdk-java/releases{/id}', 'deployments_url': 'https://api.github.com/repos/microsoftgraph/msgraph-sdk-java/deployments', 'created_at': '2017-09-12T17:20:15Z', 'updated_at': '2022-03-04T17:20:01Z', 'pushed_at': '2022-03-30T10:34:33Z', 'git_url': 'git://github.com/microsoftgraph/msgraph-sdk-java.git', 'ssh_url': 'git@github.com:microsoftgraph/msgraph-sdk-java.git', 'clone_url': 'https://github.com/microsoftgraph/msgraph-sdk-java.git', 'svn_url': 'https://github.com/microsoftgraph/msgraph-sdk-java', 'homepage': 'https://docs.microsoft.com/en-us/graph/sdks/sdks-overview', 'size': 58841, 'stargazers_count': 244, 'watchers_count': 244, 'language': 'Java', 'has_issues': True, 'has_projects': True, 'has_downloads': True, 'has_wiki': False, 'has_pages': False, 'forks_count': 100, 'mirror_url': None, 'archived': False, 'disabled': False, 'open_issues_count': 4, 'license': {'key': 'mit', 'name': 'MIT License', 'spdx_id': 'MIT', 'url': 'https://api.github.com/licenses/mit', 'node_id': 'MDc6TGljZW5zZTEz'}, 'allow_forking': True, 'is_template': False, 'topics': ['java', 'microsoft-graph', 'microsoft-graph-sdk', 'sdk'], 'visibility': 'public', 'forks': 100, 'open_issues': 4, 'watchers': 244, 'default_branch': 'dev'}}, 'base': {'label': 'microsoftgraph:dev', 'ref': 'dev', 'sha': '34bdcade1a327a29400b21a60be1bc4cdfd7fd88', 'user': {'login': 'microsoftgraph', 'id': 17304259, 'node_id': 'MDEyOk9yZ2FuaXphdGlvbjE3MzA0MjU5', 'avatar_url': 'https://avatars.githubusercontent.com/u/17304259?v=4', 'gravatar_id': '', 'url': 'https://api.github.com/users/microsoftgraph', 'html_url': 'https://github.com/microsoftgraph', 'followers_url': 'https://api.github.com/users/microsoftgraph/followers', 'following_url': 'https://api.github.com/users/microsoftgraph/following{/other_user}', 'gists_url': 'https://api.github.com/users/microsoftgraph/gists{/gist_id}', 'starred_url': 'https://api.github.com/users/microsoftgraph/starred{/owner}{/repo}', 'subscriptions_url': 'https://api.github.com/users/microsoftgraph/subscriptions', 'organizations_url': 'https://api.github.com/users/microsoftgraph/orgs', 'repos_url': 'https://api.github.com/users/microsoftgraph/repos', 'events_url': 'https://api.github.com/users/microsoftgraph/events{/privacy}', 'received_events_url': 'https://api.github.com/users/microsoftgraph/received_events', 'type': 'Organization', 'site_admin': False}, 'repo': {'id': 103300409, 'node_id': 'MDEwOlJlcG9zaXRvcnkxMDMzMDA0MDk=', 'name': 'msgraph-sdk-java', 'full_name': 'microsoftgraph/msgraph-sdk-java', 'private': False, 'owner': {'login': 'microsoftgraph', 'id': 17304259, 'node_id': 'MDEyOk9yZ2FuaXphdGlvbjE3MzA0MjU5', 'avatar_url': 'https://avatars.githubusercontent.com/u/17304259?v=4', 'gravatar_id': '', 'url': 'https://api.github.com/users/microsoftgraph', 'html_url': 'https://github.com/microsoftgraph', 'followers_url': 'https://api.github.com/users/microsoftgraph/followers', 'following_url': 'https://api.github.com/users/microsoftgraph/following{/other_user}', 'gists_url': 'https://api.github.com/users/microsoftgraph/gists{/gist_id}', 'starred_url': 'https://api.github.com/users/microsoftgraph/starred{/owner}{/repo}', 'subscriptions_url': 'https://api.github.com/users/microsoftgraph/subscriptions', 'organizations_url': 'https://api.github.com/users/microsoftgraph/orgs', 'repos_url': 'https://api.github.com/users/microsoftgraph/repos', 'events_url': 'https://api.github.com/users/microsoftgraph/events{/privacy}', 'received_events_url': 'https://api.github.com/users/microsoftgraph/received_events', 'type': 'Organization', 'site_admin': False}, 'html_url': 'https://github.com/microsoftgraph/msgraph-sdk-java', 'description': 'Microsoft Graph SDK for Java', 'fork': False, 'url': 'https://api.github.com/repos/microsoftgraph/msgraph-sdk-java', 'forks_url': 'https://api.github.com/repos/microsoftgraph/msgraph-sdk-java/forks', 'keys_url': 'https://api.github.com/repos/microsoftgraph/msgraph-sdk-java/keys{/key_id}', 'collaborators_url': 'https://api.github.com/repos/microsoftgraph/msgraph-sdk-java/collaborators{/collaborator}', 'teams_url': 'https://api.github.com/repos/microsoftgraph/msgraph-sdk-java/teams', 'hooks_url': 'https://api.github.com/repos/microsoftgraph/msgraph-sdk-java/hooks', 'issue_events_url': 'https://api.github.com/repos/microsoftgraph/msgraph-sdk-java/issues/events{/number}', 'events_url': 'https://api.github.com/repos/microsoftgraph/msgraph-sdk-java/events', 'assignees_url': 'https://api.github.com/repos/microsoftgraph/msgraph-sdk-java/assignees{/user}', 'branches_url': 'https://api.github.com/repos/microsoftgraph/msgraph-sdk-java/branches{/branch}', 'tags_url': 'https://api.github.com/repos/microsoftgraph/msgraph-sdk-java/tags', 'blobs_url': 'https://api.github.com/repos/microsoftgraph/msgraph-sdk-java/git/blobs{/sha}', 'git_tags_url': 'https://api.github.com/repos/microsoftgraph/msgraph-sdk-java/git/tags{/sha}', 'git_refs_url': 'https://api.github.com/repos/microsoftgraph/msgraph-sdk-java/git/refs{/sha}', 'trees_url': 'https://api.github.com/repos/microsoftgraph/msgraph-sdk-java/git/trees{/sha}', 'statuses_url': 'https://api.github.com/repos/microsoftgraph/msgraph-sdk-java/statuses/{sha}', 'languages_url': 'https://api.github.com/repos/microsoftgraph/msgraph-sdk-java/languages', 'stargazers_url': 'https://api.github.com/repos/microsoftgraph/msgraph-sdk-java/stargazers', 'contributors_url': 'https://api.github.com/repos/microsoftgraph/msgraph-sdk-java/contributors', 'subscribers_url': 'https://api.github.com/repos/microsoftgraph/msgraph-sdk-java/subscribers', 'subscription_url': 'https://api.github.com/repos/microsoftgraph/msgraph-sdk-java/subscription', 'commits_url': 'https://api.github.com/repos/microsoftgraph/msgraph-sdk-java/commits{/sha}', 'git_commits_url': 'https://api.github.com/repos/microsoftgraph/msgraph-sdk-java/git/commits{/sha}', 'comments_url': 'https://api.github.com/repos/microsoftgraph/msgraph-sdk-java/comments{/number}', 'issue_comment_url': 'https://api.github.com/repos/microsoftgraph/msgraph-sdk-java/issues/comments{/number}', 'contents_url': 'https://api.github.com/repos/microsoftgraph/msgraph-sdk-java/contents/{+path}', 'compare_url': 'https://api.github.com/repos/microsoftgraph/msgraph-sdk-java/compare/{base}...{head}', 'merges_url': 'https://api.github.com/repos/microsoftgraph/msgraph-sdk-java/merges', 'archive_url': 'https://api.github.com/repos/microsoftgraph/msgraph-sdk-java/{archive_format}{/ref}', 'downloads_url': 'https://api.github.com/repos/microsoftgraph/msgraph-sdk-java/downloads', 'issues_url': 'https://api.github.com/repos/microsoftgraph/msgraph-sdk-java/issues{/number}', 'pulls_url': 'https://api.github.com/repos/microsoftgraph/msgraph-sdk-java/pulls{/number}', 'milestones_url': 'https://api.github.com/repos/microsoftgraph/msgraph-sdk-java/milestones{/number}', 'notifications_url': 'https://api.github.com/repos/microsoftgraph/msgraph-sdk-java/notifications{?since,all,participating}', 'labels_url': 'https://api.github.com/repos/microsoftgraph/msgraph-sdk-java/labels{/name}', 'releases_url': 'https://api.github.com/repos/microsoftgraph/msgraph-sdk-java/releases{/id}', 'deployments_url': 'https://api.github.com/repos/microsoftgraph/msgraph-sdk-java/deployments', 'created_at': '2017-09-12T17:20:15Z', 'updated_at': '2022-03-04T17:20:01Z', 'pushed_at': '2022-03-30T10:34:33Z', 'git_url': 'git://github.com/microsoftgraph/msgraph-sdk-java.git', 'ssh_url': 'git@github.com:microsoftgraph/msgraph-sdk-java.git', 'clone_url': 'https://github.com/microsoftgraph/msgraph-sdk-java.git', 'svn_url': 'https://github.com/microsoftgraph/msgraph-sdk-java', 'homepage': 'https://docs.microsoft.com/en-us/graph/sdks/sdks-overview', 'size': 58841, 'stargazers_count': 244, 'watchers_count': 244, 'language': 'Java', 'has_issues': True, 'has_projects': True, 'has_downloads': True, 'has_wiki': False, 'has_pages': False, 'forks_count': 100, 'mirror_url': None, 'archived': False, 'disabled': False, 'open_issues_count': 4, 'license': {'key': 'mit', 'name': 'MIT License', 'spdx_id': 'MIT', 'url': 'https://api.github.com/licenses/mit', 'node_id': 'MDc6TGljZW5zZTEz'}, 'allow_forking': True, 'is_template': False, 'topics': ['java', 'microsoft-graph', 'microsoft-graph-sdk', 'sdk'], 'visibility': 'public', 'forks': 100, 'open_issues': 4, 'watchers': 244, 'default_branch': 'dev'}}, '_links': {'self': {'href': 'https://api.github.com/repos/microsoftgraph/msgraph-sdk-java/pulls/1035'}, 'html': {'href': 'https://github.com/microsoftgraph/msgraph-sdk-java/pull/1035'}, 'issue': {'href': 'https://api.github.com/repos/microsoftgraph/msgraph-sdk-java/issues/1035'}, 'comments': {'href': 'https://api.github.com/repos/microsoftgraph/msgraph-sdk-java/issues/1035/comments'}, 'review_comments': {'href': 'https://api.github.com/repos/microsoftgraph/msgraph-sdk-java/pulls/1035/comments'}, 'review_comment': {'href': 'https://api.github.com/repos/microsoftgraph/msgraph-sdk-java/pulls/comments{/number}'}, 'commits': {'href': 'https://api.github.com/repos/microsoftgraph/msgraph-sdk-java/pulls/1035/commits'}, 'statuses': {'href': 'https://api.github.com/repos/microsoftgraph/msgraph-sdk-java/statuses/42ebd98b37d0c47530241f0cbd56efb6b8b91837'}}, 'author_association': 'CONTRIBUTOR', 'auto_merge': {'enabled_by': {'login': 'ramsessanchez', 'id': 63934382, 'node_id': 'MDQ6VXNlcjYzOTM0Mzgy', 'avatar_url': 'https://avatars.githubusercontent.com/u/63934382?v=4', 'gravatar_id': '', 'url': 'https://api.github.com/users/ramsessanchez', 'html_url': 'https://github.com/ramsessanchez', 'followers_url': 'https://api.github.com/users/ramsessanchez/followers', 'following_url': 'https://api.github.com/users/ramsessanchez/following{/other_user}', 'gists_url': 'https://api.github.com/users/ramsessanchez/gists{/gist_id}', 'starred_url': 'https://api.github.com/users/ramsessanchez/starred{/owner}{/repo}', 'subscriptions_url': 'https://api.github.com/users/ramsessanchez/subscriptions', 'organizations_url': 'https://api.github.com/users/ramsessanchez/orgs', 'repos_url': 'https://api.github.com/users/ramsessanchez/repos', 'events_url': 'https://api.github.com/users/ramsessanchez/events{/privacy}', 'received_events_url': 'https://api.github.com/users/ramsessanchez/received_events', 'type': 'User', 'site_admin': False}, 'merge_method': 'merge', 'commit_title': 'Merge pull request #1035 from microsoftgraph/v1.0/pipelinebuild/71164', 'commit_message': 'Generated v1.0 models and request builders using Typewriter'}, 'active_lock_reason': None, 'merged': True, 'mergeable': None, 'rebaseable': None, 'mergeable_state': 'unknown', 'merged_by': {'login': 'ramsessanchez', 'id': 63934382, 'node_id': 'MDQ6VXNlcjYzOTM0Mzgy', 'avatar_url': 'https://avatars.githubusercontent.com/u/63934382?v=4', 'gravatar_id': '', 'url': 'https://api.github.com/users/ramsessanchez', 'html_url': 'https://github.com/ramsessanchez', 'followers_url': 'https://api.github.com/users/ramsessanchez/followers', 'following_url': 'https://api.github.com/users/ramsessanchez/following{/other_user}', 'gists_url': 'https://api.github.com/users/ramsessanchez/gists{/gist_id}', 'starred_url': 'https://api.github.com/users/ramsessanchez/starred{/owner}{/repo}', 'subscriptions_url': 'https://api.github.com/users/ramsessanchez/subscriptions', 'organizations_url': 'https://api.github.com/users/ramsessanchez/orgs', 'repos_url': 'https://api.github.com/users/ramsessanchez/repos', 'events_url': 'https://api.github.com/users/ramsessanchez/events{/privacy}', 'received_events_url': 'https://api.github.com/users/ramsessanchez/received_events', 'type': 'User', 'site_admin': False}, 'comments': 0, 'review_comments': 0, 'maintainer_can_modify': False, 'commits': 3, 'additions': 132, 'deletions': 25, 'changed_files': 16}}",closed,Java
21011511845,PushEvent,microsoftgraph/msgraph-sdk-java,0.0,2022-03-30T07:07:44Z,"{'push_id': 9486461591, 'size': 1, 'distinct_size': 1, 'ref': 'refs/heads/v1.0/pipelinebuild/71164', 'head': '42ebd98b37d0c47530241f0cbd56efb6b8b91837', 'before': '97522ed997f20a6c277e21831b9f71247186e240', 'commits': [{'sha': '42ebd98b37d0c47530241f0cbd56efb6b8b91837', 'author': {'email': '63934382+ramsessanchez@users.noreply.github.com', 'name': 'ramsessanchez'}, 'message': 'Update CHANGELOG.md', 'distinct': True, 'url': 'https://api.github.com/repos/microsoftgraph/msgraph-sdk-java/commits/42ebd98b37d0c47530241f0cbd56efb6b8b91837'}]}",,Java
21005647812,PushEvent,microsoftgraph/msgraph-sdk-java,0.0,2022-03-29T22:20:21Z,"{'push_id': 9483588074, 'size': 3, 'distinct_size': 1, 'ref': 'refs/heads/v1.0/pipelinebuild/71164', 'head': '97522ed997f20a6c277e21831b9f71247186e240', 'before': '913c9376f50960632c4233e1be75dcbfca6f16a9', 'commits': [{'sha': '15f1bca8552725e5ff43c5ea1f7a0ff052e167f8', 'author': {'email': '63934382+ramsessanchez@users.noreply.github.com', 'name': 'ramsessanchez'}, 'message': 'Updating Build action\n\nNoticed that the diff report was not being uploaded for this repo. Added the always condition to be in line with the Beta repo, thus it should now always upload a diff report.', 'distinct': False, 'url': 'https://api.github.com/repos/microsoftgraph/msgraph-sdk-java/commits/15f1bca8552725e5ff43c5ea1f7a0ff052e167f8'}, {'sha': '34bdcade1a327a29400b21a60be1bc4cdfd7fd88', 'author': {'email': '63934382+ramsessanchez@users.noreply.github.com', 'name': 'ramsessanchez'}, 'message': 'Merge pull request #1036 from microsoftgraph/ramsessanchez-diffPatch\n\nUpdating Build action', 'distinct': False, 'url': 'https://api.github.com/repos/microsoftgraph/msgraph-sdk-java/commits/34bdcade1a327a29400b21a60be1bc4cdfd7fd88'}, {'sha': '97522ed997f20a6c277e21831b9f71247186e240', 'author': {'email': '63934382+ramsessanchez@users.noreply.github.com', 'name': 'ramsessanchez'}, 'message': ""Merge remote-tracking branch 'origin/dev' into v1.0/pipelinebuild/71164"", 'distinct': True, 'url': 'https://api.github.com/repos/microsoftgraph/msgraph-sdk-java/commits/97522ed997f20a6c277e21831b9f71247186e240'}]}",,Java
21005362443,PushEvent,microsoftgraph/msgraph-beta-sdk-java,0.0,2022-03-29T21:59:34Z,"{'push_id': 9483453576, 'size': 1, 'distinct_size': 1, 'ref': 'refs/heads/beta/pipelinebuild/71164', 'head': 'bfcad4b977a8e3c14114db1b0b119c28340a9031', 'before': '4714e6c35e431c8275b8147e80d12f2961fa128f', 'commits': [{'sha': 'bfcad4b977a8e3c14114db1b0b119c28340a9031', 'author': {'email': '63934382+ramsessanchez@users.noreply.github.com', 'name': 'ramsessanchez'}, 'message': 'Update CHANGELOG.md', 'distinct': True, 'url': 'https://api.github.com/repos/microsoftgraph/msgraph-beta-sdk-java/commits/bfcad4b977a8e3c14114db1b0b119c28340a9031'}]}",,Java
21005337096,PushEvent,microsoftgraph/msgraph-sdk-java,0.0,2022-03-29T21:57:46Z,"{'push_id': 9483441667, 'size': 2, 'distinct_size': 2, 'ref': 'refs/heads/dev', 'head': '34bdcade1a327a29400b21a60be1bc4cdfd7fd88', 'before': 'c031256abde6c2d268063c613c19c76ad329b9e6', 'commits': [{'sha': '15f1bca8552725e5ff43c5ea1f7a0ff052e167f8', 'author': {'email': '63934382+ramsessanchez@users.noreply.github.com', 'name': 'ramsessanchez'}, 'message': 'Updating Build action\n\nNoticed that the diff report was not being uploaded for this repo. Added the always condition to be in line with the Beta repo, thus it should now always upload a diff report.', 'distinct': True, 'url': 'https://api.github.com/repos/microsoftgraph/msgraph-sdk-java/commits/15f1bca8552725e5ff43c5ea1f7a0ff052e167f8'}, {'sha': '34bdcade1a327a29400b21a60be1bc4cdfd7fd88', 'author': {'email': '63934382+ramsessanchez@users.noreply.github.com', 'name': 'ramsessanchez'}, 'message': 'Merge pull request #1036 from microsoftgraph/ramsessanchez-diffPatch\n\nUpdating Build action', 'distinct': True, 'url': 'https://api.github.com/repos/microsoftgraph/msgraph-sdk-java/commits/34bdcade1a327a29400b21a60be1bc4cdfd7fd88'}]}",,Java
21005337014,DeleteEvent,microsoftgraph/msgraph-sdk-java,0.0,2022-03-29T21:57:45Z,"{'ref': 'ramsessanchez-diffPatch', 'ref_type': 'branch', 'pusher_type': 'user'}",,Java
21005336968,PullRequestEvent,microsoftgraph/msgraph-sdk-java,0.0,2022-03-29T21:57:45Z,"{'action': 'closed', 'number': 1036, 'pull_request': {'url': 'https://api.github.com/repos/microsoftgraph/msgraph-sdk-java/pulls/1036', 'id': 893558851, 'node_id': 'PR_kwDOBig9Oc41QqBD', 'html_url': 'https://github.com/microsoftgraph/msgraph-sdk-java/pull/1036', 'diff_url': 'https://github.com/microsoftgraph/msgraph-sdk-java/pull/1036.diff', 'patch_url': 'https://github.com/microsoftgraph/msgraph-sdk-java/pull/1036.patch', 'issue_url': 'https://api.github.com/repos/microsoftgraph/msgraph-sdk-java/issues/1036', 'number': 1036, 'state': 'closed', 'locked': False, 'title': 'Updating Build action', 'user': {'login': 'ramsessanchez', 'id': 63934382, 'node_id': 'MDQ6VXNlcjYzOTM0Mzgy', 'avatar_url': 'https://avatars.githubusercontent.com/u/63934382?v=4', 'gravatar_id': '', 'url': 'https://api.github.com/users/ramsessanchez', 'html_url': 'https://github.com/ramsessanchez', 'followers_url': 'https://api.github.com/users/ramsessanchez/followers', 'following_url': 'https://api.github.com/users/ramsessanchez/following{/other_user}', 'gists_url': 'https://api.github.com/users/ramsessanchez/gists{/gist_id}', 'starred_url': 'https://api.github.com/users/ramsessanchez/starred{/owner}{/repo}', 'subscriptions_url': 'https://api.github.com/users/ramsessanchez/subscriptions', 'organizations_url': 'https://api.github.com/users/ramsessanchez/orgs', 'repos_url': 'https://api.github.com/users/ramsessanchez/repos', 'events_url': 'https://api.github.com/users/ramsessanchez/events{/privacy}', 'received_events_url': 'https://api.github.com/users/ramsessanchez/received_events', 'type': 'User', 'site_admin': False}, 'body': ""Noticed that the diff report was not being uploaded for this repo. Added the always condition to be in line with the Beta repo, thus it should now always upload a diff report.\r\n\r\n<!-- Read me before you submit this pull request\r\n\r\nFirst off, thank you for opening this pull request! We do appreciate it.\r\n\r\nThe requests and models for this client library are generated. We won't be accepting pull requests for those code files. With that said, we do appreciate\r\nit when you open pull requests with the proposed file changes, as we'll use that to help guide us in updating our template files.\r\n\r\n-->\r\n\r\n<!-- Optional. Set the issues that this pull request fixes. Delete 'Fixes #' if there isn't an issue associated with this pull request. -->\r\nFixes #\r\n\r\n<!-- Required. Provide specifics about what the changes are and why you're proposing these changes. -->\r\n### Changes proposed in this pull request\r\n-\r\n\r\n<!-- Optional. Provide related links. This might be other pull requests, code files, StackOverflow posts. Delete this section if it is not used. -->\r\n### Other links\r\n\r\n<!-- Is this PR adding a new hand crafted extension class? If so, please update $filesThatShouldNotBeDeleted variable in .azure-pipelines/generate-v1.0-models.yml file, so that it doesn't get deleted by auto generation pipeline.-->\r\n-\r\n"", 'created_at': '2022-03-29T21:45:43Z', 'updated_at': '2022-03-29T21:57:45Z', 'closed_at': '2022-03-29T21:57:44Z', 'merged_at': '2022-03-29T21:57:44Z', 'merge_commit_sha': '34bdcade1a327a29400b21a60be1bc4cdfd7fd88', 'assignee': None, 'assignees': [], 'requested_reviewers': [{'login': 'zengin', 'id': 803311, 'node_id': 'MDQ6VXNlcjgwMzMxMQ==', 'avatar_url': 'https://avatars.githubusercontent.com/u/803311?v=4', 'gravatar_id': '', 'url': 'https://api.github.com/users/zengin', 'html_url': 'https://github.com/zengin', 'followers_url': 'https://api.github.com/users/zengin/followers', 'following_url': 'https://api.github.com/users/zengin/following{/other_user}', 'gists_url': 'https://api.github.com/users/zengin/gists{/gist_id}', 'starred_url': 'https://api.github.com/users/zengin/starred{/owner}{/repo}', 'subscriptions_url': 'https://api.github.com/users/zengin/subscriptions', 'organizations_url': 'https://api.github.com/users/zengin/orgs', 'repos_url': 'https://api.github.com/users/zengin/repos', 'events_url': 'https://api.github.com/users/zengin/events{/privacy}', 'received_events_url': 'https://api.github.com/users/zengin/received_events', 'type': 'User', 'site_admin': False}, {'login': 'baywet', 'id': 7905502, 'node_id': 'MDQ6VXNlcjc5MDU1MDI=', 'avatar_url': 'https://avatars.githubusercontent.com/u/7905502?v=4', 'gravatar_id': '', 'url': 'https://api.github.com/users/baywet', 'html_url': 'https://github.com/baywet', 'followers_url': 'https://api.github.com/users/baywet/followers', 'following_url': 'https://api.github.com/users/baywet/following{/other_user}', 'gists_url': 'https://api.github.com/users/baywet/gists{/gist_id}', 'starred_url': 'https://api.github.com/users/baywet/starred{/owner}{/repo}', 'subscriptions_url': 'https://api.github.com/users/baywet/subscriptions', 'organizations_url': 'https://api.github.com/users/baywet/orgs', 'repos_url': 'https://api.github.com/users/baywet/repos', 'events_url': 'https://api.github.com/users/baywet/events{/privacy}', 'received_events_url': 'https://api.github.com/users/baywet/received_events', 'type': 'User', 'site_admin': False}, {'login': 'ddyett', 'id': 20829981, 'node_id': 'MDQ6VXNlcjIwODI5OTgx', 'avatar_url': 'https://avatars.githubusercontent.com/u/20829981?v=4', 'gravatar_id': '', 'url': 'https://api.github.com/users/ddyett', 'html_url': 'https://github.com/ddyett', 'followers_url': 'https://api.github.com/users/ddyett/followers', 'following_url': 'https://api.github.com/users/ddyett/following{/other_user}', 'gists_url': 'https://api.github.com/users/ddyett/gists{/gist_id}', 'starred_url': 'https://api.github.com/users/ddyett/starred{/owner}{/repo}', 'subscriptions_url': 'https://api.github.com/users/ddyett/subscriptions', 'organizations_url': 'https://api.github.com/users/ddyett/orgs', 'repos_url': 'https://api.github.com/users/ddyett/repos', 'events_url': 'https://api.github.com/users/ddyett/events{/privacy}', 'received_events_url': 'https://api.github.com/users/ddyett/received_events', 'type': 'User', 'site_admin': False}, {'login': 'nikithauc', 'id': 23219007, 'node_id': 'MDQ6VXNlcjIzMjE5MDA3', 'avatar_url': 'https://avatars.githubusercontent.com/u/23219007?v=4', 'gravatar_id': '', 'url': 'https://api.github.com/users/nikithauc', 'html_url': 'https://github.com/nikithauc', 'followers_url': 'https://api.github.com/users/nikithauc/followers', 'following_url': 'https://api.github.com/users/nikithauc/following{/other_user}', 'gists_url': 'https://api.github.com/users/nikithauc/gists{/gist_id}', 'starred_url': 'https://api.github.com/users/nikithauc/starred{/owner}{/repo}', 'subscriptions_url': 'https://api.github.com/users/nikithauc/subscriptions', 'organizations_url': 'https://api.github.com/users/nikithauc/orgs', 'repos_url': 'https://api.github.com/users/nikithauc/repos', 'events_url': 'https://api.github.com/users/nikithauc/events{/privacy}', 'received_events_url': 'https://api.github.com/users/nikithauc/received_events', 'type': 'User', 'site_admin': False}], 'requested_teams': [], 'labels': [], 'milestone': None, 'draft': False, 'commits_url': 'https://api.github.com/repos/microsoftgraph/msgraph-sdk-java/pulls/1036/commits', 'review_comments_url': 'https://api.github.com/repos/microsoftgraph/msgraph-sdk-java/pulls/1036/comments', 'review_comment_url': 'https://api.github.com/repos/microsoftgraph/msgraph-sdk-java/pulls/comments{/number}', 'comments_url': 'https://api.github.com/repos/microsoftgraph/msgraph-sdk-java/issues/1036/comments', 'statuses_url': 'https://api.github.com/repos/microsoftgraph/msgraph-sdk-java/statuses/15f1bca8552725e5ff43c5ea1f7a0ff052e167f8', 'head': {'label': 'microsoftgraph:ramsessanchez-diffPatch', 'ref': 'ramsessanchez-diffPatch', 'sha': '15f1bca8552725e5ff43c5ea1f7a0ff052e167f8', 'user': {'login': 'microsoftgraph', 'id': 17304259, 'node_id': 'MDEyOk9yZ2FuaXphdGlvbjE3MzA0MjU5', 'avatar_url': 'https://avatars.githubusercontent.com/u/17304259?v=4', 'gravatar_id': '', 'url': 'https://api.github.com/users/microsoftgraph', 'html_url': 'https://github.com/microsoftgraph', 'followers_url': 'https://api.github.com/users/microsoftgraph/followers', 'following_url': 'https://api.github.com/users/microsoftgraph/following{/other_user}', 'gists_url': 'https://api.github.com/users/microsoftgraph/gists{/gist_id}', 'starred_url': 'https://api.github.com/users/microsoftgraph/starred{/owner}{/repo}', 'subscriptions_url': 'https://api.github.com/users/microsoftgraph/subscriptions', 'organizations_url': 'https://api.github.com/users/microsoftgraph/orgs', 'repos_url': 'https://api.github.com/users/microsoftgraph/repos', 'events_url': 'https://api.github.com/users/microsoftgraph/events{/privacy}', 'received_events_url': 'https://api.github.com/users/microsoftgraph/received_events', 'type': 'Organization', 'site_admin': False}, 'repo': {'id': 103300409, 'node_id': 'MDEwOlJlcG9zaXRvcnkxMDMzMDA0MDk=', 'name': 'msgraph-sdk-java', 'full_name': 'microsoftgraph/msgraph-sdk-java', 'private': False, 'owner': {'login': 'microsoftgraph', 'id': 17304259, 'node_id': 'MDEyOk9yZ2FuaXphdGlvbjE3MzA0MjU5', 'avatar_url': 'https://avatars.githubusercontent.com/u/17304259?v=4', 'gravatar_id': '', 'url': 'https://api.github.com/users/microsoftgraph', 'html_url': 'https://github.com/microsoftgraph', 'followers_url': 'https://api.github.com/users/microsoftgraph/followers', 'following_url': 'https://api.github.com/users/microsoftgraph/following{/other_user}', 'gists_url': 'https://api.github.com/users/microsoftgraph/gists{/gist_id}', 'starred_url': 'https://api.github.com/users/microsoftgraph/starred{/owner}{/repo}', 'subscriptions_url': 'https://api.github.com/users/microsoftgraph/subscriptions', 'organizations_url': 'https://api.github.com/users/microsoftgraph/orgs', 'repos_url': 'https://api.github.com/users/microsoftgraph/repos', 'events_url': 'https://api.github.com/users/microsoftgraph/events{/privacy}', 'received_events_url': 'https://api.github.com/users/microsoftgraph/received_events', 'type': 'Organization', 'site_admin': False}, 'html_url': 'https://github.com/microsoftgraph/msgraph-sdk-java', 'description': 'Microsoft Graph SDK for Java', 'fork': False, 'url': 'https://api.github.com/repos/microsoftgraph/msgraph-sdk-java', 'forks_url': 'https://api.github.com/repos/microsoftgraph/msgraph-sdk-java/forks', 'keys_url': 'https://api.github.com/repos/microsoftgraph/msgraph-sdk-java/keys{/key_id}', 'collaborators_url': 'https://api.github.com/repos/microsoftgraph/msgraph-sdk-java/collaborators{/collaborator}', 'teams_url': 'https://api.github.com/repos/microsoftgraph/msgraph-sdk-java/teams', 'hooks_url': 'https://api.github.com/repos/microsoftgraph/msgraph-sdk-java/hooks', 'issue_events_url': 'https://api.github.com/repos/microsoftgraph/msgraph-sdk-java/issues/events{/number}', 'events_url': 'https://api.github.com/repos/microsoftgraph/msgraph-sdk-java/events', 'assignees_url': 'https://api.github.com/repos/microsoftgraph/msgraph-sdk-java/assignees{/user}', 'branches_url': 'https://api.github.com/repos/microsoftgraph/msgraph-sdk-java/branches{/branch}', 'tags_url': 'https://api.github.com/repos/microsoftgraph/msgraph-sdk-java/tags', 'blobs_url': 'https://api.github.com/repos/microsoftgraph/msgraph-sdk-java/git/blobs{/sha}', 'git_tags_url': 'https://api.github.com/repos/microsoftgraph/msgraph-sdk-java/git/tags{/sha}', 'git_refs_url': 'https://api.github.com/repos/microsoftgraph/msgraph-sdk-java/git/refs{/sha}', 'trees_url': 'https://api.github.com/repos/microsoftgraph/msgraph-sdk-java/git/trees{/sha}', 'statuses_url': 'https://api.github.com/repos/microsoftgraph/msgraph-sdk-java/statuses/{sha}', 'languages_url': 'https://api.github.com/repos/microsoftgraph/msgraph-sdk-java/languages', 'stargazers_url': 'https://api.github.com/repos/microsoftgraph/msgraph-sdk-java/stargazers', 'contributors_url': 'https://api.github.com/repos/microsoftgraph/msgraph-sdk-java/contributors', 'subscribers_url': 'https://api.github.com/repos/microsoftgraph/msgraph-sdk-java/subscribers', 'subscription_url': 'https://api.github.com/repos/microsoftgraph/msgraph-sdk-java/subscription', 'commits_url': 'https://api.github.com/repos/microsoftgraph/msgraph-sdk-java/commits{/sha}', 'git_commits_url': 'https://api.github.com/repos/microsoftgraph/msgraph-sdk-java/git/commits{/sha}', 'comments_url': 'https://api.github.com/repos/microsoftgraph/msgraph-sdk-java/comments{/number}', 'issue_comment_url': 'https://api.github.com/repos/microsoftgraph/msgraph-sdk-java/issues/comments{/number}', 'contents_url': 'https://api.github.com/repos/microsoftgraph/msgraph-sdk-java/contents/{+path}', 'compare_url': 'https://api.github.com/repos/microsoftgraph/msgraph-sdk-java/compare/{base}...{head}', 'merges_url': 'https://api.github.com/repos/microsoftgraph/msgraph-sdk-java/merges', 'archive_url': 'https://api.github.com/repos/microsoftgraph/msgraph-sdk-java/{archive_format}{/ref}', 'downloads_url': 'https://api.github.com/repos/microsoftgraph/msgraph-sdk-java/downloads', 'issues_url': 'https://api.github.com/repos/microsoftgraph/msgraph-sdk-java/issues{/number}', 'pulls_url': 'https://api.github.com/repos/microsoftgraph/msgraph-sdk-java/pulls{/number}', 'milestones_url': 'https://api.github.com/repos/microsoftgraph/msgraph-sdk-java/milestones{/number}', 'notifications_url': 'https://api.github.com/repos/microsoftgraph/msgraph-sdk-java/notifications{?since,all,participating}', 'labels_url': 'https://api.github.com/repos/microsoftgraph/msgraph-sdk-java/labels{/name}', 'releases_url': 'https://api.github.com/repos/microsoftgraph/msgraph-sdk-java/releases{/id}', 'deployments_url': 'https://api.github.com/repos/microsoftgraph/msgraph-sdk-java/deployments', 'created_at': '2017-09-12T17:20:15Z', 'updated_at': '2022-03-04T17:20:01Z', 'pushed_at': '2022-03-29T21:57:44Z', 'git_url': 'git://github.com/microsoftgraph/msgraph-sdk-java.git', 'ssh_url': 'git@github.com:microsoftgraph/msgraph-sdk-java.git', 'clone_url': 'https://github.com/microsoftgraph/msgraph-sdk-java.git', 'svn_url': 'https://github.com/microsoftgraph/msgraph-sdk-java', 'homepage': 'https://docs.microsoft.com/en-us/graph/sdks/sdks-overview', 'size': 58850, 'stargazers_count': 244, 'watchers_count': 244, 'language': 'Java', 'has_issues': True, 'has_projects': True, 'has_downloads': True, 'has_wiki': False, 'has_pages': False, 'forks_count': 100, 'mirror_url': None, 'archived': False, 'disabled': False, 'open_issues_count': 5, 'license': {'key': 'mit', 'name': 'MIT License', 'spdx_id': 'MIT', 'url': 'https://api.github.com/licenses/mit', 'node_id': 'MDc6TGljZW5zZTEz'}, 'allow_forking': True, 'is_template': False, 'topics': ['java', 'microsoft-graph', 'microsoft-graph-sdk', 'sdk'], 'visibility': 'public', 'forks': 100, 'open_issues': 5, 'watchers': 244, 'default_branch': 'dev'}}, 'base': {'label': 'microsoftgraph:dev', 'ref': 'dev', 'sha': 'c031256abde6c2d268063c613c19c76ad329b9e6', 'user': {'login': 'microsoftgraph', 'id': 17304259, 'node_id': 'MDEyOk9yZ2FuaXphdGlvbjE3MzA0MjU5', 'avatar_url': 'https://avatars.githubusercontent.com/u/17304259?v=4', 'gravatar_id': '', 'url': 'https://api.github.com/users/microsoftgraph', 'html_url': 'https://github.com/microsoftgraph', 'followers_url': 'https://api.github.com/users/microsoftgraph/followers', 'following_url': 'https://api.github.com/users/microsoftgraph/following{/other_user}', 'gists_url': 'https://api.github.com/users/microsoftgraph/gists{/gist_id}', 'starred_url': 'https://api.github.com/users/microsoftgraph/starred{/owner}{/repo}', 'subscriptions_url': 'https://api.github.com/users/microsoftgraph/subscriptions', 'organizations_url': 'https://api.github.com/users/microsoftgraph/orgs', 'repos_url': 'https://api.github.com/users/microsoftgraph/repos', 'events_url': 'https://api.github.com/users/microsoftgraph/events{/privacy}', 'received_events_url': 'https://api.github.com/users/microsoftgraph/received_events', 'type': 'Organization', 'site_admin': False}, 'repo': {'id': 103300409, 'node_id': 'MDEwOlJlcG9zaXRvcnkxMDMzMDA0MDk=', 'name': 'msgraph-sdk-java', 'full_name': 'microsoftgraph/msgraph-sdk-java', 'private': False, 'owner': {'login': 'microsoftgraph', 'id': 17304259, 'node_id': 'MDEyOk9yZ2FuaXphdGlvbjE3MzA0MjU5', 'avatar_url': 'https://avatars.githubusercontent.com/u/17304259?v=4', 'gravatar_id': '', 'url': 'https://api.github.com/users/microsoftgraph', 'html_url': 'https://github.com/microsoftgraph', 'followers_url': 'https://api.github.com/users/microsoftgraph/followers', 'following_url': 'https://api.github.com/users/microsoftgraph/following{/other_user}', 'gists_url': 'https://api.github.com/users/microsoftgraph/gists{/gist_id}', 'starred_url': 'https://api.github.com/users/microsoftgraph/starred{/owner}{/repo}', 'subscriptions_url': 'https://api.github.com/users/microsoftgraph/subscriptions', 'organizations_url': 'https://api.github.com/users/microsoftgraph/orgs', 'repos_url': 'https://api.github.com/users/microsoftgraph/repos', 'events_url': 'https://api.github.com/users/microsoftgraph/events{/privacy}', 'received_events_url': 'https://api.github.com/users/microsoftgraph/received_events', 'type': 'Organization', 'site_admin': False}, 'html_url': 'https://github.com/microsoftgraph/msgraph-sdk-java', 'description': 'Microsoft Graph SDK for Java', 'fork': False, 'url': 'https://api.github.com/repos/microsoftgraph/msgraph-sdk-java', 'forks_url': 'https://api.github.com/repos/microsoftgraph/msgraph-sdk-java/forks', 'keys_url': 'https://api.github.com/repos/microsoftgraph/msgraph-sdk-java/keys{/key_id}', 'collaborators_url': 'https://api.github.com/repos/microsoftgraph/msgraph-sdk-java/collaborators{/collaborator}', 'teams_url': 'https://api.github.com/repos/microsoftgraph/msgraph-sdk-java/teams', 'hooks_url': 'https://api.github.com/repos/microsoftgraph/msgraph-sdk-java/hooks', 'issue_events_url': 'https://api.github.com/repos/microsoftgraph/msgraph-sdk-java/issues/events{/number}', 'events_url': 'https://api.github.com/repos/microsoftgraph/msgraph-sdk-java/events', 'assignees_url': 'https://api.github.com/repos/microsoftgraph/msgraph-sdk-java/assignees{/user}', 'branches_url': 'https://api.github.com/repos/microsoftgraph/msgraph-sdk-java/branches{/branch}', 'tags_url': 'https://api.github.com/repos/microsoftgraph/msgraph-sdk-java/tags', 'blobs_url': 'https://api.github.com/repos/microsoftgraph/msgraph-sdk-java/git/blobs{/sha}', 'git_tags_url': 'https://api.github.com/repos/microsoftgraph/msgraph-sdk-java/git/tags{/sha}', 'git_refs_url': 'https://api.github.com/repos/microsoftgraph/msgraph-sdk-java/git/refs{/sha}', 'trees_url': 'https://api.github.com/repos/microsoftgraph/msgraph-sdk-java/git/trees{/sha}', 'statuses_url': 'https://api.github.com/repos/microsoftgraph/msgraph-sdk-java/statuses/{sha}', 'languages_url': 'https://api.github.com/repos/microsoftgraph/msgraph-sdk-java/languages', 'stargazers_url': 'https://api.github.com/repos/microsoftgraph/msgraph-sdk-java/stargazers', 'contributors_url': 'https://api.github.com/repos/microsoftgraph/msgraph-sdk-java/contributors', 'subscribers_url': 'https://api.github.com/repos/microsoftgraph/msgraph-sdk-java/subscribers', 'subscription_url': 'https://api.github.com/repos/microsoftgraph/msgraph-sdk-java/subscription', 'commits_url': 'https://api.github.com/repos/microsoftgraph/msgraph-sdk-java/commits{/sha}', 'git_commits_url': 'https://api.github.com/repos/microsoftgraph/msgraph-sdk-java/git/commits{/sha}', 'comments_url': 'https://api.github.com/repos/microsoftgraph/msgraph-sdk-java/comments{/number}', 'issue_comment_url': 'https://api.github.com/repos/microsoftgraph/msgraph-sdk-java/issues/comments{/number}', 'contents_url': 'https://api.github.com/repos/microsoftgraph/msgraph-sdk-java/contents/{+path}', 'compare_url': 'https://api.github.com/repos/microsoftgraph/msgraph-sdk-java/compare/{base}...{head}', 'merges_url': 'https://api.github.com/repos/microsoftgraph/msgraph-sdk-java/merges', 'archive_url': 'https://api.github.com/repos/microsoftgraph/msgraph-sdk-java/{archive_format}{/ref}', 'downloads_url': 'https://api.github.com/repos/microsoftgraph/msgraph-sdk-java/downloads', 'issues_url': 'https://api.github.com/repos/microsoftgraph/msgraph-sdk-java/issues{/number}', 'pulls_url': 'https://api.github.com/repos/microsoftgraph/msgraph-sdk-java/pulls{/number}', 'milestones_url': 'https://api.github.com/repos/microsoftgraph/msgraph-sdk-java/milestones{/number}', 'notifications_url': 'https://api.github.com/repos/microsoftgraph/msgraph-sdk-java/notifications{?since,all,participating}', 'labels_url': 'https://api.github.com/repos/microsoftgraph/msgraph-sdk-java/labels{/name}', 'releases_url': 'https://api.github.com/repos/microsoftgraph/msgraph-sdk-java/releases{/id}', 'deployments_url': 'https://api.github.com/repos/microsoftgraph/msgraph-sdk-java/deployments', 'created_at': '2017-09-12T17:20:15Z', 'updated_at': '2022-03-04T17:20:01Z', 'pushed_at': '2022-03-29T21:57:44Z', 'git_url': 'git://github.com/microsoftgraph/msgraph-sdk-java.git', 'ssh_url': 'git@github.com:microsoftgraph/msgraph-sdk-java.git', 'clone_url': 'https://github.com/microsoftgraph/msgraph-sdk-java.git', 'svn_url': 'https://github.com/microsoftgraph/msgraph-sdk-java', 'homepage': 'https://docs.microsoft.com/en-us/graph/sdks/sdks-overview', 'size': 58850, 'stargazers_count': 244, 'watchers_count': 244, 'language': 'Java', 'has_issues': True, 'has_projects': True, 'has_downloads': True, 'has_wiki': False, 'has_pages': False, 'forks_count': 100, 'mirror_url': None, 'archived': False, 'disabled': False, 'open_issues_count': 5, 'license': {'key': 'mit', 'name': 'MIT License', 'spdx_id': 'MIT', 'url': 'https://api.github.com/licenses/mit', 'node_id': 'MDc6TGljZW5zZTEz'}, 'allow_forking': True, 'is_template': False, 'topics': ['java', 'microsoft-graph', 'microsoft-graph-sdk', 'sdk'], 'visibility': 'public', 'forks': 100, 'open_issues': 5, 'watchers': 244, 'default_branch': 'dev'}}, '_links': {'self': {'href': 'https://api.github.com/repos/microsoftgraph/msgraph-sdk-java/pulls/1036'}, 'html': {'href': 'https://github.com/microsoftgraph/msgraph-sdk-java/pull/1036'}, 'issue': {'href': 'https://api.github.com/repos/microsoftgraph/msgraph-sdk-java/issues/1036'}, 'comments': {'href': 'https://api.github.com/repos/microsoftgraph/msgraph-sdk-java/issues/1036/comments'}, 'review_comments': {'href': 'https://api.github.com/repos/microsoftgraph/msgraph-sdk-java/pulls/1036/comments'}, 'review_comment': {'href': 'https://api.github.com/repos/microsoftgraph/msgraph-sdk-java/pulls/comments{/number}'}, 'commits': {'href': 'https://api.github.com/repos/microsoftgraph/msgraph-sdk-java/pulls/1036/commits'}, 'statuses': {'href': 'https://api.github.com/repos/microsoftgraph/msgraph-sdk-java/statuses/15f1bca8552725e5ff43c5ea1f7a0ff052e167f8'}}, 'author_association': 'CONTRIBUTOR', 'auto_merge': {'enabled_by': {'login': 'ramsessanchez', 'id': 63934382, 'node_id': 'MDQ6VXNlcjYzOTM0Mzgy', 'avatar_url': 'https://avatars.githubusercontent.com/u/63934382?v=4', 'gravatar_id': '', 'url': 'https://api.github.com/users/ramsessanchez', 'html_url': 'https://github.com/ramsessanchez', 'followers_url': 'https://api.github.com/users/ramsessanchez/followers', 'following_url': 'https://api.github.com/users/ramsessanchez/following{/other_user}', 'gists_url': 'https://api.github.com/users/ramsessanchez/gists{/gist_id}', 'starred_url': 'https://api.github.com/users/ramsessanchez/starred{/owner}{/repo}', 'subscriptions_url': 'https://api.github.com/users/ramsessanchez/subscriptions', 'organizations_url': 'https://api.github.com/users/ramsessanchez/orgs', 'repos_url': 'https://api.github.com/users/ramsessanchez/repos', 'events_url': 'https://api.github.com/users/ramsessanchez/events{/privacy}', 'received_events_url': 'https://api.github.com/users/ramsessanchez/received_events', 'type': 'User', 'site_admin': False}, 'merge_method': 'merge', 'commit_title': 'Merge pull request #1036 from microsoftgraph/ramsessanchez-diffPatch', 'commit_message': 'Updating Build action'}, 'active_lock_reason': None, 'merged': True, 'mergeable': None, 'rebaseable': None, 'mergeable_state': 'unknown', 'merged_by': {'login': 'ramsessanchez', 'id': 63934382, 'node_id': 'MDQ6VXNlcjYzOTM0Mzgy', 'avatar_url': 'https://avatars.githubusercontent.com/u/63934382?v=4', 'gravatar_id': '', 'url': 'https://api.github.com/users/ramsessanchez', 'html_url': 'https://github.com/ramsessanchez', 'followers_url': 'https://api.github.com/users/ramsessanchez/followers', 'following_url': 'https://api.github.com/users/ramsessanchez/following{/other_user}', 'gists_url': 'https://api.github.com/users/ramsessanchez/gists{/gist_id}', 'starred_url': 'https://api.github.com/users/ramsessanchez/starred{/owner}{/repo}', 'subscriptions_url': 'https://api.github.com/users/ramsessanchez/subscriptions', 'organizations_url': 'https://api.github.com/users/ramsessanchez/orgs', 'repos_url': 'https://api.github.com/users/ramsessanchez/repos', 'events_url': 'https://api.github.com/users/ramsessanchez/events{/privacy}', 'received_events_url': 'https://api.github.com/users/ramsessanchez/received_events', 'type': 'User', 'site_admin': False}, 'comments': 0, 'review_comments': 0, 'maintainer_can_modify': False, 'commits': 1, 'additions': 1, 'deletions': 0, 'changed_files': 1}}",closed,Java
21005167061,PullRequestEvent,microsoftgraph/msgraph-sdk-java,0.0,2022-03-29T21:45:44Z,"{'action': 'opened', 'number': 1036, 'pull_request': {'url': 'https://api.github.com/repos/microsoftgraph/msgraph-sdk-java/pulls/1036', 'id': 893558851, 'node_id': 'PR_kwDOBig9Oc41QqBD', 'html_url': 'https://github.com/microsoftgraph/msgraph-sdk-java/pull/1036', 'diff_url': 'https://github.com/microsoftgraph/msgraph-sdk-java/pull/1036.diff', 'patch_url': 'https://github.com/microsoftgraph/msgraph-sdk-java/pull/1036.patch', 'issue_url': 'https://api.github.com/repos/microsoftgraph/msgraph-sdk-java/issues/1036', 'number': 1036, 'state': 'open', 'locked': False, 'title': 'Updating Build action', 'user': {'login': 'ramsessanchez', 'id': 63934382, 'node_id': 'MDQ6VXNlcjYzOTM0Mzgy', 'avatar_url': 'https://avatars.githubusercontent.com/u/63934382?v=4', 'gravatar_id': '', 'url': 'https://api.github.com/users/ramsessanchez', 'html_url': 'https://github.com/ramsessanchez', 'followers_url': 'https://api.github.com/users/ramsessanchez/followers', 'following_url': 'https://api.github.com/users/ramsessanchez/following{/other_user}', 'gists_url': 'https://api.github.com/users/ramsessanchez/gists{/gist_id}', 'starred_url': 'https://api.github.com/users/ramsessanchez/starred{/owner}{/repo}', 'subscriptions_url': 'https://api.github.com/users/ramsessanchez/subscriptions', 'organizations_url': 'https://api.github.com/users/ramsessanchez/orgs', 'repos_url': 'https://api.github.com/users/ramsessanchez/repos', 'events_url': 'https://api.github.com/users/ramsessanchez/events{/privacy}', 'received_events_url': 'https://api.github.com/users/ramsessanchez/received_events', 'type': 'User', 'site_admin': False}, 'body': ""Noticed that the diff report was not being uploaded for this repo. Added the always condition to be in line with the Beta repo, thus it should now always upload a diff report.\r\n\r\n<!-- Read me before you submit this pull request\r\n\r\nFirst off, thank you for opening this pull request! We do appreciate it.\r\n\r\nThe requests and models for this client library are generated. We won't be accepting pull requests for those code files. With that said, we do appreciate\r\nit when you open pull requests with the proposed file changes, as we'll use that to help guide us in updating our template files.\r\n\r\n-->\r\n\r\n<!-- Optional. Set the issues that this pull request fixes. Delete 'Fixes #' if there isn't an issue associated with this pull request. -->\r\nFixes #\r\n\r\n<!-- Required. Provide specifics about what the changes are and why you're proposing these changes. -->\r\n### Changes proposed in this pull request\r\n-\r\n\r\n<!-- Optional. Provide related links. This might be other pull requests, code files, StackOverflow posts. Delete this section if it is not used. -->\r\n### Other links\r\n\r\n<!-- Is this PR adding a new hand crafted extension class? If so, please update $filesThatShouldNotBeDeleted variable in .azure-pipelines/generate-v1.0-models.yml file, so that it doesn't get deleted by auto generation pipeline.-->\r\n-\r\n"", 'created_at': '2022-03-29T21:45:43Z', 'updated_at': '2022-03-29T21:45:43Z', 'closed_at': None, 'merged_at': None, 'merge_commit_sha': None, 'assignee': None, 'assignees': [], 'requested_reviewers': [], 'requested_teams': [], 'labels': [], 'milestone': None, 'draft': False, 'commits_url': 'https://api.github.com/repos/microsoftgraph/msgraph-sdk-java/pulls/1036/commits', 'review_comments_url': 'https://api.github.com/repos/microsoftgraph/msgraph-sdk-java/pulls/1036/comments', 'review_comment_url': 'https://api.github.com/repos/microsoftgraph/msgraph-sdk-java/pulls/comments{/number}', 'comments_url': 'https://api.github.com/repos/microsoftgraph/msgraph-sdk-java/issues/1036/comments', 'statuses_url': 'https://api.github.com/repos/microsoftgraph/msgraph-sdk-java/statuses/15f1bca8552725e5ff43c5ea1f7a0ff052e167f8', 'head': {'label': 'microsoftgraph:ramsessanchez-diffPatch', 'ref': 'ramsessanchez-diffPatch', 'sha': '15f1bca8552725e5ff43c5ea1f7a0ff052e167f8', 'user': {'login': 'microsoftgraph', 'id': 17304259, 'node_id': 'MDEyOk9yZ2FuaXphdGlvbjE3MzA0MjU5', 'avatar_url': 'https://avatars.githubusercontent.com/u/17304259?v=4', 'gravatar_id': '', 'url': 'https://api.github.com/users/microsoftgraph', 'html_url': 'https://github.com/microsoftgraph', 'followers_url': 'https://api.github.com/users/microsoftgraph/followers', 'following_url': 'https://api.github.com/users/microsoftgraph/following{/other_user}', 'gists_url': 'https://api.github.com/users/microsoftgraph/gists{/gist_id}', 'starred_url': 'https://api.github.com/users/microsoftgraph/starred{/owner}{/repo}', 'subscriptions_url': 'https://api.github.com/users/microsoftgraph/subscriptions', 'organizations_url': 'https://api.github.com/users/microsoftgraph/orgs', 'repos_url': 'https://api.github.com/users/microsoftgraph/repos', 'events_url': 'https://api.github.com/users/microsoftgraph/events{/privacy}', 'received_events_url': 'https://api.github.com/users/microsoftgraph/received_events', 'type': 'Organization', 'site_admin': False}, 'repo': {'id': 103300409, 'node_id': 'MDEwOlJlcG9zaXRvcnkxMDMzMDA0MDk=', 'name': 'msgraph-sdk-java', 'full_name': 'microsoftgraph/msgraph-sdk-java', 'private': False, 'owner': {'login': 'microsoftgraph', 'id': 17304259, 'node_id': 'MDEyOk9yZ2FuaXphdGlvbjE3MzA0MjU5', 'avatar_url': 'https://avatars.githubusercontent.com/u/17304259?v=4', 'gravatar_id': '', 'url': 'https://api.github.com/users/microsoftgraph', 'html_url': 'https://github.com/microsoftgraph', 'followers_url': 'https://api.github.com/users/microsoftgraph/followers', 'following_url': 'https://api.github.com/users/microsoftgraph/following{/other_user}', 'gists_url': 'https://api.github.com/users/microsoftgraph/gists{/gist_id}', 'starred_url': 'https://api.github.com/users/microsoftgraph/starred{/owner}{/repo}', 'subscriptions_url': 'https://api.github.com/users/microsoftgraph/subscriptions', 'organizations_url': 'https://api.github.com/users/microsoftgraph/orgs', 'repos_url': 'https://api.github.com/users/microsoftgraph/repos', 'events_url': 'https://api.github.com/users/microsoftgraph/events{/privacy}', 'received_events_url': 'https://api.github.com/users/microsoftgraph/received_events', 'type': 'Organization', 'site_admin': False}, 'html_url': 'https://github.com/microsoftgraph/msgraph-sdk-java', 'description': 'Microsoft Graph SDK for Java', 'fork': False, 'url': 'https://api.github.com/repos/microsoftgraph/msgraph-sdk-java', 'forks_url': 'https://api.github.com/repos/microsoftgraph/msgraph-sdk-java/forks', 'keys_url': 'https://api.github.com/repos/microsoftgraph/msgraph-sdk-java/keys{/key_id}', 'collaborators_url': 'https://api.github.com/repos/microsoftgraph/msgraph-sdk-java/collaborators{/collaborator}', 'teams_url': 'https://api.github.com/repos/microsoftgraph/msgraph-sdk-java/teams', 'hooks_url': 'https://api.github.com/repos/microsoftgraph/msgraph-sdk-java/hooks', 'issue_events_url': 'https://api.github.com/repos/microsoftgraph/msgraph-sdk-java/issues/events{/number}', 'events_url': 'https://api.github.com/repos/microsoftgraph/msgraph-sdk-java/events', 'assignees_url': 'https://api.github.com/repos/microsoftgraph/msgraph-sdk-java/assignees{/user}', 'branches_url': 'https://api.github.com/repos/microsoftgraph/msgraph-sdk-java/branches{/branch}', 'tags_url': 'https://api.github.com/repos/microsoftgraph/msgraph-sdk-java/tags', 'blobs_url': 'https://api.github.com/repos/microsoftgraph/msgraph-sdk-java/git/blobs{/sha}', 'git_tags_url': 'https://api.github.com/repos/microsoftgraph/msgraph-sdk-java/git/tags{/sha}', 'git_refs_url': 'https://api.github.com/repos/microsoftgraph/msgraph-sdk-java/git/refs{/sha}', 'trees_url': 'https://api.github.com/repos/microsoftgraph/msgraph-sdk-java/git/trees{/sha}', 'statuses_url': 'https://api.github.com/repos/microsoftgraph/msgraph-sdk-java/statuses/{sha}', 'languages_url': 'https://api.github.com/repos/microsoftgraph/msgraph-sdk-java/languages', 'stargazers_url': 'https://api.github.com/repos/microsoftgraph/msgraph-sdk-java/stargazers', 'contributors_url': 'https://api.github.com/repos/microsoftgraph/msgraph-sdk-java/contributors', 'subscribers_url': 'https://api.github.com/repos/microsoftgraph/msgraph-sdk-java/subscribers', 'subscription_url': 'https://api.github.com/repos/microsoftgraph/msgraph-sdk-java/subscription', 'commits_url': 'https://api.github.com/repos/microsoftgraph/msgraph-sdk-java/commits{/sha}', 'git_commits_url': 'https://api.github.com/repos/microsoftgraph/msgraph-sdk-java/git/commits{/sha}', 'comments_url': 'https://api.github.com/repos/microsoftgraph/msgraph-sdk-java/comments{/number}', 'issue_comment_url': 'https://api.github.com/repos/microsoftgraph/msgraph-sdk-java/issues/comments{/number}', 'contents_url': 'https://api.github.com/repos/microsoftgraph/msgraph-sdk-java/contents/{+path}', 'compare_url': 'https://api.github.com/repos/microsoftgraph/msgraph-sdk-java/compare/{base}...{head}', 'merges_url': 'https://api.github.com/repos/microsoftgraph/msgraph-sdk-java/merges', 'archive_url': 'https://api.github.com/repos/microsoftgraph/msgraph-sdk-java/{archive_format}{/ref}', 'downloads_url': 'https://api.github.com/repos/microsoftgraph/msgraph-sdk-java/downloads', 'issues_url': 'https://api.github.com/repos/microsoftgraph/msgraph-sdk-java/issues{/number}', 'pulls_url': 'https://api.github.com/repos/microsoftgraph/msgraph-sdk-java/pulls{/number}', 'milestones_url': 'https://api.github.com/repos/microsoftgraph/msgraph-sdk-java/milestones{/number}', 'notifications_url': 'https://api.github.com/repos/microsoftgraph/msgraph-sdk-java/notifications{?since,all,participating}', 'labels_url': 'https://api.github.com/repos/microsoftgraph/msgraph-sdk-java/labels{/name}', 'releases_url': 'https://api.github.com/repos/microsoftgraph/msgraph-sdk-java/releases{/id}', 'deployments_url': 'https://api.github.com/repos/microsoftgraph/msgraph-sdk-java/deployments', 'created_at': '2017-09-12T17:20:15Z', 'updated_at': '2022-03-04T17:20:01Z', 'pushed_at': '2022-03-29T21:45:38Z', 'git_url': 'git://github.com/microsoftgraph/msgraph-sdk-java.git', 'ssh_url': 'git@github.com:microsoftgraph/msgraph-sdk-java.git', 'clone_url': 'https://github.com/microsoftgraph/msgraph-sdk-java.git', 'svn_url': 'https://github.com/microsoftgraph/msgraph-sdk-java', 'homepage': 'https://docs.microsoft.com/en-us/graph/sdks/sdks-overview', 'size': 58850, 'stargazers_count': 244, 'watchers_count': 244, 'language': 'Java', 'has_issues': True, 'has_projects': True, 'has_downloads': True, 'has_wiki': False, 'has_pages': False, 'forks_count': 100, 'mirror_url': None, 'archived': False, 'disabled': False, 'open_issues_count': 6, 'license': {'key': 'mit', 'name': 'MIT License', 'spdx_id': 'MIT', 'url': 'https://api.github.com/licenses/mit', 'node_id': 'MDc6TGljZW5zZTEz'}, 'allow_forking': True, 'is_template': False, 'topics': ['java', 'microsoft-graph', 'microsoft-graph-sdk', 'sdk'], 'visibility': 'public', 'forks': 100, 'open_issues': 6, 'watchers': 244, 'default_branch': 'dev'}}, 'base': {'label': 'microsoftgraph:dev', 'ref': 'dev', 'sha': 'c031256abde6c2d268063c613c19c76ad329b9e6', 'user': {'login': 'microsoftgraph', 'id': 17304259, 'node_id': 'MDEyOk9yZ2FuaXphdGlvbjE3MzA0MjU5', 'avatar_url': 'https://avatars.githubusercontent.com/u/17304259?v=4', 'gravatar_id': '', 'url': 'https://api.github.com/users/microsoftgraph', 'html_url': 'https://github.com/microsoftgraph', 'followers_url': 'https://api.github.com/users/microsoftgraph/followers', 'following_url': 'https://api.github.com/users/microsoftgraph/following{/other_user}', 'gists_url': 'https://api.github.com/users/microsoftgraph/gists{/gist_id}', 'starred_url': 'https://api.github.com/users/microsoftgraph/starred{/owner}{/repo}', 'subscriptions_url': 'https://api.github.com/users/microsoftgraph/subscriptions', 'organizations_url': 'https://api.github.com/users/microsoftgraph/orgs', 'repos_url': 'https://api.github.com/users/microsoftgraph/repos', 'events_url': 'https://api.github.com/users/microsoftgraph/events{/privacy}', 'received_events_url': 'https://api.github.com/users/microsoftgraph/received_events', 'type': 'Organization', 'site_admin': False}, 'repo': {'id': 103300409, 'node_id': 'MDEwOlJlcG9zaXRvcnkxMDMzMDA0MDk=', 'name': 'msgraph-sdk-java', 'full_name': 'microsoftgraph/msgraph-sdk-java', 'private': False, 'owner': {'login': 'microsoftgraph', 'id': 17304259, 'node_id': 'MDEyOk9yZ2FuaXphdGlvbjE3MzA0MjU5', 'avatar_url': 'https://avatars.githubusercontent.com/u/17304259?v=4', 'gravatar_id': '', 'url': 'https://api.github.com/users/microsoftgraph', 'html_url': 'https://github.com/microsoftgraph', 'followers_url': 'https://api.github.com/users/microsoftgraph/followers', 'following_url': 'https://api.github.com/users/microsoftgraph/following{/other_user}', 'gists_url': 'https://api.github.com/users/microsoftgraph/gists{/gist_id}', 'starred_url': 'https://api.github.com/users/microsoftgraph/starred{/owner}{/repo}', 'subscriptions_url': 'https://api.github.com/users/microsoftgraph/subscriptions', 'organizations_url': 'https://api.github.com/users/microsoftgraph/orgs', 'repos_url': 'https://api.github.com/users/microsoftgraph/repos', 'events_url': 'https://api.github.com/users/microsoftgraph/events{/privacy}', 'received_events_url': 'https://api.github.com/users/microsoftgraph/received_events', 'type': 'Organization', 'site_admin': False}, 'html_url': 'https://github.com/microsoftgraph/msgraph-sdk-java', 'description': 'Microsoft Graph SDK for Java', 'fork': False, 'url': 'https://api.github.com/repos/microsoftgraph/msgraph-sdk-java', 'forks_url': 'https://api.github.com/repos/microsoftgraph/msgraph-sdk-java/forks', 'keys_url': 'https://api.github.com/repos/microsoftgraph/msgraph-sdk-java/keys{/key_id}', 'collaborators_url': 'https://api.github.com/repos/microsoftgraph/msgraph-sdk-java/collaborators{/collaborator}', 'teams_url': 'https://api.github.com/repos/microsoftgraph/msgraph-sdk-java/teams', 'hooks_url': 'https://api.github.com/repos/microsoftgraph/msgraph-sdk-java/hooks', 'issue_events_url': 'https://api.github.com/repos/microsoftgraph/msgraph-sdk-java/issues/events{/number}', 'events_url': 'https://api.github.com/repos/microsoftgraph/msgraph-sdk-java/events', 'assignees_url': 'https://api.github.com/repos/microsoftgraph/msgraph-sdk-java/assignees{/user}', 'branches_url': 'https://api.github.com/repos/microsoftgraph/msgraph-sdk-java/branches{/branch}', 'tags_url': 'https://api.github.com/repos/microsoftgraph/msgraph-sdk-java/tags', 'blobs_url': 'https://api.github.com/repos/microsoftgraph/msgraph-sdk-java/git/blobs{/sha}', 'git_tags_url': 'https://api.github.com/repos/microsoftgraph/msgraph-sdk-java/git/tags{/sha}', 'git_refs_url': 'https://api.github.com/repos/microsoftgraph/msgraph-sdk-java/git/refs{/sha}', 'trees_url': 'https://api.github.com/repos/microsoftgraph/msgraph-sdk-java/git/trees{/sha}', 'statuses_url': 'https://api.github.com/repos/microsoftgraph/msgraph-sdk-java/statuses/{sha}', 'languages_url': 'https://api.github.com/repos/microsoftgraph/msgraph-sdk-java/languages', 'stargazers_url': 'https://api.github.com/repos/microsoftgraph/msgraph-sdk-java/stargazers', 'contributors_url': 'https://api.github.com/repos/microsoftgraph/msgraph-sdk-java/contributors', 'subscribers_url': 'https://api.github.com/repos/microsoftgraph/msgraph-sdk-java/subscribers', 'subscription_url': 'https://api.github.com/repos/microsoftgraph/msgraph-sdk-java/subscription', 'commits_url': 'https://api.github.com/repos/microsoftgraph/msgraph-sdk-java/commits{/sha}', 'git_commits_url': 'https://api.github.com/repos/microsoftgraph/msgraph-sdk-java/git/commits{/sha}', 'comments_url': 'https://api.github.com/repos/microsoftgraph/msgraph-sdk-java/comments{/number}', 'issue_comment_url': 'https://api.github.com/repos/microsoftgraph/msgraph-sdk-java/issues/comments{/number}', 'contents_url': 'https://api.github.com/repos/microsoftgraph/msgraph-sdk-java/contents/{+path}', 'compare_url': 'https://api.github.com/repos/microsoftgraph/msgraph-sdk-java/compare/{base}...{head}', 'merges_url': 'https://api.github.com/repos/microsoftgraph/msgraph-sdk-java/merges', 'archive_url': 'https://api.github.com/repos/microsoftgraph/msgraph-sdk-java/{archive_format}{/ref}', 'downloads_url': 'https://api.github.com/repos/microsoftgraph/msgraph-sdk-java/downloads', 'issues_url': 'https://api.github.com/repos/microsoftgraph/msgraph-sdk-java/issues{/number}', 'pulls_url': 'https://api.github.com/repos/microsoftgraph/msgraph-sdk-java/pulls{/number}', 'milestones_url': 'https://api.github.com/repos/microsoftgraph/msgraph-sdk-java/milestones{/number}', 'notifications_url': 'https://api.github.com/repos/microsoftgraph/msgraph-sdk-java/notifications{?since,all,participating}', 'labels_url': 'https://api.github.com/repos/microsoftgraph/msgraph-sdk-java/labels{/name}', 'releases_url': 'https://api.github.com/repos/microsoftgraph/msgraph-sdk-java/releases{/id}', 'deployments_url': 'https://api.github.com/repos/microsoftgraph/msgraph-sdk-java/deployments', 'created_at': '2017-09-12T17:20:15Z', 'updated_at': '2022-03-04T17:20:01Z', 'pushed_at': '2022-03-29T21:45:38Z', 'git_url': 'git://github.com/microsoftgraph/msgraph-sdk-java.git', 'ssh_url': 'git@github.com:microsoftgraph/msgraph-sdk-java.git', 'clone_url': 'https://github.com/microsoftgraph/msgraph-sdk-java.git', 'svn_url': 'https://github.com/microsoftgraph/msgraph-sdk-java', 'homepage': 'https://docs.microsoft.com/en-us/graph/sdks/sdks-overview', 'size': 58850, 'stargazers_count': 244, 'watchers_count': 244, 'language': 'Java', 'has_issues': True, 'has_projects': True, 'has_downloads': True, 'has_wiki': False, 'has_pages': False, 'forks_count': 100, 'mirror_url': None, 'archived': False, 'disabled': False, 'open_issues_count': 6, 'license': {'key': 'mit', 'name': 'MIT License', 'spdx_id': 'MIT', 'url': 'https://api.github.com/licenses/mit', 'node_id': 'MDc6TGljZW5zZTEz'}, 'allow_forking': True, 'is_template': False, 'topics': ['java', 'microsoft-graph', 'microsoft-graph-sdk', 'sdk'], 'visibility': 'public', 'forks': 100, 'open_issues': 6, 'watchers': 244, 'default_branch': 'dev'}}, '_links': {'self': {'href': 'https://api.github.com/repos/microsoftgraph/msgraph-sdk-java/pulls/1036'}, 'html': {'href': 'https://github.com/microsoftgraph/msgraph-sdk-java/pull/1036'}, 'issue': {'href': 'https://api.github.com/repos/microsoftgraph/msgraph-sdk-java/issues/1036'}, 'comments': {'href': 'https://api.github.com/repos/microsoftgraph/msgraph-sdk-java/issues/1036/comments'}, 'review_comments': {'href': 'https://api.github.com/repos/microsoftgraph/msgraph-sdk-java/pulls/1036/comments'}, 'review_comment': {'href': 'https://api.github.com/repos/microsoftgraph/msgraph-sdk-java/pulls/comments{/number}'}, 'commits': {'href': 'https://api.github.com/repos/microsoftgraph/msgraph-sdk-java/pulls/1036/commits'}, 'statuses': {'href': 'https://api.github.com/repos/microsoftgraph/msgraph-sdk-java/statuses/15f1bca8552725e5ff43c5ea1f7a0ff052e167f8'}}, 'author_association': 'CONTRIBUTOR', 'auto_merge': None, 'active_lock_reason': None, 'merged': False, 'mergeable': None, 'rebaseable': None, 'mergeable_state': 'unknown', 'merged_by': None, 'comments': 0, 'review_comments': 0, 'maintainer_can_modify': False, 'commits': 1, 'additions': 1, 'deletions': 0, 'changed_files': 1}}",opened,Java
21005166245,CreateEvent,microsoftgraph/msgraph-sdk-java,0.0,2022-03-29T21:45:40Z,"{'ref': 'ramsessanchez-diffPatch', 'ref_type': 'branch', 'master_branch': 'dev', 'description': 'Microsoft Graph SDK for Java', 'pusher_type': 'user'}",,Java
21004094230,IssueCommentEvent,microsoftgraph/msgraph-sdk-java,0.0,2022-03-29T20:31:33Z,"{'action': 'created', 'issue': {'url': 'https://api.github.com/repos/microsoftgraph/msgraph-sdk-java/issues/1030', 'repository_url': 'https://api.github.com/repos/microsoftgraph/msgraph-sdk-java', 'labels_url': 'https://api.github.com/repos/microsoftgraph/msgraph-sdk-java/issues/1030/labels{/name}', 'comments_url': 'https://api.github.com/repos/microsoftgraph/msgraph-sdk-java/issues/1030/comments', 'events_url': 'https://api.github.com/repos/microsoftgraph/msgraph-sdk-java/issues/1030/events', 'html_url': 'https://github.com/microsoftgraph/msgraph-sdk-java/issues/1030', 'id': 1171485159, 'node_id': 'I_kwDOBig9Oc5F03Hn', 'number': 1030, 'title': 'Live Read/Write SharePoint excel file', 'user': {'login': 'LamaBimal', 'id': 13600107, 'node_id': 'MDQ6VXNlcjEzNjAwMTA3', 'avatar_url': 'https://avatars.githubusercontent.com/u/13600107?v=4', 'gravatar_id': '', 'url': 'https://api.github.com/users/LamaBimal', 'html_url': 'https://github.com/LamaBimal', 'followers_url': 'https://api.github.com/users/LamaBimal/followers', 'following_url': 'https://api.github.com/users/LamaBimal/following{/other_user}', 'gists_url': 'https://api.github.com/users/LamaBimal/gists{/gist_id}', 'starred_url': 'https://api.github.com/users/LamaBimal/starred{/owner}{/repo}', 'subscriptions_url': 'https://api.github.com/users/LamaBimal/subscriptions', 'organizations_url': 'https://api.github.com/users/LamaBimal/orgs', 'repos_url': 'https://api.github.com/users/LamaBimal/repos', 'events_url': 'https://api.github.com/users/LamaBimal/events{/privacy}', 'received_events_url': 'https://api.github.com/users/LamaBimal/received_events', 'type': 'User', 'site_admin': False}, 'labels': [{'id': 690561660, 'node_id': 'MDU6TGFiZWw2OTA1NjE2NjA=', 'url': 'https://api.github.com/repos/microsoftgraph/msgraph-sdk-java/labels/question', 'name': 'question', 'color': 'cc317c', 'default': True, 'description': None}, {'id': 1575412316, 'node_id': 'MDU6TGFiZWwxNTc1NDEyMzE2', 'url': 'https://api.github.com/repos/microsoftgraph/msgraph-sdk-java/labels/Needs:%20Attention%20:wave:', 'name': 'Needs: Attention :wave:', 'color': 'ededed', 'default': False, 'description': None}], 'state': 'open', 'locked': False, 'assignee': {'login': 'ramsessanchez', 'id': 63934382, 'node_id': 'MDQ6VXNlcjYzOTM0Mzgy', 'avatar_url': 'https://avatars.githubusercontent.com/u/63934382?v=4', 'gravatar_id': '', 'url': 'https://api.github.com/users/ramsessanchez', 'html_url': 'https://github.com/ramsessanchez', 'followers_url': 'https://api.github.com/users/ramsessanchez/followers', 'following_url': 'https://api.github.com/users/ramsessanchez/following{/other_user}', 'gists_url': 'https://api.github.com/users/ramsessanchez/gists{/gist_id}', 'starred_url': 'https://api.github.com/users/ramsessanchez/starred{/owner}{/repo}', 'subscriptions_url': 'https://api.github.com/users/ramsessanchez/subscriptions', 'organizations_url': 'https://api.github.com/users/ramsessanchez/orgs', 'repos_url': 'https://api.github.com/users/ramsessanchez/repos', 'events_url': 'https://api.github.com/users/ramsessanchez/events{/privacy}', 'received_events_url': 'https://api.github.com/users/ramsessanchez/received_events', 'type': 'User', 'site_admin': False}, 'assignees': [{'login': 'ramsessanchez', 'id': 63934382, 'node_id': 'MDQ6VXNlcjYzOTM0Mzgy', 'avatar_url': 'https://avatars.githubusercontent.com/u/63934382?v=4', 'gravatar_id': '', 'url': 'https://api.github.com/users/ramsessanchez', 'html_url': 'https://github.com/ramsessanchez', 'followers_url': 'https://api.github.com/users/ramsessanchez/followers', 'following_url': 'https://api.github.com/users/ramsessanchez/following{/other_user}', 'gists_url': 'https://api.github.com/users/ramsessanchez/gists{/gist_id}', 'starred_url': 'https://api.github.com/users/ramsessanchez/starred{/owner}{/repo}', 'subscriptions_url': 'https://api.github.com/users/ramsessanchez/subscriptions', 'organizations_url': 'https://api.github.com/users/ramsessanchez/orgs', 'repos_url': 'https://api.github.com/users/ramsessanchez/repos', 'events_url': 'https://api.github.com/users/ramsessanchez/events{/privacy}', 'received_events_url': 'https://api.github.com/users/ramsessanchez/received_events', 'type': 'User', 'site_admin': False}], 'milestone': None, 'comments': 1, 'created_at': '2022-03-16T19:55:55Z', 'updated_at': '2022-03-29T20:31:33Z', 'closed_at': None, 'author_association': 'NONE', 'active_lock_reason': None, 'body': 'We are migrating our sheet from google to SharePoint. We have automation of report generation in excel files from the java service. Could you please guide us on how to read/write the SharePoint excel files from java?  Does this SDK support updates on the SharePoint excel file?\r\n', 'reactions': {'url': 'https://api.github.com/repos/microsoftgraph/msgraph-sdk-java/issues/1030/reactions', 'total_count': 0, '+1': 0, '-1': 0, 'laugh': 0, 'hooray': 0, 'confused': 0, 'heart': 0, 'rocket': 0, 'eyes': 0}, 'timeline_url': 'https://api.github.com/repos/microsoftgraph/msgraph-sdk-java/issues/1030/timeline', 'performed_via_github_app': None}, 'comment': {'url': 'https://api.github.com/repos/microsoftgraph/msgraph-sdk-java/issues/comments/1082345276', 'html_url': 'https://github.com/microsoftgraph/msgraph-sdk-java/issues/1030#issuecomment-1082345276', 'issue_url': 'https://api.github.com/repos/microsoftgraph/msgraph-sdk-java/issues/1030', 'id': 1082345276, 'node_id': 'IC_kwDOBig9Oc5Ag0c8', 'user': {'login': 'ramsessanchez', 'id': 63934382, 'node_id': 'MDQ6VXNlcjYzOTM0Mzgy', 'avatar_url': 'https://avatars.githubusercontent.com/u/63934382?v=4', 'gravatar_id': '', 'url': 'https://api.github.com/users/ramsessanchez', 'html_url': 'https://github.com/ramsessanchez', 'followers_url': 'https://api.github.com/users/ramsessanchez/followers', 'following_url': 'https://api.github.com/users/ramsessanchez/following{/other_user}', 'gists_url': 'https://api.github.com/users/ramsessanchez/gists{/gist_id}', 'starred_url': 'https://api.github.com/users/ramsessanchez/starred{/owner}{/repo}', 'subscriptions_url': 'https://api.github.com/users/ramsessanchez/subscriptions', 'organizations_url': 'https://api.github.com/users/ramsessanchez/orgs', 'repos_url': 'https://api.github.com/users/ramsessanchez/repos', 'events_url': 'https://api.github.com/users/ramsessanchez/events{/privacy}', 'received_events_url': 'https://api.github.com/users/ramsessanchez/received_events', 'type': 'User', 'site_admin': False}, 'created_at': '2022-03-29T20:31:33Z', 'updated_at': '2022-03-29T20:31:33Z', 'author_association': 'CONTRIBUTOR', 'body': 'Hi @LamaBimal, apologies for the extended delay. Upon some searching it seems that the excel files in Sharepoint are reachable through a similar method as any file in OneDrive, thus any questions you may have about uploading, downloading, or modifying the excel files in Sharepoint should be easily answered through the OneDrive API endpoint: \r\nhttps://docs.microsoft.com/en-us/graph/api/resources/driveitem?view=graph-rest-1.0\r\nUsing a code block similar to this should be helpful in reaching the files you need: \r\n```Java\r\nDriveItemCollectionPage children = graphClient.sites(""<Site(Page) ID>"")\r\n.drives(""<Drive ID>"")\r\n.root().children()\r\n.buildRequest()\r\n.get();\r\n````\r\nAlternatively you can also use the ListItemCollection endpoint to reach these files: \r\n```Java\r\nListItemCollectionPage items = graphClient.sites(""Site(Page) ID"")\r\n.lists(""<Folder ID>"")\r\n.items()\r\n.buildRequest()\r\n.get();\r\n``` \r\nThe Site-ID should be in the form of <Domain>, <ID>, <ID>, to find an example try this on graph explorer: \r\nhttps://graph.microsoft.com/v1.0/sites/<YourDomain>.sharepoint.com', 'reactions': {'url': 'https://api.github.com/repos/microsoftgraph/msgraph-sdk-java/issues/comments/1082345276/reactions', 'total_count': 0, '+1': 0, '-1': 0, 'laugh': 0, 'hooray': 0, 'confused': 0, 'heart': 0, 'rocket': 0, 'eyes': 0}, 'performed_via_github_app': None}}",created,Java
20992237529,PullRequestEvent,microsoftgraph/msgraph-beta-sdk-java,0.0,2022-03-29T10:20:03Z,"{'action': 'opened', 'number': 272, 'pull_request': {'url': 'https://api.github.com/repos/microsoftgraph/msgraph-beta-sdk-java/pulls/272', 'id': 892856024, 'node_id': 'PR_kwDODDF5Ls41N-bY', 'html_url': 'https://github.com/microsoftgraph/msgraph-beta-sdk-java/pull/272', 'diff_url': 'https://github.com/microsoftgraph/msgraph-beta-sdk-java/pull/272.diff', 'patch_url': 'https://github.com/microsoftgraph/msgraph-beta-sdk-java/pull/272.patch', 'issue_url': 'https://api.github.com/repos/microsoftgraph/msgraph-beta-sdk-java/issues/272', 'number': 272, 'state': 'open', 'locked': False, 'title': 'Generated beta models and request builders using Typewriter', 'user': {'login': 'ramsessanchez', 'id': 63934382, 'node_id': 'MDQ6VXNlcjYzOTM0Mzgy', 'avatar_url': 'https://avatars.githubusercontent.com/u/63934382?v=4', 'gravatar_id': '', 'url': 'https://api.github.com/users/ramsessanchez', 'html_url': 'https://github.com/ramsessanchez', 'followers_url': 'https://api.github.com/users/ramsessanchez/followers', 'following_url': 'https://api.github.com/users/ramsessanchez/following{/other_user}', 'gists_url': 'https://api.github.com/users/ramsessanchez/gists{/gist_id}', 'starred_url': 'https://api.github.com/users/ramsessanchez/starred{/owner}{/repo}', 'subscriptions_url': 'https://api.github.com/users/ramsessanchez/subscriptions', 'organizations_url': 'https://api.github.com/users/ramsessanchez/orgs', 'repos_url': 'https://api.github.com/users/ramsessanchez/repos', 'events_url': 'https://api.github.com/users/ramsessanchez/events{/privacy}', 'received_events_url': 'https://api.github.com/users/ramsessanchez/received_events', 'type': 'User', 'site_admin': False}, 'body': 'This pull request was automatically created by the GitHub Action, **create pull request**. \n\n The commit hash is _4714e6c35e431c8275b8147e80d12f2961fa128f_. \n\n **Important** Check for unexpected deletions or changes in this PR.', 'created_at': '2022-03-29T10:20:02Z', 'updated_at': '2022-03-29T10:20:02Z', 'closed_at': None, 'merged_at': None, 'merge_commit_sha': None, 'assignee': None, 'assignees': [], 'requested_reviewers': [], 'requested_teams': [], 'labels': [], 'milestone': None, 'draft': False, 'commits_url': 'https://api.github.com/repos/microsoftgraph/msgraph-beta-sdk-java/pulls/272/commits', 'review_comments_url': 'https://api.github.com/repos/microsoftgraph/msgraph-beta-sdk-java/pulls/272/comments', 'review_comment_url': 'https://api.github.com/repos/microsoftgraph/msgraph-beta-sdk-java/pulls/comments{/number}', 'comments_url': 'https://api.github.com/repos/microsoftgraph/msgraph-beta-sdk-java/issues/272/comments', 'statuses_url': 'https://api.github.com/repos/microsoftgraph/msgraph-beta-sdk-java/statuses/4714e6c35e431c8275b8147e80d12f2961fa128f', 'head': {'label': 'microsoftgraph:beta/pipelinebuild/71164', 'ref': 'beta/pipelinebuild/71164', 'sha': '4714e6c35e431c8275b8147e80d12f2961fa128f', 'user': {'login': 'microsoftgraph', 'id': 17304259, 'node_id': 'MDEyOk9yZ2FuaXphdGlvbjE3MzA0MjU5', 'avatar_url': 'https://avatars.githubusercontent.com/u/17304259?v=4', 'gravatar_id': '', 'url': 'https://api.github.com/users/microsoftgraph', 'html_url': 'https://github.com/microsoftgraph', 'followers_url': 'https://api.github.com/users/microsoftgraph/followers', 'following_url': 'https://api.github.com/users/microsoftgraph/following{/other_user}', 'gists_url': 'https://api.github.com/users/microsoftgraph/gists{/gist_id}', 'starred_url': 'https://api.github.com/users/microsoftgraph/starred{/owner}{/repo}', 'subscriptions_url': 'https://api.github.com/users/microsoftgraph/subscriptions', 'organizations_url': 'https://api.github.com/users/microsoftgraph/orgs', 'repos_url': 'https://api.github.com/users/microsoftgraph/repos', 'events_url': 'https://api.github.com/users/microsoftgraph/events{/privacy}', 'received_events_url': 'https://api.github.com/users/microsoftgraph/received_events', 'type': 'Organization', 'site_admin': False}, 'repo': {'id': 204568878, 'node_id': 'MDEwOlJlcG9zaXRvcnkyMDQ1Njg4Nzg=', 'name': 'msgraph-beta-sdk-java', 'full_name': 'microsoftgraph/msgraph-beta-sdk-java', 'private': False, 'owner': {'login': 'microsoftgraph', 'id': 17304259, 'node_id': 'MDEyOk9yZ2FuaXphdGlvbjE3MzA0MjU5', 'avatar_url': 'https://avatars.githubusercontent.com/u/17304259?v=4', 'gravatar_id': '', 'url': 'https://api.github.com/users/microsoftgraph', 'html_url': 'https://github.com/microsoftgraph', 'followers_url': 'https://api.github.com/users/microsoftgraph/followers', 'following_url': 'https://api.github.com/users/microsoftgraph/following{/other_user}', 'gists_url': 'https://api.github.com/users/microsoftgraph/gists{/gist_id}', 'starred_url': 'https://api.github.com/users/microsoftgraph/starred{/owner}{/repo}', 'subscriptions_url': 'https://api.github.com/users/microsoftgraph/subscriptions', 'organizations_url': 'https://api.github.com/users/microsoftgraph/orgs', 'repos_url': 'https://api.github.com/users/microsoftgraph/repos', 'events_url': 'https://api.github.com/users/microsoftgraph/events{/privacy}', 'received_events_url': 'https://api.github.com/users/microsoftgraph/received_events', 'type': 'Organization', 'site_admin': False}, 'html_url': 'https://github.com/microsoftgraph/msgraph-beta-sdk-java', 'description': 'Microsoft Graph Beta Java SDK', 'fork': False, 'url': 'https://api.github.com/repos/microsoftgraph/msgraph-beta-sdk-java', 'forks_url': 'https://api.github.com/repos/microsoftgraph/msgraph-beta-sdk-java/forks', 'keys_url': 'https://api.github.com/repos/microsoftgraph/msgraph-beta-sdk-java/keys{/key_id}', 'collaborators_url': 'https://api.github.com/repos/microsoftgraph/msgraph-beta-sdk-java/collaborators{/collaborator}', 'teams_url': 'https://api.github.com/repos/microsoftgraph/msgraph-beta-sdk-java/teams', 'hooks_url': 'https://api.github.com/repos/microsoftgraph/msgraph-beta-sdk-java/hooks', 'issue_events_url': 'https://api.github.com/repos/microsoftgraph/msgraph-beta-sdk-java/issues/events{/number}', 'events_url': 'https://api.github.com/repos/microsoftgraph/msgraph-beta-sdk-java/events', 'assignees_url': 'https://api.github.com/repos/microsoftgraph/msgraph-beta-sdk-java/assignees{/user}', 'branches_url': 'https://api.github.com/repos/microsoftgraph/msgraph-beta-sdk-java/branches{/branch}', 'tags_url': 'https://api.github.com/repos/microsoftgraph/msgraph-beta-sdk-java/tags', 'blobs_url': 'https://api.github.com/repos/microsoftgraph/msgraph-beta-sdk-java/git/blobs{/sha}', 'git_tags_url': 'https://api.github.com/repos/microsoftgraph/msgraph-beta-sdk-java/git/tags{/sha}', 'git_refs_url': 'https://api.github.com/repos/microsoftgraph/msgraph-beta-sdk-java/git/refs{/sha}', 'trees_url': 'https://api.github.com/repos/microsoftgraph/msgraph-beta-sdk-java/git/trees{/sha}', 'statuses_url': 'https://api.github.com/repos/microsoftgraph/msgraph-beta-sdk-java/statuses/{sha}', 'languages_url': 'https://api.github.com/repos/microsoftgraph/msgraph-beta-sdk-java/languages', 'stargazers_url': 'https://api.github.com/repos/microsoftgraph/msgraph-beta-sdk-java/stargazers', 'contributors_url': 'https://api.github.com/repos/microsoftgraph/msgraph-beta-sdk-java/contributors', 'subscribers_url': 'https://api.github.com/repos/microsoftgraph/msgraph-beta-sdk-java/subscribers', 'subscription_url': 'https://api.github.com/repos/microsoftgraph/msgraph-beta-sdk-java/subscription', 'commits_url': 'https://api.github.com/repos/microsoftgraph/msgraph-beta-sdk-java/commits{/sha}', 'git_commits_url': 'https://api.github.com/repos/microsoftgraph/msgraph-beta-sdk-java/git/commits{/sha}', 'comments_url': 'https://api.github.com/repos/microsoftgraph/msgraph-beta-sdk-java/comments{/number}', 'issue_comment_url': 'https://api.github.com/repos/microsoftgraph/msgraph-beta-sdk-java/issues/comments{/number}', 'contents_url': 'https://api.github.com/repos/microsoftgraph/msgraph-beta-sdk-java/contents/{+path}', 'compare_url': 'https://api.github.com/repos/microsoftgraph/msgraph-beta-sdk-java/compare/{base}...{head}', 'merges_url': 'https://api.github.com/repos/microsoftgraph/msgraph-beta-sdk-java/merges', 'archive_url': 'https://api.github.com/repos/microsoftgraph/msgraph-beta-sdk-java/{archive_format}{/ref}', 'downloads_url': 'https://api.github.com/repos/microsoftgraph/msgraph-beta-sdk-java/downloads', 'issues_url': 'https://api.github.com/repos/microsoftgraph/msgraph-beta-sdk-java/issues{/number}', 'pulls_url': 'https://api.github.com/repos/microsoftgraph/msgraph-beta-sdk-java/pulls{/number}', 'milestones_url': 'https://api.github.com/repos/microsoftgraph/msgraph-beta-sdk-java/milestones{/number}', 'notifications_url': 'https://api.github.com/repos/microsoftgraph/msgraph-beta-sdk-java/notifications{?since,all,participating}', 'labels_url': 'https://api.github.com/repos/microsoftgraph/msgraph-beta-sdk-java/labels{/name}', 'releases_url': 'https://api.github.com/repos/microsoftgraph/msgraph-beta-sdk-java/releases{/id}', 'deployments_url': 'https://api.github.com/repos/microsoftgraph/msgraph-beta-sdk-java/deployments', 'created_at': '2019-08-26T21:59:24Z', 'updated_at': '2022-02-23T21:45:26Z', 'pushed_at': '2022-03-29T10:20:02Z', 'git_url': 'git://github.com/microsoftgraph/msgraph-beta-sdk-java.git', 'ssh_url': 'git@github.com:microsoftgraph/msgraph-beta-sdk-java.git', 'clone_url': 'https://github.com/microsoftgraph/msgraph-beta-sdk-java.git', 'svn_url': 'https://github.com/microsoftgraph/msgraph-beta-sdk-java', 'homepage': 'https://docs.microsoft.com/en-us/graph/sdks/use-beta?tabs=Java', 'size': 51289, 'stargazers_count': 8, 'watchers_count': 8, 'language': 'Java', 'has_issues': True, 'has_projects': True, 'has_downloads': True, 'has_wiki': False, 'has_pages': False, 'forks_count': 5, 'mirror_url': None, 'archived': False, 'disabled': False, 'open_issues_count': 4, 'license': {'key': 'mit', 'name': 'MIT License', 'spdx_id': 'MIT', 'url': 'https://api.github.com/licenses/mit', 'node_id': 'MDc6TGljZW5zZTEz'}, 'allow_forking': True, 'is_template': False, 'topics': ['java', 'microsoft-graph', 'sdk'], 'visibility': 'public', 'forks': 5, 'open_issues': 4, 'watchers': 8, 'default_branch': 'dev'}}, 'base': {'label': 'microsoftgraph:dev', 'ref': 'dev', 'sha': '19eee288f2137be9bbac8509fa8270d8c5b7db0a', 'user': {'login': 'microsoftgraph', 'id': 17304259, 'node_id': 'MDEyOk9yZ2FuaXphdGlvbjE3MzA0MjU5', 'avatar_url': 'https://avatars.githubusercontent.com/u/17304259?v=4', 'gravatar_id': '', 'url': 'https://api.github.com/users/microsoftgraph', 'html_url': 'https://github.com/microsoftgraph', 'followers_url': 'https://api.github.com/users/microsoftgraph/followers', 'following_url': 'https://api.github.com/users/microsoftgraph/following{/other_user}', 'gists_url': 'https://api.github.com/users/microsoftgraph/gists{/gist_id}', 'starred_url': 'https://api.github.com/users/microsoftgraph/starred{/owner}{/repo}', 'subscriptions_url': 'https://api.github.com/users/microsoftgraph/subscriptions', 'organizations_url': 'https://api.github.com/users/microsoftgraph/orgs', 'repos_url': 'https://api.github.com/users/microsoftgraph/repos', 'events_url': 'https://api.github.com/users/microsoftgraph/events{/privacy}', 'received_events_url': 'https://api.github.com/users/microsoftgraph/received_events', 'type': 'Organization', 'site_admin': False}, 'repo': {'id': 204568878, 'node_id': 'MDEwOlJlcG9zaXRvcnkyMDQ1Njg4Nzg=', 'name': 'msgraph-beta-sdk-java', 'full_name': 'microsoftgraph/msgraph-beta-sdk-java', 'private': False, 'owner': {'login': 'microsoftgraph', 'id': 17304259, 'node_id': 'MDEyOk9yZ2FuaXphdGlvbjE3MzA0MjU5', 'avatar_url': 'https://avatars.githubusercontent.com/u/17304259?v=4', 'gravatar_id': '', 'url': 'https://api.github.com/users/microsoftgraph', 'html_url': 'https://github.com/microsoftgraph', 'followers_url': 'https://api.github.com/users/microsoftgraph/followers', 'following_url': 'https://api.github.com/users/microsoftgraph/following{/other_user}', 'gists_url': 'https://api.github.com/users/microsoftgraph/gists{/gist_id}', 'starred_url': 'https://api.github.com/users/microsoftgraph/starred{/owner}{/repo}', 'subscriptions_url': 'https://api.github.com/users/microsoftgraph/subscriptions', 'organizations_url': 'https://api.github.com/users/microsoftgraph/orgs', 'repos_url': 'https://api.github.com/users/microsoftgraph/repos', 'events_url': 'https://api.github.com/users/microsoftgraph/events{/privacy}', 'received_events_url': 'https://api.github.com/users/microsoftgraph/received_events', 'type': 'Organization', 'site_admin': False}, 'html_url': 'https://github.com/microsoftgraph/msgraph-beta-sdk-java', 'description': 'Microsoft Graph Beta Java SDK', 'fork': False, 'url': 'https://api.github.com/repos/microsoftgraph/msgraph-beta-sdk-java', 'forks_url': 'https://api.github.com/repos/microsoftgraph/msgraph-beta-sdk-java/forks', 'keys_url': 'https://api.github.com/repos/microsoftgraph/msgraph-beta-sdk-java/keys{/key_id}', 'collaborators_url': 'https://api.github.com/repos/microsoftgraph/msgraph-beta-sdk-java/collaborators{/collaborator}', 'teams_url': 'https://api.github.com/repos/microsoftgraph/msgraph-beta-sdk-java/teams', 'hooks_url': 'https://api.github.com/repos/microsoftgraph/msgraph-beta-sdk-java/hooks', 'issue_events_url': 'https://api.github.com/repos/microsoftgraph/msgraph-beta-sdk-java/issues/events{/number}', 'events_url': 'https://api.github.com/repos/microsoftgraph/msgraph-beta-sdk-java/events', 'assignees_url': 'https://api.github.com/repos/microsoftgraph/msgraph-beta-sdk-java/assignees{/user}', 'branches_url': 'https://api.github.com/repos/microsoftgraph/msgraph-beta-sdk-java/branches{/branch}', 'tags_url': 'https://api.github.com/repos/microsoftgraph/msgraph-beta-sdk-java/tags', 'blobs_url': 'https://api.github.com/repos/microsoftgraph/msgraph-beta-sdk-java/git/blobs{/sha}', 'git_tags_url': 'https://api.github.com/repos/microsoftgraph/msgraph-beta-sdk-java/git/tags{/sha}', 'git_refs_url': 'https://api.github.com/repos/microsoftgraph/msgraph-beta-sdk-java/git/refs{/sha}', 'trees_url': 'https://api.github.com/repos/microsoftgraph/msgraph-beta-sdk-java/git/trees{/sha}', 'statuses_url': 'https://api.github.com/repos/microsoftgraph/msgraph-beta-sdk-java/statuses/{sha}', 'languages_url': 'https://api.github.com/repos/microsoftgraph/msgraph-beta-sdk-java/languages', 'stargazers_url': 'https://api.github.com/repos/microsoftgraph/msgraph-beta-sdk-java/stargazers', 'contributors_url': 'https://api.github.com/repos/microsoftgraph/msgraph-beta-sdk-java/contributors', 'subscribers_url': 'https://api.github.com/repos/microsoftgraph/msgraph-beta-sdk-java/subscribers', 'subscription_url': 'https://api.github.com/repos/microsoftgraph/msgraph-beta-sdk-java/subscription', 'commits_url': 'https://api.github.com/repos/microsoftgraph/msgraph-beta-sdk-java/commits{/sha}', 'git_commits_url': 'https://api.github.com/repos/microsoftgraph/msgraph-beta-sdk-java/git/commits{/sha}', 'comments_url': 'https://api.github.com/repos/microsoftgraph/msgraph-beta-sdk-java/comments{/number}', 'issue_comment_url': 'https://api.github.com/repos/microsoftgraph/msgraph-beta-sdk-java/issues/comments{/number}', 'contents_url': 'https://api.github.com/repos/microsoftgraph/msgraph-beta-sdk-java/contents/{+path}', 'compare_url': 'https://api.github.com/repos/microsoftgraph/msgraph-beta-sdk-java/compare/{base}...{head}', 'merges_url': 'https://api.github.com/repos/microsoftgraph/msgraph-beta-sdk-java/merges', 'archive_url': 'https://api.github.com/repos/microsoftgraph/msgraph-beta-sdk-java/{archive_format}{/ref}', 'downloads_url': 'https://api.github.com/repos/microsoftgraph/msgraph-beta-sdk-java/downloads', 'issues_url': 'https://api.github.com/repos/microsoftgraph/msgraph-beta-sdk-java/issues{/number}', 'pulls_url': 'https://api.github.com/repos/microsoftgraph/msgraph-beta-sdk-java/pulls{/number}', 'milestones_url': 'https://api.github.com/repos/microsoftgraph/msgraph-beta-sdk-java/milestones{/number}', 'notifications_url': 'https://api.github.com/repos/microsoftgraph/msgraph-beta-sdk-java/notifications{?since,all,participating}', 'labels_url': 'https://api.github.com/repos/microsoftgraph/msgraph-beta-sdk-java/labels{/name}', 'releases_url': 'https://api.github.com/repos/microsoftgraph/msgraph-beta-sdk-java/releases{/id}', 'deployments_url': 'https://api.github.com/repos/microsoftgraph/msgraph-beta-sdk-java/deployments', 'created_at': '2019-08-26T21:59:24Z', 'updated_at': '2022-02-23T21:45:26Z', 'pushed_at': '2022-03-29T10:20:02Z', 'git_url': 'git://github.com/microsoftgraph/msgraph-beta-sdk-java.git', 'ssh_url': 'git@github.com:microsoftgraph/msgraph-beta-sdk-java.git', 'clone_url': 'https://github.com/microsoftgraph/msgraph-beta-sdk-java.git', 'svn_url': 'https://github.com/microsoftgraph/msgraph-beta-sdk-java', 'homepage': 'https://docs.microsoft.com/en-us/graph/sdks/use-beta?tabs=Java', 'size': 51289, 'stargazers_count': 8, 'watchers_count': 8, 'language': 'Java', 'has_issues': True, 'has_projects': True, 'has_downloads': True, 'has_wiki': False, 'has_pages': False, 'forks_count': 5, 'mirror_url': None, 'archived': False, 'disabled': False, 'open_issues_count': 4, 'license': {'key': 'mit', 'name': 'MIT License', 'spdx_id': 'MIT', 'url': 'https://api.github.com/licenses/mit', 'node_id': 'MDc6TGljZW5zZTEz'}, 'allow_forking': True, 'is_template': False, 'topics': ['java', 'microsoft-graph', 'sdk'], 'visibility': 'public', 'forks': 5, 'open_issues': 4, 'watchers': 8, 'default_branch': 'dev'}}, '_links': {'self': {'href': 'https://api.github.com/repos/microsoftgraph/msgraph-beta-sdk-java/pulls/272'}, 'html': {'href': 'https://github.com/microsoftgraph/msgraph-beta-sdk-java/pull/272'}, 'issue': {'href': 'https://api.github.com/repos/microsoftgraph/msgraph-beta-sdk-java/issues/272'}, 'comments': {'href': 'https://api.github.com/repos/microsoftgraph/msgraph-beta-sdk-java/issues/272/comments'}, 'review_comments': {'href': 'https://api.github.com/repos/microsoftgraph/msgraph-beta-sdk-java/pulls/272/comments'}, 'review_comment': {'href': 'https://api.github.com/repos/microsoftgraph/msgraph-beta-sdk-java/pulls/comments{/number}'}, 'commits': {'href': 'https://api.github.com/repos/microsoftgraph/msgraph-beta-sdk-java/pulls/272/commits'}, 'statuses': {'href': 'https://api.github.com/repos/microsoftgraph/msgraph-beta-sdk-java/statuses/4714e6c35e431c8275b8147e80d12f2961fa128f'}}, 'author_association': 'CONTRIBUTOR', 'auto_merge': None, 'active_lock_reason': None, 'merged': False, 'mergeable': None, 'rebaseable': None, 'mergeable_state': 'unknown', 'merged_by': None, 'comments': 0, 'review_comments': 0, 'maintainer_can_modify': False, 'commits': 1, 'additions': 1585, 'deletions': 517, 'changed_files': 89}}",opened,Java
20992082066,PullRequestEvent,microsoftgraph/msgraph-sdk-java,0.0,2022-03-29T10:11:40Z,"{'action': 'opened', 'number': 1035, 'pull_request': {'url': 'https://api.github.com/repos/microsoftgraph/msgraph-sdk-java/pulls/1035', 'id': 892847370, 'node_id': 'PR_kwDOBig9Oc41N8UK', 'html_url': 'https://github.com/microsoftgraph/msgraph-sdk-java/pull/1035', 'diff_url': 'https://github.com/microsoftgraph/msgraph-sdk-java/pull/1035.diff', 'patch_url': 'https://github.com/microsoftgraph/msgraph-sdk-java/pull/1035.patch', 'issue_url': 'https://api.github.com/repos/microsoftgraph/msgraph-sdk-java/issues/1035', 'number': 1035, 'state': 'open', 'locked': False, 'title': 'Generated v1.0 models and request builders using Typewriter', 'user': {'login': 'ramsessanchez', 'id': 63934382, 'node_id': 'MDQ6VXNlcjYzOTM0Mzgy', 'avatar_url': 'https://avatars.githubusercontent.com/u/63934382?v=4', 'gravatar_id': '', 'url': 'https://api.github.com/users/ramsessanchez', 'html_url': 'https://github.com/ramsessanchez', 'followers_url': 'https://api.github.com/users/ramsessanchez/followers', 'following_url': 'https://api.github.com/users/ramsessanchez/following{/other_user}', 'gists_url': 'https://api.github.com/users/ramsessanchez/gists{/gist_id}', 'starred_url': 'https://api.github.com/users/ramsessanchez/starred{/owner}{/repo}', 'subscriptions_url': 'https://api.github.com/users/ramsessanchez/subscriptions', 'organizations_url': 'https://api.github.com/users/ramsessanchez/orgs', 'repos_url': 'https://api.github.com/users/ramsessanchez/repos', 'events_url': 'https://api.github.com/users/ramsessanchez/events{/privacy}', 'received_events_url': 'https://api.github.com/users/ramsessanchez/received_events', 'type': 'User', 'site_admin': False}, 'body': 'This pull request was automatically created by the GitHub Action, **create pull request**. \n\n The commit hash is _913c9376f50960632c4233e1be75dcbfca6f16a9_. \n\n **Important** Check for unexpected deletions or changes in this PR.', 'created_at': '2022-03-29T10:11:40Z', 'updated_at': '2022-03-29T10:11:40Z', 'closed_at': None, 'merged_at': None, 'merge_commit_sha': None, 'assignee': None, 'assignees': [], 'requested_reviewers': [], 'requested_teams': [], 'labels': [], 'milestone': None, 'draft': False, 'commits_url': 'https://api.github.com/repos/microsoftgraph/msgraph-sdk-java/pulls/1035/commits', 'review_comments_url': 'https://api.github.com/repos/microsoftgraph/msgraph-sdk-java/pulls/1035/comments', 'review_comment_url': 'https://api.github.com/repos/microsoftgraph/msgraph-sdk-java/pulls/comments{/number}', 'comments_url': 'https://api.github.com/repos/microsoftgraph/msgraph-sdk-java/issues/1035/comments', 'statuses_url': 'https://api.github.com/repos/microsoftgraph/msgraph-sdk-java/statuses/913c9376f50960632c4233e1be75dcbfca6f16a9', 'head': {'label': 'microsoftgraph:v1.0/pipelinebuild/71164', 'ref': 'v1.0/pipelinebuild/71164', 'sha': '913c9376f50960632c4233e1be75dcbfca6f16a9', 'user': {'login': 'microsoftgraph', 'id': 17304259, 'node_id': 'MDEyOk9yZ2FuaXphdGlvbjE3MzA0MjU5', 'avatar_url': 'https://avatars.githubusercontent.com/u/17304259?v=4', 'gravatar_id': '', 'url': 'https://api.github.com/users/microsoftgraph', 'html_url': 'https://github.com/microsoftgraph', 'followers_url': 'https://api.github.com/users/microsoftgraph/followers', 'following_url': 'https://api.github.com/users/microsoftgraph/following{/other_user}', 'gists_url': 'https://api.github.com/users/microsoftgraph/gists{/gist_id}', 'starred_url': 'https://api.github.com/users/microsoftgraph/starred{/owner}{/repo}', 'subscriptions_url': 'https://api.github.com/users/microsoftgraph/subscriptions', 'organizations_url': 'https://api.github.com/users/microsoftgraph/orgs', 'repos_url': 'https://api.github.com/users/microsoftgraph/repos', 'events_url': 'https://api.github.com/users/microsoftgraph/events{/privacy}', 'received_events_url': 'https://api.github.com/users/microsoftgraph/received_events', 'type': 'Organization', 'site_admin': False}, 'repo': {'id': 103300409, 'node_id': 'MDEwOlJlcG9zaXRvcnkxMDMzMDA0MDk=', 'name': 'msgraph-sdk-java', 'full_name': 'microsoftgraph/msgraph-sdk-java', 'private': False, 'owner': {'login': 'microsoftgraph', 'id': 17304259, 'node_id': 'MDEyOk9yZ2FuaXphdGlvbjE3MzA0MjU5', 'avatar_url': 'https://avatars.githubusercontent.com/u/17304259?v=4', 'gravatar_id': '', 'url': 'https://api.github.com/users/microsoftgraph', 'html_url': 'https://github.com/microsoftgraph', 'followers_url': 'https://api.github.com/users/microsoftgraph/followers', 'following_url': 'https://api.github.com/users/microsoftgraph/following{/other_user}', 'gists_url': 'https://api.github.com/users/microsoftgraph/gists{/gist_id}', 'starred_url': 'https://api.github.com/users/microsoftgraph/starred{/owner}{/repo}', 'subscriptions_url': 'https://api.github.com/users/microsoftgraph/subscriptions', 'organizations_url': 'https://api.github.com/users/microsoftgraph/orgs', 'repos_url': 'https://api.github.com/users/microsoftgraph/repos', 'events_url': 'https://api.github.com/users/microsoftgraph/events{/privacy}', 'received_events_url': 'https://api.github.com/users/microsoftgraph/received_events', 'type': 'Organization', 'site_admin': False}, 'html_url': 'https://github.com/microsoftgraph/msgraph-sdk-java', 'description': 'Microsoft Graph SDK for Java', 'fork': False, 'url': 'https://api.github.com/repos/microsoftgraph/msgraph-sdk-java', 'forks_url': 'https://api.github.com/repos/microsoftgraph/msgraph-sdk-java/forks', 'keys_url': 'https://api.github.com/repos/microsoftgraph/msgraph-sdk-java/keys{/key_id}', 'collaborators_url': 'https://api.github.com/repos/microsoftgraph/msgraph-sdk-java/collaborators{/collaborator}', 'teams_url': 'https://api.github.com/repos/microsoftgraph/msgraph-sdk-java/teams', 'hooks_url': 'https://api.github.com/repos/microsoftgraph/msgraph-sdk-java/hooks', 'issue_events_url': 'https://api.github.com/repos/microsoftgraph/msgraph-sdk-java/issues/events{/number}', 'events_url': 'https://api.github.com/repos/microsoftgraph/msgraph-sdk-java/events', 'assignees_url': 'https://api.github.com/repos/microsoftgraph/msgraph-sdk-java/assignees{/user}', 'branches_url': 'https://api.github.com/repos/microsoftgraph/msgraph-sdk-java/branches{/branch}', 'tags_url': 'https://api.github.com/repos/microsoftgraph/msgraph-sdk-java/tags', 'blobs_url': 'https://api.github.com/repos/microsoftgraph/msgraph-sdk-java/git/blobs{/sha}', 'git_tags_url': 'https://api.github.com/repos/microsoftgraph/msgraph-sdk-java/git/tags{/sha}', 'git_refs_url': 'https://api.github.com/repos/microsoftgraph/msgraph-sdk-java/git/refs{/sha}', 'trees_url': 'https://api.github.com/repos/microsoftgraph/msgraph-sdk-java/git/trees{/sha}', 'statuses_url': 'https://api.github.com/repos/microsoftgraph/msgraph-sdk-java/statuses/{sha}', 'languages_url': 'https://api.github.com/repos/microsoftgraph/msgraph-sdk-java/languages', 'stargazers_url': 'https://api.github.com/repos/microsoftgraph/msgraph-sdk-java/stargazers', 'contributors_url': 'https://api.github.com/repos/microsoftgraph/msgraph-sdk-java/contributors', 'subscribers_url': 'https://api.github.com/repos/microsoftgraph/msgraph-sdk-java/subscribers', 'subscription_url': 'https://api.github.com/repos/microsoftgraph/msgraph-sdk-java/subscription', 'commits_url': 'https://api.github.com/repos/microsoftgraph/msgraph-sdk-java/commits{/sha}', 'git_commits_url': 'https://api.github.com/repos/microsoftgraph/msgraph-sdk-java/git/commits{/sha}', 'comments_url': 'https://api.github.com/repos/microsoftgraph/msgraph-sdk-java/comments{/number}', 'issue_comment_url': 'https://api.github.com/repos/microsoftgraph/msgraph-sdk-java/issues/comments{/number}', 'contents_url': 'https://api.github.com/repos/microsoftgraph/msgraph-sdk-java/contents/{+path}', 'compare_url': 'https://api.github.com/repos/microsoftgraph/msgraph-sdk-java/compare/{base}...{head}', 'merges_url': 'https://api.github.com/repos/microsoftgraph/msgraph-sdk-java/merges', 'archive_url': 'https://api.github.com/repos/microsoftgraph/msgraph-sdk-java/{archive_format}{/ref}', 'downloads_url': 'https://api.github.com/repos/microsoftgraph/msgraph-sdk-java/downloads', 'issues_url': 'https://api.github.com/repos/microsoftgraph/msgraph-sdk-java/issues{/number}', 'pulls_url': 'https://api.github.com/repos/microsoftgraph/msgraph-sdk-java/pulls{/number}', 'milestones_url': 'https://api.github.com/repos/microsoftgraph/msgraph-sdk-java/milestones{/number}', 'notifications_url': 'https://api.github.com/repos/microsoftgraph/msgraph-sdk-java/notifications{?since,all,participating}', 'labels_url': 'https://api.github.com/repos/microsoftgraph/msgraph-sdk-java/labels{/name}', 'releases_url': 'https://api.github.com/repos/microsoftgraph/msgraph-sdk-java/releases{/id}', 'deployments_url': 'https://api.github.com/repos/microsoftgraph/msgraph-sdk-java/deployments', 'created_at': '2017-09-12T17:20:15Z', 'updated_at': '2022-03-04T17:20:01Z', 'pushed_at': '2022-03-29T10:11:40Z', 'git_url': 'git://github.com/microsoftgraph/msgraph-sdk-java.git', 'ssh_url': 'git@github.com:microsoftgraph/msgraph-sdk-java.git', 'clone_url': 'https://github.com/microsoftgraph/msgraph-sdk-java.git', 'svn_url': 'https://github.com/microsoftgraph/msgraph-sdk-java', 'homepage': 'https://docs.microsoft.com/en-us/graph/sdks/sdks-overview', 'size': 58835, 'stargazers_count': 244, 'watchers_count': 244, 'language': 'Java', 'has_issues': True, 'has_projects': True, 'has_downloads': True, 'has_wiki': False, 'has_pages': False, 'forks_count': 100, 'mirror_url': None, 'archived': False, 'disabled': False, 'open_issues_count': 6, 'license': {'key': 'mit', 'name': 'MIT License', 'spdx_id': 'MIT', 'url': 'https://api.github.com/licenses/mit', 'node_id': 'MDc6TGljZW5zZTEz'}, 'allow_forking': True, 'is_template': False, 'topics': ['java', 'microsoft-graph', 'microsoft-graph-sdk', 'sdk'], 'visibility': 'public', 'forks': 100, 'open_issues': 6, 'watchers': 244, 'default_branch': 'dev'}}, 'base': {'label': 'microsoftgraph:dev', 'ref': 'dev', 'sha': 'c031256abde6c2d268063c613c19c76ad329b9e6', 'user': {'login': 'microsoftgraph', 'id': 17304259, 'node_id': 'MDEyOk9yZ2FuaXphdGlvbjE3MzA0MjU5', 'avatar_url': 'https://avatars.githubusercontent.com/u/17304259?v=4', 'gravatar_id': '', 'url': 'https://api.github.com/users/microsoftgraph', 'html_url': 'https://github.com/microsoftgraph', 'followers_url': 'https://api.github.com/users/microsoftgraph/followers', 'following_url': 'https://api.github.com/users/microsoftgraph/following{/other_user}', 'gists_url': 'https://api.github.com/users/microsoftgraph/gists{/gist_id}', 'starred_url': 'https://api.github.com/users/microsoftgraph/starred{/owner}{/repo}', 'subscriptions_url': 'https://api.github.com/users/microsoftgraph/subscriptions', 'organizations_url': 'https://api.github.com/users/microsoftgraph/orgs', 'repos_url': 'https://api.github.com/users/microsoftgraph/repos', 'events_url': 'https://api.github.com/users/microsoftgraph/events{/privacy}', 'received_events_url': 'https://api.github.com/users/microsoftgraph/received_events', 'type': 'Organization', 'site_admin': False}, 'repo': {'id': 103300409, 'node_id': 'MDEwOlJlcG9zaXRvcnkxMDMzMDA0MDk=', 'name': 'msgraph-sdk-java', 'full_name': 'microsoftgraph/msgraph-sdk-java', 'private': False, 'owner': {'login': 'microsoftgraph', 'id': 17304259, 'node_id': 'MDEyOk9yZ2FuaXphdGlvbjE3MzA0MjU5', 'avatar_url': 'https://avatars.githubusercontent.com/u/17304259?v=4', 'gravatar_id': '', 'url': 'https://api.github.com/users/microsoftgraph', 'html_url': 'https://github.com/microsoftgraph', 'followers_url': 'https://api.github.com/users/microsoftgraph/followers', 'following_url': 'https://api.github.com/users/microsoftgraph/following{/other_user}', 'gists_url': 'https://api.github.com/users/microsoftgraph/gists{/gist_id}', 'starred_url': 'https://api.github.com/users/microsoftgraph/starred{/owner}{/repo}', 'subscriptions_url': 'https://api.github.com/users/microsoftgraph/subscriptions', 'organizations_url': 'https://api.github.com/users/microsoftgraph/orgs', 'repos_url': 'https://api.github.com/users/microsoftgraph/repos', 'events_url': 'https://api.github.com/users/microsoftgraph/events{/privacy}', 'received_events_url': 'https://api.github.com/users/microsoftgraph/received_events', 'type': 'Organization', 'site_admin': False}, 'html_url': 'https://github.com/microsoftgraph/msgraph-sdk-java', 'description': 'Microsoft Graph SDK for Java', 'fork': False, 'url': 'https://api.github.com/repos/microsoftgraph/msgraph-sdk-java', 'forks_url': 'https://api.github.com/repos/microsoftgraph/msgraph-sdk-java/forks', 'keys_url': 'https://api.github.com/repos/microsoftgraph/msgraph-sdk-java/keys{/key_id}', 'collaborators_url': 'https://api.github.com/repos/microsoftgraph/msgraph-sdk-java/collaborators{/collaborator}', 'teams_url': 'https://api.github.com/repos/microsoftgraph/msgraph-sdk-java/teams', 'hooks_url': 'https://api.github.com/repos/microsoftgraph/msgraph-sdk-java/hooks', 'issue_events_url': 'https://api.github.com/repos/microsoftgraph/msgraph-sdk-java/issues/events{/number}', 'events_url': 'https://api.github.com/repos/microsoftgraph/msgraph-sdk-java/events', 'assignees_url': 'https://api.github.com/repos/microsoftgraph/msgraph-sdk-java/assignees{/user}', 'branches_url': 'https://api.github.com/repos/microsoftgraph/msgraph-sdk-java/branches{/branch}', 'tags_url': 'https://api.github.com/repos/microsoftgraph/msgraph-sdk-java/tags', 'blobs_url': 'https://api.github.com/repos/microsoftgraph/msgraph-sdk-java/git/blobs{/sha}', 'git_tags_url': 'https://api.github.com/repos/microsoftgraph/msgraph-sdk-java/git/tags{/sha}', 'git_refs_url': 'https://api.github.com/repos/microsoftgraph/msgraph-sdk-java/git/refs{/sha}', 'trees_url': 'https://api.github.com/repos/microsoftgraph/msgraph-sdk-java/git/trees{/sha}', 'statuses_url': 'https://api.github.com/repos/microsoftgraph/msgraph-sdk-java/statuses/{sha}', 'languages_url': 'https://api.github.com/repos/microsoftgraph/msgraph-sdk-java/languages', 'stargazers_url': 'https://api.github.com/repos/microsoftgraph/msgraph-sdk-java/stargazers', 'contributors_url': 'https://api.github.com/repos/microsoftgraph/msgraph-sdk-java/contributors', 'subscribers_url': 'https://api.github.com/repos/microsoftgraph/msgraph-sdk-java/subscribers', 'subscription_url': 'https://api.github.com/repos/microsoftgraph/msgraph-sdk-java/subscription', 'commits_url': 'https://api.github.com/repos/microsoftgraph/msgraph-sdk-java/commits{/sha}', 'git_commits_url': 'https://api.github.com/repos/microsoftgraph/msgraph-sdk-java/git/commits{/sha}', 'comments_url': 'https://api.github.com/repos/microsoftgraph/msgraph-sdk-java/comments{/number}', 'issue_comment_url': 'https://api.github.com/repos/microsoftgraph/msgraph-sdk-java/issues/comments{/number}', 'contents_url': 'https://api.github.com/repos/microsoftgraph/msgraph-sdk-java/contents/{+path}', 'compare_url': 'https://api.github.com/repos/microsoftgraph/msgraph-sdk-java/compare/{base}...{head}', 'merges_url': 'https://api.github.com/repos/microsoftgraph/msgraph-sdk-java/merges', 'archive_url': 'https://api.github.com/repos/microsoftgraph/msgraph-sdk-java/{archive_format}{/ref}', 'downloads_url': 'https://api.github.com/repos/microsoftgraph/msgraph-sdk-java/downloads', 'issues_url': 'https://api.github.com/repos/microsoftgraph/msgraph-sdk-java/issues{/number}', 'pulls_url': 'https://api.github.com/repos/microsoftgraph/msgraph-sdk-java/pulls{/number}', 'milestones_url': 'https://api.github.com/repos/microsoftgraph/msgraph-sdk-java/milestones{/number}', 'notifications_url': 'https://api.github.com/repos/microsoftgraph/msgraph-sdk-java/notifications{?since,all,participating}', 'labels_url': 'https://api.github.com/repos/microsoftgraph/msgraph-sdk-java/labels{/name}', 'releases_url': 'https://api.github.com/repos/microsoftgraph/msgraph-sdk-java/releases{/id}', 'deployments_url': 'https://api.github.com/repos/microsoftgraph/msgraph-sdk-java/deployments', 'created_at': '2017-09-12T17:20:15Z', 'updated_at': '2022-03-04T17:20:01Z', 'pushed_at': '2022-03-29T10:11:40Z', 'git_url': 'git://github.com/microsoftgraph/msgraph-sdk-java.git', 'ssh_url': 'git@github.com:microsoftgraph/msgraph-sdk-java.git', 'clone_url': 'https://github.com/microsoftgraph/msgraph-sdk-java.git', 'svn_url': 'https://github.com/microsoftgraph/msgraph-sdk-java', 'homepage': 'https://docs.microsoft.com/en-us/graph/sdks/sdks-overview', 'size': 58835, 'stargazers_count': 244, 'watchers_count': 244, 'language': 'Java', 'has_issues': True, 'has_projects': True, 'has_downloads': True, 'has_wiki': False, 'has_pages': False, 'forks_count': 100, 'mirror_url': None, 'archived': False, 'disabled': False, 'open_issues_count': 6, 'license': {'key': 'mit', 'name': 'MIT License', 'spdx_id': 'MIT', 'url': 'https://api.github.com/licenses/mit', 'node_id': 'MDc6TGljZW5zZTEz'}, 'allow_forking': True, 'is_template': False, 'topics': ['java', 'microsoft-graph', 'microsoft-graph-sdk', 'sdk'], 'visibility': 'public', 'forks': 100, 'open_issues': 6, 'watchers': 244, 'default_branch': 'dev'}}, '_links': {'self': {'href': 'https://api.github.com/repos/microsoftgraph/msgraph-sdk-java/pulls/1035'}, 'html': {'href': 'https://github.com/microsoftgraph/msgraph-sdk-java/pull/1035'}, 'issue': {'href': 'https://api.github.com/repos/microsoftgraph/msgraph-sdk-java/issues/1035'}, 'comments': {'href': 'https://api.github.com/repos/microsoftgraph/msgraph-sdk-java/issues/1035/comments'}, 'review_comments': {'href': 'https://api.github.com/repos/microsoftgraph/msgraph-sdk-java/pulls/1035/comments'}, 'review_comment': {'href': 'https://api.github.com/repos/microsoftgraph/msgraph-sdk-java/pulls/comments{/number}'}, 'commits': {'href': 'https://api.github.com/repos/microsoftgraph/msgraph-sdk-java/pulls/1035/commits'}, 'statuses': {'href': 'https://api.github.com/repos/microsoftgraph/msgraph-sdk-java/statuses/913c9376f50960632c4233e1be75dcbfca6f16a9'}}, 'author_association': 'CONTRIBUTOR', 'auto_merge': None, 'active_lock_reason': None, 'merged': False, 'mergeable': None, 'rebaseable': None, 'mergeable_state': 'unknown', 'merged_by': None, 'comments': 0, 'review_comments': 0, 'maintainer_can_modify': False, 'commits': 1, 'additions': 121, 'deletions': 25, 'changed_files': 15}}",opened,Java
20879132505,IssueCommentEvent,microsoftgraph/msgraph-sdk-java,0.0,2022-03-22T18:57:40Z,"{'action': 'created', 'issue': {'url': 'https://api.github.com/repos/microsoftgraph/msgraph-sdk-java/issues/1031', 'repository_url': 'https://api.github.com/repos/microsoftgraph/msgraph-sdk-java', 'labels_url': 'https://api.github.com/repos/microsoftgraph/msgraph-sdk-java/issues/1031/labels{/name}', 'comments_url': 'https://api.github.com/repos/microsoftgraph/msgraph-sdk-java/issues/1031/comments', 'events_url': 'https://api.github.com/repos/microsoftgraph/msgraph-sdk-java/issues/1031/events', 'html_url': 'https://github.com/microsoftgraph/msgraph-sdk-java/issues/1031', 'id': 1171963780, 'node_id': 'I_kwDOBig9Oc5F2r-E', 'number': 1031, 'title': 'GraphServiceClient method to upload teams app', 'user': {'login': 'Aaditya-Rane', 'id': 30556436, 'node_id': 'MDQ6VXNlcjMwNTU2NDM2', 'avatar_url': 'https://avatars.githubusercontent.com/u/30556436?v=4', 'gravatar_id': '', 'url': 'https://api.github.com/users/Aaditya-Rane', 'html_url': 'https://github.com/Aaditya-Rane', 'followers_url': 'https://api.github.com/users/Aaditya-Rane/followers', 'following_url': 'https://api.github.com/users/Aaditya-Rane/following{/other_user}', 'gists_url': 'https://api.github.com/users/Aaditya-Rane/gists{/gist_id}', 'starred_url': 'https://api.github.com/users/Aaditya-Rane/starred{/owner}{/repo}', 'subscriptions_url': 'https://api.github.com/users/Aaditya-Rane/subscriptions', 'organizations_url': 'https://api.github.com/users/Aaditya-Rane/orgs', 'repos_url': 'https://api.github.com/users/Aaditya-Rane/repos', 'events_url': 'https://api.github.com/users/Aaditya-Rane/events{/privacy}', 'received_events_url': 'https://api.github.com/users/Aaditya-Rane/received_events', 'type': 'User', 'site_admin': False}, 'labels': [{'id': 690561660, 'node_id': 'MDU6TGFiZWw2OTA1NjE2NjA=', 'url': 'https://api.github.com/repos/microsoftgraph/msgraph-sdk-java/labels/question', 'name': 'question', 'color': 'cc317c', 'default': True, 'description': None}, {'id': 1575412316, 'node_id': 'MDU6TGFiZWwxNTc1NDEyMzE2', 'url': 'https://api.github.com/repos/microsoftgraph/msgraph-sdk-java/labels/Needs:%20Attention%20:wave:', 'name': 'Needs: Attention :wave:', 'color': 'ededed', 'default': False, 'description': None}], 'state': 'open', 'locked': False, 'assignee': {'login': 'ramsessanchez', 'id': 63934382, 'node_id': 'MDQ6VXNlcjYzOTM0Mzgy', 'avatar_url': 'https://avatars.githubusercontent.com/u/63934382?v=4', 'gravatar_id': '', 'url': 'https://api.github.com/users/ramsessanchez', 'html_url': 'https://github.com/ramsessanchez', 'followers_url': 'https://api.github.com/users/ramsessanchez/followers', 'following_url': 'https://api.github.com/users/ramsessanchez/following{/other_user}', 'gists_url': 'https://api.github.com/users/ramsessanchez/gists{/gist_id}', 'starred_url': 'https://api.github.com/users/ramsessanchez/starred{/owner}{/repo}', 'subscriptions_url': 'https://api.github.com/users/ramsessanchez/subscriptions', 'organizations_url': 'https://api.github.com/users/ramsessanchez/orgs', 'repos_url': 'https://api.github.com/users/ramsessanchez/repos', 'events_url': 'https://api.github.com/users/ramsessanchez/events{/privacy}', 'received_events_url': 'https://api.github.com/users/ramsessanchez/received_events', 'type': 'User', 'site_admin': False}, 'assignees': [{'login': 'ramsessanchez', 'id': 63934382, 'node_id': 'MDQ6VXNlcjYzOTM0Mzgy', 'avatar_url': 'https://avatars.githubusercontent.com/u/63934382?v=4', 'gravatar_id': '', 'url': 'https://api.github.com/users/ramsessanchez', 'html_url': 'https://github.com/ramsessanchez', 'followers_url': 'https://api.github.com/users/ramsessanchez/followers', 'following_url': 'https://api.github.com/users/ramsessanchez/following{/other_user}', 'gists_url': 'https://api.github.com/users/ramsessanchez/gists{/gist_id}', 'starred_url': 'https://api.github.com/users/ramsessanchez/starred{/owner}{/repo}', 'subscriptions_url': 'https://api.github.com/users/ramsessanchez/subscriptions', 'organizations_url': 'https://api.github.com/users/ramsessanchez/orgs', 'repos_url': 'https://api.github.com/users/ramsessanchez/repos', 'events_url': 'https://api.github.com/users/ramsessanchez/events{/privacy}', 'received_events_url': 'https://api.github.com/users/ramsessanchez/received_events', 'type': 'User', 'site_admin': False}], 'milestone': None, 'comments': 1, 'created_at': '2022-03-17T05:55:47Z', 'updated_at': '2022-03-22T18:57:39Z', 'closed_at': None, 'author_association': 'NONE', 'active_lock_reason': None, 'body': ""<!-- Read me before you submit this issue\r\n\r\nFirst off, thank you for taking the time to open this issue! We do appreciate it. Please bear with us if we don't get to this right away.\r\n\r\nIf this is a question about the Microsoft Graph service API, or a question about how to use this SDK, please post your question to StackOverflow with the [microsoftgraph] tag.\r\nhttps://stackoverflow.com/questions/tagged/microsoft-graph\r\n\r\nThis repo is for the Microsoft Graph Java SDK. Issues opened in this repo should only target this SDK.\r\n\r\nBefore you open this issue, did you:\r\n- Search the issues to determine whether someone already opened this issue?\r\n- Search StackOverflow for an answer?\r\n- Capture the repro steps and gather the information requested in the steps below to reproduce your scenario?\r\n- Review the samples under github.com/microsoftgraph? They can help for some scenarios.\r\n- Take a look at the functional tests in this repo? They may have an example for you. See the [functional tests](https://github.com/microsoftgraph/msgraph-sdk-java/tree/master/src/test/java/com/microsoft/graph/functional)\r\n\r\nPlease provide the following before submitting this issue:\r\n- Expected behavior. Please provide **links to the specific [Microsoft Graph documentation](https://developer.microsoft.com/en-us/graph/docs/concepts/overview)** you used to determine the expected behavior. \r\n- Actual behavior. Provide error codes, stack information, and a [Fiddler](http://www.telerik.com/fiddler) capture of the request and response (please remove personally identifiable information before posting).\r\n- Steps to reproduce the behavior. Include your code, IDE versions, client library versions, and any other information that might be helpful to understand your scenario.\r\n-->\r\n\r\n### Expected behavior\r\nNeed some way in GraphClient to upload teams applications.\r\nRefer [Publish TeamsApp](https://docs.microsoft.com/en-us/graph/api/teamsapp-publish?view=graph-rest-1.0&tabs=http)\r\n\r\n### Actual behavior\r\nAs, per current implementation of GraphServiceClient I am not able to create a request, using which I can upload teams application.\r\n\r\n\r\n\r\n"", 'reactions': {'url': 'https://api.github.com/repos/microsoftgraph/msgraph-sdk-java/issues/1031/reactions', 'total_count': 0, '+1': 0, '-1': 0, 'laugh': 0, 'hooray': 0, 'confused': 0, 'heart': 0, 'rocket': 0, 'eyes': 0}, 'timeline_url': 'https://api.github.com/repos/microsoftgraph/msgraph-sdk-java/issues/1031/timeline', 'performed_via_github_app': None}, 'comment': {'url': 'https://api.github.com/repos/microsoftgraph/msgraph-sdk-java/issues/comments/1075518177', 'html_url': 'https://github.com/microsoftgraph/msgraph-sdk-java/issues/1031#issuecomment-1075518177', 'issue_url': 'https://api.github.com/repos/microsoftgraph/msgraph-sdk-java/issues/1031', 'id': 1075518177, 'node_id': 'IC_kwDOBig9Oc5AGxrh', 'user': {'login': 'ramsessanchez', 'id': 63934382, 'node_id': 'MDQ6VXNlcjYzOTM0Mzgy', 'avatar_url': 'https://avatars.githubusercontent.com/u/63934382?v=4', 'gravatar_id': '', 'url': 'https://api.github.com/users/ramsessanchez', 'html_url': 'https://github.com/ramsessanchez', 'followers_url': 'https://api.github.com/users/ramsessanchez/followers', 'following_url': 'https://api.github.com/users/ramsessanchez/following{/other_user}', 'gists_url': 'https://api.github.com/users/ramsessanchez/gists{/gist_id}', 'starred_url': 'https://api.github.com/users/ramsessanchez/starred{/owner}{/repo}', 'subscriptions_url': 'https://api.github.com/users/ramsessanchez/subscriptions', 'organizations_url': 'https://api.github.com/users/ramsessanchez/orgs', 'repos_url': 'https://api.github.com/users/ramsessanchez/repos', 'events_url': 'https://api.github.com/users/ramsessanchez/events{/privacy}', 'received_events_url': 'https://api.github.com/users/ramsessanchez/received_events', 'type': 'User', 'site_admin': False}, 'created_at': '2022-03-22T18:57:39Z', 'updated_at': '2022-03-22T18:57:39Z', 'author_association': 'CONTRIBUTOR', 'body': ""Hi @Aaditya-Rane, apologies for the delay. Currently there doesn't seem to be a working solution to upload/publish the teams app contents, specifically the zip file, using our current Java-Sdk. I'm in the process of figuring out why that may be, in the meantime, if you would like to upload a teams app and are in a time-sensitive situation I'd go with the interactive UI: https://docs.microsoft.com/en-us/microsoftteams/platform/concepts/deploy-and-publish/apps-upload. I'll be sure to reach out as soon as this matter is resolved. Thanks for bringing this to my attention! "", 'reactions': {'url': 'https://api.github.com/repos/microsoftgraph/msgraph-sdk-java/issues/comments/1075518177/reactions', 'total_count': 0, '+1': 0, '-1': 0, 'laugh': 0, 'hooray': 0, 'confused': 0, 'heart': 0, 'rocket': 0, 'eyes': 0}, 'performed_via_github_app': None}}",created,Java
20869244239,PullRequestEvent,microsoftgraph/msgraph-sdk-java,0.0,2022-03-22T10:21:06Z,"{'action': 'opened', 'number': 1034, 'pull_request': {'url': 'https://api.github.com/repos/microsoftgraph/msgraph-sdk-java/pulls/1034', 'id': 885861597, 'node_id': 'PR_kwDOBig9Oc40zSzd', 'html_url': 'https://github.com/microsoftgraph/msgraph-sdk-java/pull/1034', 'diff_url': 'https://github.com/microsoftgraph/msgraph-sdk-java/pull/1034.diff', 'patch_url': 'https://github.com/microsoftgraph/msgraph-sdk-java/pull/1034.patch', 'issue_url': 'https://api.github.com/repos/microsoftgraph/msgraph-sdk-java/issues/1034', 'number': 1034, 'state': 'open', 'locked': False, 'title': 'Generated v1.0 models and request builders using Typewriter', 'user': {'login': 'ramsessanchez', 'id': 63934382, 'node_id': 'MDQ6VXNlcjYzOTM0Mzgy', 'avatar_url': 'https://avatars.githubusercontent.com/u/63934382?v=4', 'gravatar_id': '', 'url': 'https://api.github.com/users/ramsessanchez', 'html_url': 'https://github.com/ramsessanchez', 'followers_url': 'https://api.github.com/users/ramsessanchez/followers', 'following_url': 'https://api.github.com/users/ramsessanchez/following{/other_user}', 'gists_url': 'https://api.github.com/users/ramsessanchez/gists{/gist_id}', 'starred_url': 'https://api.github.com/users/ramsessanchez/starred{/owner}{/repo}', 'subscriptions_url': 'https://api.github.com/users/ramsessanchez/subscriptions', 'organizations_url': 'https://api.github.com/users/ramsessanchez/orgs', 'repos_url': 'https://api.github.com/users/ramsessanchez/repos', 'events_url': 'https://api.github.com/users/ramsessanchez/events{/privacy}', 'received_events_url': 'https://api.github.com/users/ramsessanchez/received_events', 'type': 'User', 'site_admin': False}, 'body': 'This pull request was automatically created by the GitHub Action, **create pull request**. \n\n The commit hash is _c9767041b0f00a9b890b0f7930f9e0b6d4ce5d2a_. \n\n **Important** Check for unexpected deletions or changes in this PR.', 'created_at': '2022-03-22T10:21:06Z', 'updated_at': '2022-03-22T10:21:06Z', 'closed_at': None, 'merged_at': None, 'merge_commit_sha': None, 'assignee': None, 'assignees': [], 'requested_reviewers': [], 'requested_teams': [], 'labels': [], 'milestone': None, 'draft': False, 'commits_url': 'https://api.github.com/repos/microsoftgraph/msgraph-sdk-java/pulls/1034/commits', 'review_comments_url': 'https://api.github.com/repos/microsoftgraph/msgraph-sdk-java/pulls/1034/comments', 'review_comment_url': 'https://api.github.com/repos/microsoftgraph/msgraph-sdk-java/pulls/comments{/number}', 'comments_url': 'https://api.github.com/repos/microsoftgraph/msgraph-sdk-java/issues/1034/comments', 'statuses_url': 'https://api.github.com/repos/microsoftgraph/msgraph-sdk-java/statuses/c9767041b0f00a9b890b0f7930f9e0b6d4ce5d2a', 'head': {'label': 'microsoftgraph:v1.0/pipelinebuild/70873', 'ref': 'v1.0/pipelinebuild/70873', 'sha': 'c9767041b0f00a9b890b0f7930f9e0b6d4ce5d2a', 'user': {'login': 'microsoftgraph', 'id': 17304259, 'node_id': 'MDEyOk9yZ2FuaXphdGlvbjE3MzA0MjU5', 'avatar_url': 'https://avatars.githubusercontent.com/u/17304259?v=4', 'gravatar_id': '', 'url': 'https://api.github.com/users/microsoftgraph', 'html_url': 'https://github.com/microsoftgraph', 'followers_url': 'https://api.github.com/users/microsoftgraph/followers', 'following_url': 'https://api.github.com/users/microsoftgraph/following{/other_user}', 'gists_url': 'https://api.github.com/users/microsoftgraph/gists{/gist_id}', 'starred_url': 'https://api.github.com/users/microsoftgraph/starred{/owner}{/repo}', 'subscriptions_url': 'https://api.github.com/users/microsoftgraph/subscriptions', 'organizations_url': 'https://api.github.com/users/microsoftgraph/orgs', 'repos_url': 'https://api.github.com/users/microsoftgraph/repos', 'events_url': 'https://api.github.com/users/microsoftgraph/events{/privacy}', 'received_events_url': 'https://api.github.com/users/microsoftgraph/received_events', 'type': 'Organization', 'site_admin': False}, 'repo': {'id': 103300409, 'node_id': 'MDEwOlJlcG9zaXRvcnkxMDMzMDA0MDk=', 'name': 'msgraph-sdk-java', 'full_name': 'microsoftgraph/msgraph-sdk-java', 'private': False, 'owner': {'login': 'microsoftgraph', 'id': 17304259, 'node_id': 'MDEyOk9yZ2FuaXphdGlvbjE3MzA0MjU5', 'avatar_url': 'https://avatars.githubusercontent.com/u/17304259?v=4', 'gravatar_id': '', 'url': 'https://api.github.com/users/microsoftgraph', 'html_url': 'https://github.com/microsoftgraph', 'followers_url': 'https://api.github.com/users/microsoftgraph/followers', 'following_url': 'https://api.github.com/users/microsoftgraph/following{/other_user}', 'gists_url': 'https://api.github.com/users/microsoftgraph/gists{/gist_id}', 'starred_url': 'https://api.github.com/users/microsoftgraph/starred{/owner}{/repo}', 'subscriptions_url': 'https://api.github.com/users/microsoftgraph/subscriptions', 'organizations_url': 'https://api.github.com/users/microsoftgraph/orgs', 'repos_url': 'https://api.github.com/users/microsoftgraph/repos', 'events_url': 'https://api.github.com/users/microsoftgraph/events{/privacy}', 'received_events_url': 'https://api.github.com/users/microsoftgraph/received_events', 'type': 'Organization', 'site_admin': False}, 'html_url': 'https://github.com/microsoftgraph/msgraph-sdk-java', 'description': 'Microsoft Graph SDK for Java', 'fork': False, 'url': 'https://api.github.com/repos/microsoftgraph/msgraph-sdk-java', 'forks_url': 'https://api.github.com/repos/microsoftgraph/msgraph-sdk-java/forks', 'keys_url': 'https://api.github.com/repos/microsoftgraph/msgraph-sdk-java/keys{/key_id}', 'collaborators_url': 'https://api.github.com/repos/microsoftgraph/msgraph-sdk-java/collaborators{/collaborator}', 'teams_url': 'https://api.github.com/repos/microsoftgraph/msgraph-sdk-java/teams', 'hooks_url': 'https://api.github.com/repos/microsoftgraph/msgraph-sdk-java/hooks', 'issue_events_url': 'https://api.github.com/repos/microsoftgraph/msgraph-sdk-java/issues/events{/number}', 'events_url': 'https://api.github.com/repos/microsoftgraph/msgraph-sdk-java/events', 'assignees_url': 'https://api.github.com/repos/microsoftgraph/msgraph-sdk-java/assignees{/user}', 'branches_url': 'https://api.github.com/repos/microsoftgraph/msgraph-sdk-java/branches{/branch}', 'tags_url': 'https://api.github.com/repos/microsoftgraph/msgraph-sdk-java/tags', 'blobs_url': 'https://api.github.com/repos/microsoftgraph/msgraph-sdk-java/git/blobs{/sha}', 'git_tags_url': 'https://api.github.com/repos/microsoftgraph/msgraph-sdk-java/git/tags{/sha}', 'git_refs_url': 'https://api.github.com/repos/microsoftgraph/msgraph-sdk-java/git/refs{/sha}', 'trees_url': 'https://api.github.com/repos/microsoftgraph/msgraph-sdk-java/git/trees{/sha}', 'statuses_url': 'https://api.github.com/repos/microsoftgraph/msgraph-sdk-java/statuses/{sha}', 'languages_url': 'https://api.github.com/repos/microsoftgraph/msgraph-sdk-java/languages', 'stargazers_url': 'https://api.github.com/repos/microsoftgraph/msgraph-sdk-java/stargazers', 'contributors_url': 'https://api.github.com/repos/microsoftgraph/msgraph-sdk-java/contributors', 'subscribers_url': 'https://api.github.com/repos/microsoftgraph/msgraph-sdk-java/subscribers', 'subscription_url': 'https://api.github.com/repos/microsoftgraph/msgraph-sdk-java/subscription', 'commits_url': 'https://api.github.com/repos/microsoftgraph/msgraph-sdk-java/commits{/sha}', 'git_commits_url': 'https://api.github.com/repos/microsoftgraph/msgraph-sdk-java/git/commits{/sha}', 'comments_url': 'https://api.github.com/repos/microsoftgraph/msgraph-sdk-java/comments{/number}', 'issue_comment_url': 'https://api.github.com/repos/microsoftgraph/msgraph-sdk-java/issues/comments{/number}', 'contents_url': 'https://api.github.com/repos/microsoftgraph/msgraph-sdk-java/contents/{+path}', 'compare_url': 'https://api.github.com/repos/microsoftgraph/msgraph-sdk-java/compare/{base}...{head}', 'merges_url': 'https://api.github.com/repos/microsoftgraph/msgraph-sdk-java/merges', 'archive_url': 'https://api.github.com/repos/microsoftgraph/msgraph-sdk-java/{archive_format}{/ref}', 'downloads_url': 'https://api.github.com/repos/microsoftgraph/msgraph-sdk-java/downloads', 'issues_url': 'https://api.github.com/repos/microsoftgraph/msgraph-sdk-java/issues{/number}', 'pulls_url': 'https://api.github.com/repos/microsoftgraph/msgraph-sdk-java/pulls{/number}', 'milestones_url': 'https://api.github.com/repos/microsoftgraph/msgraph-sdk-java/milestones{/number}', 'notifications_url': 'https://api.github.com/repos/microsoftgraph/msgraph-sdk-java/notifications{?since,all,participating}', 'labels_url': 'https://api.github.com/repos/microsoftgraph/msgraph-sdk-java/labels{/name}', 'releases_url': 'https://api.github.com/repos/microsoftgraph/msgraph-sdk-java/releases{/id}', 'deployments_url': 'https://api.github.com/repos/microsoftgraph/msgraph-sdk-java/deployments', 'created_at': '2017-09-12T17:20:15Z', 'updated_at': '2022-03-04T17:20:01Z', 'pushed_at': '2022-03-22T10:21:06Z', 'git_url': 'git://github.com/microsoftgraph/msgraph-sdk-java.git', 'ssh_url': 'git@github.com:microsoftgraph/msgraph-sdk-java.git', 'clone_url': 'https://github.com/microsoftgraph/msgraph-sdk-java.git', 'svn_url': 'https://github.com/microsoftgraph/msgraph-sdk-java', 'homepage': 'https://docs.microsoft.com/en-us/graph/sdks/sdks-overview', 'size': 58830, 'stargazers_count': 244, 'watchers_count': 244, 'language': 'Java', 'has_issues': True, 'has_projects': True, 'has_downloads': True, 'has_wiki': False, 'has_pages': False, 'forks_count': 100, 'mirror_url': None, 'archived': False, 'disabled': False, 'open_issues_count': 5, 'license': {'key': 'mit', 'name': 'MIT License', 'spdx_id': 'MIT', 'url': 'https://api.github.com/licenses/mit', 'node_id': 'MDc6TGljZW5zZTEz'}, 'allow_forking': True, 'is_template': False, 'topics': ['java', 'microsoft-graph', 'microsoft-graph-sdk', 'sdk'], 'visibility': 'public', 'forks': 100, 'open_issues': 5, 'watchers': 244, 'default_branch': 'dev'}}, 'base': {'label': 'microsoftgraph:dev', 'ref': 'dev', 'sha': '92599efcc79529b0a883a06b625b3f6e2376ae0f', 'user': {'login': 'microsoftgraph', 'id': 17304259, 'node_id': 'MDEyOk9yZ2FuaXphdGlvbjE3MzA0MjU5', 'avatar_url': 'https://avatars.githubusercontent.com/u/17304259?v=4', 'gravatar_id': '', 'url': 'https://api.github.com/users/microsoftgraph', 'html_url': 'https://github.com/microsoftgraph', 'followers_url': 'https://api.github.com/users/microsoftgraph/followers', 'following_url': 'https://api.github.com/users/microsoftgraph/following{/other_user}', 'gists_url': 'https://api.github.com/users/microsoftgraph/gists{/gist_id}', 'starred_url': 'https://api.github.com/users/microsoftgraph/starred{/owner}{/repo}', 'subscriptions_url': 'https://api.github.com/users/microsoftgraph/subscriptions', 'organizations_url': 'https://api.github.com/users/microsoftgraph/orgs', 'repos_url': 'https://api.github.com/users/microsoftgraph/repos', 'events_url': 'https://api.github.com/users/microsoftgraph/events{/privacy}', 'received_events_url': 'https://api.github.com/users/microsoftgraph/received_events', 'type': 'Organization', 'site_admin': False}, 'repo': {'id': 103300409, 'node_id': 'MDEwOlJlcG9zaXRvcnkxMDMzMDA0MDk=', 'name': 'msgraph-sdk-java', 'full_name': 'microsoftgraph/msgraph-sdk-java', 'private': False, 'owner': {'login': 'microsoftgraph', 'id': 17304259, 'node_id': 'MDEyOk9yZ2FuaXphdGlvbjE3MzA0MjU5', 'avatar_url': 'https://avatars.githubusercontent.com/u/17304259?v=4', 'gravatar_id': '', 'url': 'https://api.github.com/users/microsoftgraph', 'html_url': 'https://github.com/microsoftgraph', 'followers_url': 'https://api.github.com/users/microsoftgraph/followers', 'following_url': 'https://api.github.com/users/microsoftgraph/following{/other_user}', 'gists_url': 'https://api.github.com/users/microsoftgraph/gists{/gist_id}', 'starred_url': 'https://api.github.com/users/microsoftgraph/starred{/owner}{/repo}', 'subscriptions_url': 'https://api.github.com/users/microsoftgraph/subscriptions', 'organizations_url': 'https://api.github.com/users/microsoftgraph/orgs', 'repos_url': 'https://api.github.com/users/microsoftgraph/repos', 'events_url': 'https://api.github.com/users/microsoftgraph/events{/privacy}', 'received_events_url': 'https://api.github.com/users/microsoftgraph/received_events', 'type': 'Organization', 'site_admin': False}, 'html_url': 'https://github.com/microsoftgraph/msgraph-sdk-java', 'description': 'Microsoft Graph SDK for Java', 'fork': False, 'url': 'https://api.github.com/repos/microsoftgraph/msgraph-sdk-java', 'forks_url': 'https://api.github.com/repos/microsoftgraph/msgraph-sdk-java/forks', 'keys_url': 'https://api.github.com/repos/microsoftgraph/msgraph-sdk-java/keys{/key_id}', 'collaborators_url': 'https://api.github.com/repos/microsoftgraph/msgraph-sdk-java/collaborators{/collaborator}', 'teams_url': 'https://api.github.com/repos/microsoftgraph/msgraph-sdk-java/teams', 'hooks_url': 'https://api.github.com/repos/microsoftgraph/msgraph-sdk-java/hooks', 'issue_events_url': 'https://api.github.com/repos/microsoftgraph/msgraph-sdk-java/issues/events{/number}', 'events_url': 'https://api.github.com/repos/microsoftgraph/msgraph-sdk-java/events', 'assignees_url': 'https://api.github.com/repos/microsoftgraph/msgraph-sdk-java/assignees{/user}', 'branches_url': 'https://api.github.com/repos/microsoftgraph/msgraph-sdk-java/branches{/branch}', 'tags_url': 'https://api.github.com/repos/microsoftgraph/msgraph-sdk-java/tags', 'blobs_url': 'https://api.github.com/repos/microsoftgraph/msgraph-sdk-java/git/blobs{/sha}', 'git_tags_url': 'https://api.github.com/repos/microsoftgraph/msgraph-sdk-java/git/tags{/sha}', 'git_refs_url': 'https://api.github.com/repos/microsoftgraph/msgraph-sdk-java/git/refs{/sha}', 'trees_url': 'https://api.github.com/repos/microsoftgraph/msgraph-sdk-java/git/trees{/sha}', 'statuses_url': 'https://api.github.com/repos/microsoftgraph/msgraph-sdk-java/statuses/{sha}', 'languages_url': 'https://api.github.com/repos/microsoftgraph/msgraph-sdk-java/languages', 'stargazers_url': 'https://api.github.com/repos/microsoftgraph/msgraph-sdk-java/stargazers', 'contributors_url': 'https://api.github.com/repos/microsoftgraph/msgraph-sdk-java/contributors', 'subscribers_url': 'https://api.github.com/repos/microsoftgraph/msgraph-sdk-java/subscribers', 'subscription_url': 'https://api.github.com/repos/microsoftgraph/msgraph-sdk-java/subscription', 'commits_url': 'https://api.github.com/repos/microsoftgraph/msgraph-sdk-java/commits{/sha}', 'git_commits_url': 'https://api.github.com/repos/microsoftgraph/msgraph-sdk-java/git/commits{/sha}', 'comments_url': 'https://api.github.com/repos/microsoftgraph/msgraph-sdk-java/comments{/number}', 'issue_comment_url': 'https://api.github.com/repos/microsoftgraph/msgraph-sdk-java/issues/comments{/number}', 'contents_url': 'https://api.github.com/repos/microsoftgraph/msgraph-sdk-java/contents/{+path}', 'compare_url': 'https://api.github.com/repos/microsoftgraph/msgraph-sdk-java/compare/{base}...{head}', 'merges_url': 'https://api.github.com/repos/microsoftgraph/msgraph-sdk-java/merges', 'archive_url': 'https://api.github.com/repos/microsoftgraph/msgraph-sdk-java/{archive_format}{/ref}', 'downloads_url': 'https://api.github.com/repos/microsoftgraph/msgraph-sdk-java/downloads', 'issues_url': 'https://api.github.com/repos/microsoftgraph/msgraph-sdk-java/issues{/number}', 'pulls_url': 'https://api.github.com/repos/microsoftgraph/msgraph-sdk-java/pulls{/number}', 'milestones_url': 'https://api.github.com/repos/microsoftgraph/msgraph-sdk-java/milestones{/number}', 'notifications_url': 'https://api.github.com/repos/microsoftgraph/msgraph-sdk-java/notifications{?since,all,participating}', 'labels_url': 'https://api.github.com/repos/microsoftgraph/msgraph-sdk-java/labels{/name}', 'releases_url': 'https://api.github.com/repos/microsoftgraph/msgraph-sdk-java/releases{/id}', 'deployments_url': 'https://api.github.com/repos/microsoftgraph/msgraph-sdk-java/deployments', 'created_at': '2017-09-12T17:20:15Z', 'updated_at': '2022-03-04T17:20:01Z', 'pushed_at': '2022-03-22T10:21:06Z', 'git_url': 'git://github.com/microsoftgraph/msgraph-sdk-java.git', 'ssh_url': 'git@github.com:microsoftgraph/msgraph-sdk-java.git', 'clone_url': 'https://github.com/microsoftgraph/msgraph-sdk-java.git', 'svn_url': 'https://github.com/microsoftgraph/msgraph-sdk-java', 'homepage': 'https://docs.microsoft.com/en-us/graph/sdks/sdks-overview', 'size': 58830, 'stargazers_count': 244, 'watchers_count': 244, 'language': 'Java', 'has_issues': True, 'has_projects': True, 'has_downloads': True, 'has_wiki': False, 'has_pages': False, 'forks_count': 100, 'mirror_url': None, 'archived': False, 'disabled': False, 'open_issues_count': 5, 'license': {'key': 'mit', 'name': 'MIT License', 'spdx_id': 'MIT', 'url': 'https://api.github.com/licenses/mit', 'node_id': 'MDc6TGljZW5zZTEz'}, 'allow_forking': True, 'is_template': False, 'topics': ['java', 'microsoft-graph', 'microsoft-graph-sdk', 'sdk'], 'visibility': 'public', 'forks': 100, 'open_issues': 5, 'watchers': 244, 'default_branch': 'dev'}}, '_links': {'self': {'href': 'https://api.github.com/repos/microsoftgraph/msgraph-sdk-java/pulls/1034'}, 'html': {'href': 'https://github.com/microsoftgraph/msgraph-sdk-java/pull/1034'}, 'issue': {'href': 'https://api.github.com/repos/microsoftgraph/msgraph-sdk-java/issues/1034'}, 'comments': {'href': 'https://api.github.com/repos/microsoftgraph/msgraph-sdk-java/issues/1034/comments'}, 'review_comments': {'href': 'https://api.github.com/repos/microsoftgraph/msgraph-sdk-java/pulls/1034/comments'}, 'review_comment': {'href': 'https://api.github.com/repos/microsoftgraph/msgraph-sdk-java/pulls/comments{/number}'}, 'commits': {'href': 'https://api.github.com/repos/microsoftgraph/msgraph-sdk-java/pulls/1034/commits'}, 'statuses': {'href': 'https://api.github.com/repos/microsoftgraph/msgraph-sdk-java/statuses/c9767041b0f00a9b890b0f7930f9e0b6d4ce5d2a'}}, 'author_association': 'CONTRIBUTOR', 'auto_merge': None, 'active_lock_reason': None, 'merged': False, 'mergeable': None, 'rebaseable': None, 'mergeable_state': 'unknown', 'merged_by': None, 'comments': 0, 'review_comments': 0, 'maintainer_can_modify': False, 'commits': 1, 'additions': 111, 'deletions': 19, 'changed_files': 11}}",opened,Java
20869112797,PullRequestEvent,microsoftgraph/msgraph-beta-sdk-java,0.0,2022-03-22T10:14:26Z,"{'action': 'opened', 'number': 271, 'pull_request': {'url': 'https://api.github.com/repos/microsoftgraph/msgraph-beta-sdk-java/pulls/271', 'id': 885854573, 'node_id': 'PR_kwDODDF5Ls40zRFt', 'html_url': 'https://github.com/microsoftgraph/msgraph-beta-sdk-java/pull/271', 'diff_url': 'https://github.com/microsoftgraph/msgraph-beta-sdk-java/pull/271.diff', 'patch_url': 'https://github.com/microsoftgraph/msgraph-beta-sdk-java/pull/271.patch', 'issue_url': 'https://api.github.com/repos/microsoftgraph/msgraph-beta-sdk-java/issues/271', 'number': 271, 'state': 'open', 'locked': False, 'title': 'Generated beta models and request builders using Typewriter', 'user': {'login': 'ramsessanchez', 'id': 63934382, 'node_id': 'MDQ6VXNlcjYzOTM0Mzgy', 'avatar_url': 'https://avatars.githubusercontent.com/u/63934382?v=4', 'gravatar_id': '', 'url': 'https://api.github.com/users/ramsessanchez', 'html_url': 'https://github.com/ramsessanchez', 'followers_url': 'https://api.github.com/users/ramsessanchez/followers', 'following_url': 'https://api.github.com/users/ramsessanchez/following{/other_user}', 'gists_url': 'https://api.github.com/users/ramsessanchez/gists{/gist_id}', 'starred_url': 'https://api.github.com/users/ramsessanchez/starred{/owner}{/repo}', 'subscriptions_url': 'https://api.github.com/users/ramsessanchez/subscriptions', 'organizations_url': 'https://api.github.com/users/ramsessanchez/orgs', 'repos_url': 'https://api.github.com/users/ramsessanchez/repos', 'events_url': 'https://api.github.com/users/ramsessanchez/events{/privacy}', 'received_events_url': 'https://api.github.com/users/ramsessanchez/received_events', 'type': 'User', 'site_admin': False}, 'body': 'This pull request was automatically created by the GitHub Action, **create pull request**. \n\n The commit hash is _c9cf980ac73ab18b3a57bddfca2cd6a413139995_. \n\n **Important** Check for unexpected deletions or changes in this PR.', 'created_at': '2022-03-22T10:14:25Z', 'updated_at': '2022-03-22T10:14:25Z', 'closed_at': None, 'merged_at': None, 'merge_commit_sha': None, 'assignee': None, 'assignees': [], 'requested_reviewers': [], 'requested_teams': [], 'labels': [], 'milestone': None, 'draft': False, 'commits_url': 'https://api.github.com/repos/microsoftgraph/msgraph-beta-sdk-java/pulls/271/commits', 'review_comments_url': 'https://api.github.com/repos/microsoftgraph/msgraph-beta-sdk-java/pulls/271/comments', 'review_comment_url': 'https://api.github.com/repos/microsoftgraph/msgraph-beta-sdk-java/pulls/comments{/number}', 'comments_url': 'https://api.github.com/repos/microsoftgraph/msgraph-beta-sdk-java/issues/271/comments', 'statuses_url': 'https://api.github.com/repos/microsoftgraph/msgraph-beta-sdk-java/statuses/c9cf980ac73ab18b3a57bddfca2cd6a413139995', 'head': {'label': 'microsoftgraph:beta/pipelinebuild/70873', 'ref': 'beta/pipelinebuild/70873', 'sha': 'c9cf980ac73ab18b3a57bddfca2cd6a413139995', 'user': {'login': 'microsoftgraph', 'id': 17304259, 'node_id': 'MDEyOk9yZ2FuaXphdGlvbjE3MzA0MjU5', 'avatar_url': 'https://avatars.githubusercontent.com/u/17304259?v=4', 'gravatar_id': '', 'url': 'https://api.github.com/users/microsoftgraph', 'html_url': 'https://github.com/microsoftgraph', 'followers_url': 'https://api.github.com/users/microsoftgraph/followers', 'following_url': 'https://api.github.com/users/microsoftgraph/following{/other_user}', 'gists_url': 'https://api.github.com/users/microsoftgraph/gists{/gist_id}', 'starred_url': 'https://api.github.com/users/microsoftgraph/starred{/owner}{/repo}', 'subscriptions_url': 'https://api.github.com/users/microsoftgraph/subscriptions', 'organizations_url': 'https://api.github.com/users/microsoftgraph/orgs', 'repos_url': 'https://api.github.com/users/microsoftgraph/repos', 'events_url': 'https://api.github.com/users/microsoftgraph/events{/privacy}', 'received_events_url': 'https://api.github.com/users/microsoftgraph/received_events', 'type': 'Organization', 'site_admin': False}, 'repo': {'id': 204568878, 'node_id': 'MDEwOlJlcG9zaXRvcnkyMDQ1Njg4Nzg=', 'name': 'msgraph-beta-sdk-java', 'full_name': 'microsoftgraph/msgraph-beta-sdk-java', 'private': False, 'owner': {'login': 'microsoftgraph', 'id': 17304259, 'node_id': 'MDEyOk9yZ2FuaXphdGlvbjE3MzA0MjU5', 'avatar_url': 'https://avatars.githubusercontent.com/u/17304259?v=4', 'gravatar_id': '', 'url': 'https://api.github.com/users/microsoftgraph', 'html_url': 'https://github.com/microsoftgraph', 'followers_url': 'https://api.github.com/users/microsoftgraph/followers', 'following_url': 'https://api.github.com/users/microsoftgraph/following{/other_user}', 'gists_url': 'https://api.github.com/users/microsoftgraph/gists{/gist_id}', 'starred_url': 'https://api.github.com/users/microsoftgraph/starred{/owner}{/repo}', 'subscriptions_url': 'https://api.github.com/users/microsoftgraph/subscriptions', 'organizations_url': 'https://api.github.com/users/microsoftgraph/orgs', 'repos_url': 'https://api.github.com/users/microsoftgraph/repos', 'events_url': 'https://api.github.com/users/microsoftgraph/events{/privacy}', 'received_events_url': 'https://api.github.com/users/microsoftgraph/received_events', 'type': 'Organization', 'site_admin': False}, 'html_url': 'https://github.com/microsoftgraph/msgraph-beta-sdk-java', 'description': 'Microsoft Graph Beta Java SDK', 'fork': False, 'url': 'https://api.github.com/repos/microsoftgraph/msgraph-beta-sdk-java', 'forks_url': 'https://api.github.com/repos/microsoftgraph/msgraph-beta-sdk-java/forks', 'keys_url': 'https://api.github.com/repos/microsoftgraph/msgraph-beta-sdk-java/keys{/key_id}', 'collaborators_url': 'https://api.github.com/repos/microsoftgraph/msgraph-beta-sdk-java/collaborators{/collaborator}', 'teams_url': 'https://api.github.com/repos/microsoftgraph/msgraph-beta-sdk-java/teams', 'hooks_url': 'https://api.github.com/repos/microsoftgraph/msgraph-beta-sdk-java/hooks', 'issue_events_url': 'https://api.github.com/repos/microsoftgraph/msgraph-beta-sdk-java/issues/events{/number}', 'events_url': 'https://api.github.com/repos/microsoftgraph/msgraph-beta-sdk-java/events', 'assignees_url': 'https://api.github.com/repos/microsoftgraph/msgraph-beta-sdk-java/assignees{/user}', 'branches_url': 'https://api.github.com/repos/microsoftgraph/msgraph-beta-sdk-java/branches{/branch}', 'tags_url': 'https://api.github.com/repos/microsoftgraph/msgraph-beta-sdk-java/tags', 'blobs_url': 'https://api.github.com/repos/microsoftgraph/msgraph-beta-sdk-java/git/blobs{/sha}', 'git_tags_url': 'https://api.github.com/repos/microsoftgraph/msgraph-beta-sdk-java/git/tags{/sha}', 'git_refs_url': 'https://api.github.com/repos/microsoftgraph/msgraph-beta-sdk-java/git/refs{/sha}', 'trees_url': 'https://api.github.com/repos/microsoftgraph/msgraph-beta-sdk-java/git/trees{/sha}', 'statuses_url': 'https://api.github.com/repos/microsoftgraph/msgraph-beta-sdk-java/statuses/{sha}', 'languages_url': 'https://api.github.com/repos/microsoftgraph/msgraph-beta-sdk-java/languages', 'stargazers_url': 'https://api.github.com/repos/microsoftgraph/msgraph-beta-sdk-java/stargazers', 'contributors_url': 'https://api.github.com/repos/microsoftgraph/msgraph-beta-sdk-java/contributors', 'subscribers_url': 'https://api.github.com/repos/microsoftgraph/msgraph-beta-sdk-java/subscribers', 'subscription_url': 'https://api.github.com/repos/microsoftgraph/msgraph-beta-sdk-java/subscription', 'commits_url': 'https://api.github.com/repos/microsoftgraph/msgraph-beta-sdk-java/commits{/sha}', 'git_commits_url': 'https://api.github.com/repos/microsoftgraph/msgraph-beta-sdk-java/git/commits{/sha}', 'comments_url': 'https://api.github.com/repos/microsoftgraph/msgraph-beta-sdk-java/comments{/number}', 'issue_comment_url': 'https://api.github.com/repos/microsoftgraph/msgraph-beta-sdk-java/issues/comments{/number}', 'contents_url': 'https://api.github.com/repos/microsoftgraph/msgraph-beta-sdk-java/contents/{+path}', 'compare_url': 'https://api.github.com/repos/microsoftgraph/msgraph-beta-sdk-java/compare/{base}...{head}', 'merges_url': 'https://api.github.com/repos/microsoftgraph/msgraph-beta-sdk-java/merges', 'archive_url': 'https://api.github.com/repos/microsoftgraph/msgraph-beta-sdk-java/{archive_format}{/ref}', 'downloads_url': 'https://api.github.com/repos/microsoftgraph/msgraph-beta-sdk-java/downloads', 'issues_url': 'https://api.github.com/repos/microsoftgraph/msgraph-beta-sdk-java/issues{/number}', 'pulls_url': 'https://api.github.com/repos/microsoftgraph/msgraph-beta-sdk-java/pulls{/number}', 'milestones_url': 'https://api.github.com/repos/microsoftgraph/msgraph-beta-sdk-java/milestones{/number}', 'notifications_url': 'https://api.github.com/repos/microsoftgraph/msgraph-beta-sdk-java/notifications{?since,all,participating}', 'labels_url': 'https://api.github.com/repos/microsoftgraph/msgraph-beta-sdk-java/labels{/name}', 'releases_url': 'https://api.github.com/repos/microsoftgraph/msgraph-beta-sdk-java/releases{/id}', 'deployments_url': 'https://api.github.com/repos/microsoftgraph/msgraph-beta-sdk-java/deployments', 'created_at': '2019-08-26T21:59:24Z', 'updated_at': '2022-02-23T21:45:26Z', 'pushed_at': '2022-03-22T10:14:25Z', 'git_url': 'git://github.com/microsoftgraph/msgraph-beta-sdk-java.git', 'ssh_url': 'git@github.com:microsoftgraph/msgraph-beta-sdk-java.git', 'clone_url': 'https://github.com/microsoftgraph/msgraph-beta-sdk-java.git', 'svn_url': 'https://github.com/microsoftgraph/msgraph-beta-sdk-java', 'homepage': 'https://docs.microsoft.com/en-us/graph/sdks/use-beta?tabs=Java', 'size': 51269, 'stargazers_count': 8, 'watchers_count': 8, 'language': 'Java', 'has_issues': True, 'has_projects': True, 'has_downloads': True, 'has_wiki': False, 'has_pages': False, 'forks_count': 5, 'mirror_url': None, 'archived': False, 'disabled': False, 'open_issues_count': 3, 'license': {'key': 'mit', 'name': 'MIT License', 'spdx_id': 'MIT', 'url': 'https://api.github.com/licenses/mit', 'node_id': 'MDc6TGljZW5zZTEz'}, 'allow_forking': True, 'is_template': False, 'topics': ['java', 'microsoft-graph', 'sdk'], 'visibility': 'public', 'forks': 5, 'open_issues': 3, 'watchers': 8, 'default_branch': 'dev'}}, 'base': {'label': 'microsoftgraph:dev', 'ref': 'dev', 'sha': '14543c3a5311cdada99b30f0681a387b0fe6ede1', 'user': {'login': 'microsoftgraph', 'id': 17304259, 'node_id': 'MDEyOk9yZ2FuaXphdGlvbjE3MzA0MjU5', 'avatar_url': 'https://avatars.githubusercontent.com/u/17304259?v=4', 'gravatar_id': '', 'url': 'https://api.github.com/users/microsoftgraph', 'html_url': 'https://github.com/microsoftgraph', 'followers_url': 'https://api.github.com/users/microsoftgraph/followers', 'following_url': 'https://api.github.com/users/microsoftgraph/following{/other_user}', 'gists_url': 'https://api.github.com/users/microsoftgraph/gists{/gist_id}', 'starred_url': 'https://api.github.com/users/microsoftgraph/starred{/owner}{/repo}', 'subscriptions_url': 'https://api.github.com/users/microsoftgraph/subscriptions', 'organizations_url': 'https://api.github.com/users/microsoftgraph/orgs', 'repos_url': 'https://api.github.com/users/microsoftgraph/repos', 'events_url': 'https://api.github.com/users/microsoftgraph/events{/privacy}', 'received_events_url': 'https://api.github.com/users/microsoftgraph/received_events', 'type': 'Organization', 'site_admin': False}, 'repo': {'id': 204568878, 'node_id': 'MDEwOlJlcG9zaXRvcnkyMDQ1Njg4Nzg=', 'name': 'msgraph-beta-sdk-java', 'full_name': 'microsoftgraph/msgraph-beta-sdk-java', 'private': False, 'owner': {'login': 'microsoftgraph', 'id': 17304259, 'node_id': 'MDEyOk9yZ2FuaXphdGlvbjE3MzA0MjU5', 'avatar_url': 'https://avatars.githubusercontent.com/u/17304259?v=4', 'gravatar_id': '', 'url': 'https://api.github.com/users/microsoftgraph', 'html_url': 'https://github.com/microsoftgraph', 'followers_url': 'https://api.github.com/users/microsoftgraph/followers', 'following_url': 'https://api.github.com/users/microsoftgraph/following{/other_user}', 'gists_url': 'https://api.github.com/users/microsoftgraph/gists{/gist_id}', 'starred_url': 'https://api.github.com/users/microsoftgraph/starred{/owner}{/repo}', 'subscriptions_url': 'https://api.github.com/users/microsoftgraph/subscriptions', 'organizations_url': 'https://api.github.com/users/microsoftgraph/orgs', 'repos_url': 'https://api.github.com/users/microsoftgraph/repos', 'events_url': 'https://api.github.com/users/microsoftgraph/events{/privacy}', 'received_events_url': 'https://api.github.com/users/microsoftgraph/received_events', 'type': 'Organization', 'site_admin': False}, 'html_url': 'https://github.com/microsoftgraph/msgraph-beta-sdk-java', 'description': 'Microsoft Graph Beta Java SDK', 'fork': False, 'url': 'https://api.github.com/repos/microsoftgraph/msgraph-beta-sdk-java', 'forks_url': 'https://api.github.com/repos/microsoftgraph/msgraph-beta-sdk-java/forks', 'keys_url': 'https://api.github.com/repos/microsoftgraph/msgraph-beta-sdk-java/keys{/key_id}', 'collaborators_url': 'https://api.github.com/repos/microsoftgraph/msgraph-beta-sdk-java/collaborators{/collaborator}', 'teams_url': 'https://api.github.com/repos/microsoftgraph/msgraph-beta-sdk-java/teams', 'hooks_url': 'https://api.github.com/repos/microsoftgraph/msgraph-beta-sdk-java/hooks', 'issue_events_url': 'https://api.github.com/repos/microsoftgraph/msgraph-beta-sdk-java/issues/events{/number}', 'events_url': 'https://api.github.com/repos/microsoftgraph/msgraph-beta-sdk-java/events', 'assignees_url': 'https://api.github.com/repos/microsoftgraph/msgraph-beta-sdk-java/assignees{/user}', 'branches_url': 'https://api.github.com/repos/microsoftgraph/msgraph-beta-sdk-java/branches{/branch}', 'tags_url': 'https://api.github.com/repos/microsoftgraph/msgraph-beta-sdk-java/tags', 'blobs_url': 'https://api.github.com/repos/microsoftgraph/msgraph-beta-sdk-java/git/blobs{/sha}', 'git_tags_url': 'https://api.github.com/repos/microsoftgraph/msgraph-beta-sdk-java/git/tags{/sha}', 'git_refs_url': 'https://api.github.com/repos/microsoftgraph/msgraph-beta-sdk-java/git/refs{/sha}', 'trees_url': 'https://api.github.com/repos/microsoftgraph/msgraph-beta-sdk-java/git/trees{/sha}', 'statuses_url': 'https://api.github.com/repos/microsoftgraph/msgraph-beta-sdk-java/statuses/{sha}', 'languages_url': 'https://api.github.com/repos/microsoftgraph/msgraph-beta-sdk-java/languages', 'stargazers_url': 'https://api.github.com/repos/microsoftgraph/msgraph-beta-sdk-java/stargazers', 'contributors_url': 'https://api.github.com/repos/microsoftgraph/msgraph-beta-sdk-java/contributors', 'subscribers_url': 'https://api.github.com/repos/microsoftgraph/msgraph-beta-sdk-java/subscribers', 'subscription_url': 'https://api.github.com/repos/microsoftgraph/msgraph-beta-sdk-java/subscription', 'commits_url': 'https://api.github.com/repos/microsoftgraph/msgraph-beta-sdk-java/commits{/sha}', 'git_commits_url': 'https://api.github.com/repos/microsoftgraph/msgraph-beta-sdk-java/git/commits{/sha}', 'comments_url': 'https://api.github.com/repos/microsoftgraph/msgraph-beta-sdk-java/comments{/number}', 'issue_comment_url': 'https://api.github.com/repos/microsoftgraph/msgraph-beta-sdk-java/issues/comments{/number}', 'contents_url': 'https://api.github.com/repos/microsoftgraph/msgraph-beta-sdk-java/contents/{+path}', 'compare_url': 'https://api.github.com/repos/microsoftgraph/msgraph-beta-sdk-java/compare/{base}...{head}', 'merges_url': 'https://api.github.com/repos/microsoftgraph/msgraph-beta-sdk-java/merges', 'archive_url': 'https://api.github.com/repos/microsoftgraph/msgraph-beta-sdk-java/{archive_format}{/ref}', 'downloads_url': 'https://api.github.com/repos/microsoftgraph/msgraph-beta-sdk-java/downloads', 'issues_url': 'https://api.github.com/repos/microsoftgraph/msgraph-beta-sdk-java/issues{/number}', 'pulls_url': 'https://api.github.com/repos/microsoftgraph/msgraph-beta-sdk-java/pulls{/number}', 'milestones_url': 'https://api.github.com/repos/microsoftgraph/msgraph-beta-sdk-java/milestones{/number}', 'notifications_url': 'https://api.github.com/repos/microsoftgraph/msgraph-beta-sdk-java/notifications{?since,all,participating}', 'labels_url': 'https://api.github.com/repos/microsoftgraph/msgraph-beta-sdk-java/labels{/name}', 'releases_url': 'https://api.github.com/repos/microsoftgraph/msgraph-beta-sdk-java/releases{/id}', 'deployments_url': 'https://api.github.com/repos/microsoftgraph/msgraph-beta-sdk-java/deployments', 'created_at': '2019-08-26T21:59:24Z', 'updated_at': '2022-02-23T21:45:26Z', 'pushed_at': '2022-03-22T10:14:25Z', 'git_url': 'git://github.com/microsoftgraph/msgraph-beta-sdk-java.git', 'ssh_url': 'git@github.com:microsoftgraph/msgraph-beta-sdk-java.git', 'clone_url': 'https://github.com/microsoftgraph/msgraph-beta-sdk-java.git', 'svn_url': 'https://github.com/microsoftgraph/msgraph-beta-sdk-java', 'homepage': 'https://docs.microsoft.com/en-us/graph/sdks/use-beta?tabs=Java', 'size': 51269, 'stargazers_count': 8, 'watchers_count': 8, 'language': 'Java', 'has_issues': True, 'has_projects': True, 'has_downloads': True, 'has_wiki': False, 'has_pages': False, 'forks_count': 5, 'mirror_url': None, 'archived': False, 'disabled': False, 'open_issues_count': 3, 'license': {'key': 'mit', 'name': 'MIT License', 'spdx_id': 'MIT', 'url': 'https://api.github.com/licenses/mit', 'node_id': 'MDc6TGljZW5zZTEz'}, 'allow_forking': True, 'is_template': False, 'topics': ['java', 'microsoft-graph', 'sdk'], 'visibility': 'public', 'forks': 5, 'open_issues': 3, 'watchers': 8, 'default_branch': 'dev'}}, '_links': {'self': {'href': 'https://api.github.com/repos/microsoftgraph/msgraph-beta-sdk-java/pulls/271'}, 'html': {'href': 'https://github.com/microsoftgraph/msgraph-beta-sdk-java/pull/271'}, 'issue': {'href': 'https://api.github.com/repos/microsoftgraph/msgraph-beta-sdk-java/issues/271'}, 'comments': {'href': 'https://api.github.com/repos/microsoftgraph/msgraph-beta-sdk-java/issues/271/comments'}, 'review_comments': {'href': 'https://api.github.com/repos/microsoftgraph/msgraph-beta-sdk-java/pulls/271/comments'}, 'review_comment': {'href': 'https://api.github.com/repos/microsoftgraph/msgraph-beta-sdk-java/pulls/comments{/number}'}, 'commits': {'href': 'https://api.github.com/repos/microsoftgraph/msgraph-beta-sdk-java/pulls/271/commits'}, 'statuses': {'href': 'https://api.github.com/repos/microsoftgraph/msgraph-beta-sdk-java/statuses/c9cf980ac73ab18b3a57bddfca2cd6a413139995'}}, 'author_association': 'CONTRIBUTOR', 'auto_merge': None, 'active_lock_reason': None, 'merged': False, 'mergeable': None, 'rebaseable': None, 'mergeable_state': 'unknown', 'merged_by': None, 'comments': 0, 'review_comments': 0, 'maintainer_can_modify': False, 'commits': 1, 'additions': 556, 'deletions': 184, 'changed_files': 42}}",opened,Java
20805683881,PushEvent,microsoft/kiota,0.0,2022-03-17T18:55:41Z,"{'push_id': 9380594258, 'size': 828, 'distinct_size': 1, 'ref': 'refs/heads/rsh/java-core-migration', 'head': 'e7cbc9d4a6b58cbc4b562ecb89e654ae17d97a9c', 'before': '6a13b2f10adc78f733069e41ef612904fc15a96d', 'commits': [{'sha': 'ad5cf7d4ec66fd2833d80b0d2af31cf46ea67c53', 'author': {'email': 'caleb.kiage@gmail.com', 'name': 'calebkiage'}, 'message': 'Add shell writer based on C# writer', 'distinct': False, 'url': 'https://api.github.com/repos/microsoft/kiota/commits/ad5cf7d4ec66fd2833d80b0d2af31cf46ea67c53'}, {'sha': '7ec5869e22cc7fda119cbd3ae8713c52981859b3', 'author': {'email': 'caleb.kiage@gmail.com', 'name': 'calebkiage'}, 'message': 'Fix method writer reference', 'distinct': False, 'url': 'https://api.github.com/repos/microsoft/kiota/commits/7ec5869e22cc7fda119cbd3ae8713c52981859b3'}, {'sha': '5ee05a0e969df73078f881f28b29a15270ebb068', 'author': {'email': 'caleb.kiage@gmail.com', 'name': 'calebkiage'}, 'message': 'Add shell writer based on C# writer', 'distinct': False, 'url': 'https://api.github.com/repos/microsoft/kiota/commits/5ee05a0e969df73078f881f28b29a15270ebb068'}, {'sha': 'e0061ea1b0cedf573ad450c0aeaec0787606774a', 'author': {'email': 'caleb.kiage@gmail.com', 'name': 'calebkiage'}, 'message': 'Fix method writer reference', 'distinct': False, 'url': 'https://api.github.com/repos/microsoft/kiota/commits/e0061ea1b0cedf573ad450c0aeaec0787606774a'}, {'sha': 'f3bf3f6cd95bacbea1bbfd0594c498fd8cbd19be', 'author': {'email': 'caleb.kiage@gmail.com', 'name': 'calebkiage'}, 'message': 'Fix generation error', 'distinct': False, 'url': 'https://api.github.com/repos/microsoft/kiota/commits/f3bf3f6cd95bacbea1bbfd0594c498fd8cbd19be'}, {'sha': 'b36cf9202ed457a1b4ff1b831fcce194347945aa', 'author': {'email': 'caleb.kiage@gmail.com', 'name': 'calebkiage'}, 'message': 'Add code class kind for shell language', 'distinct': False, 'url': 'https://api.github.com/repos/microsoft/kiota/commits/b36cf9202ed457a1b4ff1b831fcce194347945aa'}, {'sha': '5d370c7ee051744077092b8ba499a7edd248a099', 'author': {'email': 'caleb.kiage@gmail.com', 'name': 'calebkiage'}, 'message': 'Remove unused code', 'distinct': False, 'url': 'https://api.github.com/repos/microsoft/kiota/commits/5d370c7ee051744077092b8ba499a7edd248a099'}, {'sha': 'e7ce85f88bd47aa9f92198e873e55208e7458b10', 'author': {'email': 'caleb.kiage@gmail.com', 'name': 'calebkiage'}, 'message': 'Rename AddCodeElementWriter function to reflect updated behavior which includes replacement', 'distinct': False, 'url': 'https://api.github.com/repos/microsoft/kiota/commits/e7ce85f88bd47aa9f92198e873e55208e7458b10'}, {'sha': '0802de4e2c7667b15411ef1a6b929ee0af930108', 'author': {'email': 'vibiret@microsoft.com', 'name': 'Vincent Biret'}, 'message': '- adds path and query parameters for non fluent languages\n\nSigned-off-by: Vincent Biret <vibiret@microsoft.com>', 'distinct': False, 'url': 'https://api.github.com/repos/microsoft/kiota/commits/0802de4e2c7667b15411ef1a6b929ee0af930108'}, {'sha': '0c668ec940007773dbad3237c153ec7f236b1968', 'author': {'email': 'caleb.kiage@gmail.com', 'name': 'calebkiage'}, 'message': 'Update shell refiner to add command builders', 'distinct': False, 'url': 'https://api.github.com/repos/microsoft/kiota/commits/0c668ec940007773dbad3237c153ec7f236b1968'}, {'sha': 'd23f2a76cf54683243c4c84a024205a214bd0bb4', 'author': {'email': 'caleb.kiage@gmail.com', 'name': 'calebkiage'}, 'message': ""Merge branch 'feat/cli_generator' of https://github.com/microsoft/kiota into feat/cli_generator"", 'distinct': False, 'url': 'https://api.github.com/repos/microsoft/kiota/commits/d23f2a76cf54683243c4c84a024205a214bd0bb4'}, {'sha': '87d12e672847558ab6b65e109e293a4caae0b929', 'author': {'email': 'caleb.kiage@gmail.com', 'name': 'calebkiage'}, 'message': 'Remove parameters from build command', 'distinct': False, 'url': 'https://api.github.com/repos/microsoft/kiota/commits/87d12e672847558ab6b65e109e293a4caae0b929'}, {'sha': 'cdd23bbb189fe3166ef92019361e0dcd99ae642b', 'author': {'email': 'caleb.kiage@gmail.com', 'name': 'calebkiage'}, 'message': 'Update command handler', 'distinct': False, 'url': 'https://api.github.com/repos/microsoft/kiota/commits/cdd23bbb189fe3166ef92019361e0dcd99ae642b'}, {'sha': '4a78a556ffe1481ab7ebed3414cddd3e1bdbb36b', 'author': {'email': 'caleb.kiage@gmail.com', 'name': 'calebkiage'}, 'message': 'Apply suggested Linq optimization', 'distinct': False, 'url': 'https://api.github.com/repos/microsoft/kiota/commits/4a78a556ffe1481ab7ebed3414cddd3e1bdbb36b'}, {'sha': 'c43d8fadfe2097620efc5ca569c181981e0b4feb', 'author': {'email': 'caleb.kiage@gmail.com', 'name': 'calebkiage'}, 'message': 'Add code to set up command tree', 'distinct': False, 'url': 'https://api.github.com/repos/microsoft/kiota/commits/c43d8fadfe2097620efc5ca569c181981e0b4feb'}, {'sha': '14995f969d7f70031cc2d871093aca472a01d7da', 'author': {'email': 'caleb.kiage@gmail.com', 'name': 'calebkiage'}, 'message': 'Update import declarations in generated code', 'distinct': False, 'url': 'https://api.github.com/repos/microsoft/kiota/commits/14995f969d7f70031cc2d871093aca472a01d7da'}, {'sha': '1c613e5a04d6ce2c97b54ddc3cea71057ebac2d1', 'author': {'email': 'caleb.kiage@gmail.com', 'name': 'calebkiage'}, 'message': ""Merge remote-tracking branch 'origin/main' into feat/cli_generator"", 'distinct': False, 'url': 'https://api.github.com/repos/microsoft/kiota/commits/1c613e5a04d6ce2c97b54ddc3cea71057ebac2d1'}, {'sha': '7162adbb22269f70e58f88165aba50a4e173b908', 'author': {'email': 'caleb.kiage@gmail.com', 'name': 'calebkiage'}, 'message': 'Generate code to output command results', 'distinct': False, 'url': 'https://api.github.com/repos/microsoft/kiota/commits/7162adbb22269f70e58f88165aba50a4e173b908'}, {'sha': '2bb0dad547202dfea1e6f248b1a5c14d33e35b06', 'author': {'email': 'caleb.kiage@gmail.com', 'name': 'calebkiage'}, 'message': 'Read request body input as json string', 'distinct': False, 'url': 'https://api.github.com/repos/microsoft/kiota/commits/2bb0dad547202dfea1e6f248b1a5c14d33e35b06'}, {'sha': 'd65d2478f9aa2d99a9f334c1d2ecb9990456be0d', 'author': {'email': 'caleb.kiage@gmail.com', 'name': 'calebkiage'}, 'message': 'Add file IO support for stream data upload & download', 'distinct': False, 'url': 'https://api.github.com/repos/microsoft/kiota/commits/d65d2478f9aa2d99a9f334c1d2ecb9990456be0d'}]}",,C#
20789905547,PushEvent,microsoft/kiota,0.0,2022-03-17T00:05:37Z,"{'push_id': 9372786806, 'size': 1, 'distinct_size': 1, 'ref': 'refs/heads/rsh/java-core-migration', 'head': '6a13b2f10adc78f733069e41ef612904fc15a96d', 'before': '8ef88f74f73a9423b4fbf4a091f5e88477a3edc0', 'commits': [{'sha': '6a13b2f10adc78f733069e41ef612904fc15a96d', 'author': {'email': 'ramsess@microsoft.com', 'name': 'ramsessanchez'}, 'message': 'Retry Handler time header handling and testing', 'distinct': True, 'url': 'https://api.github.com/repos/microsoft/kiota/commits/6a13b2f10adc78f733069e41ef612904fc15a96d'}]}",,C#
20769362626,PushEvent,microsoft/kiota,0.0,2022-03-16T01:41:12Z,"{'push_id': 9362698808, 'size': 1, 'distinct_size': 1, 'ref': 'refs/heads/rsh/java-core-migration', 'head': '8ef88f74f73a9423b4fbf4a091f5e88477a3edc0', 'before': 'db93b0d6afbfa36e442632592f1e234490b42c78', 'commits': [{'sha': '8ef88f74f73a9423b4fbf4a091f5e88477a3edc0', 'author': {'email': 'ramsess@microsoft.com', 'name': 'ramsessanchez'}, 'message': 'retryHandler date format header', 'distinct': True, 'url': 'https://api.github.com/repos/microsoft/kiota/commits/8ef88f74f73a9423b4fbf4a091f5e88477a3edc0'}]}",,C#
20767174973,PushEvent,microsoftgraph/msgraph-beta-sdk-java,0.0,2022-03-15T22:02:14Z,"{'push_id': 9361561808, 'size': 1, 'distinct_size': 1, 'ref': 'refs/heads/beta/pipelinebuild/70473', 'head': '8b9f43b4ed8743e61abc10b1a8fd5511cc8940bd', 'before': '4e0c6efc5899cb8111ab24099b88fec66fad4c7f', 'commits': [{'sha': '8b9f43b4ed8743e61abc10b1a8fd5511cc8940bd', 'author': {'email': '63934382+ramsessanchez@users.noreply.github.com', 'name': 'ramsessanchez'}, 'message': 'Update CHANGELOG.md', 'distinct': True, 'url': 'https://api.github.com/repos/microsoftgraph/msgraph-beta-sdk-java/commits/8b9f43b4ed8743e61abc10b1a8fd5511cc8940bd'}]}",,Java
20767048437,PushEvent,microsoftgraph/msgraph-sdk-java,0.0,2022-03-15T21:51:50Z,"{'push_id': 9361497680, 'size': 1, 'distinct_size': 1, 'ref': 'refs/heads/v1.0/pipelinebuild/70473', 'head': '2e528cc723148e0b50cb2d35e3b8039da85f21b9', 'before': '17e1cb36f52cbb70b1dff34d979ccb36aac9983b', 'commits': [{'sha': '2e528cc723148e0b50cb2d35e3b8039da85f21b9', 'author': {'email': '63934382+ramsessanchez@users.noreply.github.com', 'name': 'ramsessanchez'}, 'message': 'Update CHANGELOG.md', 'distinct': True, 'url': 'https://api.github.com/repos/microsoftgraph/msgraph-sdk-java/commits/2e528cc723148e0b50cb2d35e3b8039da85f21b9'}]}",,Java
20754503749,PullRequestEvent,microsoftgraph/msgraph-beta-sdk-java,0.0,2022-03-15T10:52:16Z,"{'action': 'opened', 'number': 269, 'pull_request': {'url': 'https://api.github.com/repos/microsoftgraph/msgraph-beta-sdk-java/pulls/269', 'id': 880034744, 'node_id': 'PR_kwDODDF5Ls40dEO4', 'html_url': 'https://github.com/microsoftgraph/msgraph-beta-sdk-java/pull/269', 'diff_url': 'https://github.com/microsoftgraph/msgraph-beta-sdk-java/pull/269.diff', 'patch_url': 'https://github.com/microsoftgraph/msgraph-beta-sdk-java/pull/269.patch', 'issue_url': 'https://api.github.com/repos/microsoftgraph/msgraph-beta-sdk-java/issues/269', 'number': 269, 'state': 'open', 'locked': False, 'title': 'Generated beta models and request builders using Typewriter', 'user': {'login': 'ramsessanchez', 'id': 63934382, 'node_id': 'MDQ6VXNlcjYzOTM0Mzgy', 'avatar_url': 'https://avatars.githubusercontent.com/u/63934382?v=4', 'gravatar_id': '', 'url': 'https://api.github.com/users/ramsessanchez', 'html_url': 'https://github.com/ramsessanchez', 'followers_url': 'https://api.github.com/users/ramsessanchez/followers', 'following_url': 'https://api.github.com/users/ramsessanchez/following{/other_user}', 'gists_url': 'https://api.github.com/users/ramsessanchez/gists{/gist_id}', 'starred_url': 'https://api.github.com/users/ramsessanchez/starred{/owner}{/repo}', 'subscriptions_url': 'https://api.github.com/users/ramsessanchez/subscriptions', 'organizations_url': 'https://api.github.com/users/ramsessanchez/orgs', 'repos_url': 'https://api.github.com/users/ramsessanchez/repos', 'events_url': 'https://api.github.com/users/ramsessanchez/events{/privacy}', 'received_events_url': 'https://api.github.com/users/ramsessanchez/received_events', 'type': 'User', 'site_admin': False}, 'body': 'This pull request was automatically created by the GitHub Action, **create pull request**. \n\n The commit hash is _4e0c6efc5899cb8111ab24099b88fec66fad4c7f_. \n\n **Important** Check for unexpected deletions or changes in this PR.', 'created_at': '2022-03-15T10:52:15Z', 'updated_at': '2022-03-15T10:52:15Z', 'closed_at': None, 'merged_at': None, 'merge_commit_sha': None, 'assignee': None, 'assignees': [], 'requested_reviewers': [], 'requested_teams': [], 'labels': [], 'milestone': None, 'draft': False, 'commits_url': 'https://api.github.com/repos/microsoftgraph/msgraph-beta-sdk-java/pulls/269/commits', 'review_comments_url': 'https://api.github.com/repos/microsoftgraph/msgraph-beta-sdk-java/pulls/269/comments', 'review_comment_url': 'https://api.github.com/repos/microsoftgraph/msgraph-beta-sdk-java/pulls/comments{/number}', 'comments_url': 'https://api.github.com/repos/microsoftgraph/msgraph-beta-sdk-java/issues/269/comments', 'statuses_url': 'https://api.github.com/repos/microsoftgraph/msgraph-beta-sdk-java/statuses/4e0c6efc5899cb8111ab24099b88fec66fad4c7f', 'head': {'label': 'microsoftgraph:beta/pipelinebuild/70473', 'ref': 'beta/pipelinebuild/70473', 'sha': '4e0c6efc5899cb8111ab24099b88fec66fad4c7f', 'user': {'login': 'microsoftgraph', 'id': 17304259, 'node_id': 'MDEyOk9yZ2FuaXphdGlvbjE3MzA0MjU5', 'avatar_url': 'https://avatars.githubusercontent.com/u/17304259?v=4', 'gravatar_id': '', 'url': 'https://api.github.com/users/microsoftgraph', 'html_url': 'https://github.com/microsoftgraph', 'followers_url': 'https://api.github.com/users/microsoftgraph/followers', 'following_url': 'https://api.github.com/users/microsoftgraph/following{/other_user}', 'gists_url': 'https://api.github.com/users/microsoftgraph/gists{/gist_id}', 'starred_url': 'https://api.github.com/users/microsoftgraph/starred{/owner}{/repo}', 'subscriptions_url': 'https://api.github.com/users/microsoftgraph/subscriptions', 'organizations_url': 'https://api.github.com/users/microsoftgraph/orgs', 'repos_url': 'https://api.github.com/users/microsoftgraph/repos', 'events_url': 'https://api.github.com/users/microsoftgraph/events{/privacy}', 'received_events_url': 'https://api.github.com/users/microsoftgraph/received_events', 'type': 'Organization', 'site_admin': False}, 'repo': {'id': 204568878, 'node_id': 'MDEwOlJlcG9zaXRvcnkyMDQ1Njg4Nzg=', 'name': 'msgraph-beta-sdk-java', 'full_name': 'microsoftgraph/msgraph-beta-sdk-java', 'private': False, 'owner': {'login': 'microsoftgraph', 'id': 17304259, 'node_id': 'MDEyOk9yZ2FuaXphdGlvbjE3MzA0MjU5', 'avatar_url': 'https://avatars.githubusercontent.com/u/17304259?v=4', 'gravatar_id': '', 'url': 'https://api.github.com/users/microsoftgraph', 'html_url': 'https://github.com/microsoftgraph', 'followers_url': 'https://api.github.com/users/microsoftgraph/followers', 'following_url': 'https://api.github.com/users/microsoftgraph/following{/other_user}', 'gists_url': 'https://api.github.com/users/microsoftgraph/gists{/gist_id}', 'starred_url': 'https://api.github.com/users/microsoftgraph/starred{/owner}{/repo}', 'subscriptions_url': 'https://api.github.com/users/microsoftgraph/subscriptions', 'organizations_url': 'https://api.github.com/users/microsoftgraph/orgs', 'repos_url': 'https://api.github.com/users/microsoftgraph/repos', 'events_url': 'https://api.github.com/users/microsoftgraph/events{/privacy}', 'received_events_url': 'https://api.github.com/users/microsoftgraph/received_events', 'type': 'Organization', 'site_admin': False}, 'html_url': 'https://github.com/microsoftgraph/msgraph-beta-sdk-java', 'description': 'Microsoft Graph Beta Java SDK', 'fork': False, 'url': 'https://api.github.com/repos/microsoftgraph/msgraph-beta-sdk-java', 'forks_url': 'https://api.github.com/repos/microsoftgraph/msgraph-beta-sdk-java/forks', 'keys_url': 'https://api.github.com/repos/microsoftgraph/msgraph-beta-sdk-java/keys{/key_id}', 'collaborators_url': 'https://api.github.com/repos/microsoftgraph/msgraph-beta-sdk-java/collaborators{/collaborator}', 'teams_url': 'https://api.github.com/repos/microsoftgraph/msgraph-beta-sdk-java/teams', 'hooks_url': 'https://api.github.com/repos/microsoftgraph/msgraph-beta-sdk-java/hooks', 'issue_events_url': 'https://api.github.com/repos/microsoftgraph/msgraph-beta-sdk-java/issues/events{/number}', 'events_url': 'https://api.github.com/repos/microsoftgraph/msgraph-beta-sdk-java/events', 'assignees_url': 'https://api.github.com/repos/microsoftgraph/msgraph-beta-sdk-java/assignees{/user}', 'branches_url': 'https://api.github.com/repos/microsoftgraph/msgraph-beta-sdk-java/branches{/branch}', 'tags_url': 'https://api.github.com/repos/microsoftgraph/msgraph-beta-sdk-java/tags', 'blobs_url': 'https://api.github.com/repos/microsoftgraph/msgraph-beta-sdk-java/git/blobs{/sha}', 'git_tags_url': 'https://api.github.com/repos/microsoftgraph/msgraph-beta-sdk-java/git/tags{/sha}', 'git_refs_url': 'https://api.github.com/repos/microsoftgraph/msgraph-beta-sdk-java/git/refs{/sha}', 'trees_url': 'https://api.github.com/repos/microsoftgraph/msgraph-beta-sdk-java/git/trees{/sha}', 'statuses_url': 'https://api.github.com/repos/microsoftgraph/msgraph-beta-sdk-java/statuses/{sha}', 'languages_url': 'https://api.github.com/repos/microsoftgraph/msgraph-beta-sdk-java/languages', 'stargazers_url': 'https://api.github.com/repos/microsoftgraph/msgraph-beta-sdk-java/stargazers', 'contributors_url': 'https://api.github.com/repos/microsoftgraph/msgraph-beta-sdk-java/contributors', 'subscribers_url': 'https://api.github.com/repos/microsoftgraph/msgraph-beta-sdk-java/subscribers', 'subscription_url': 'https://api.github.com/repos/microsoftgraph/msgraph-beta-sdk-java/subscription', 'commits_url': 'https://api.github.com/repos/microsoftgraph/msgraph-beta-sdk-java/commits{/sha}', 'git_commits_url': 'https://api.github.com/repos/microsoftgraph/msgraph-beta-sdk-java/git/commits{/sha}', 'comments_url': 'https://api.github.com/repos/microsoftgraph/msgraph-beta-sdk-java/comments{/number}', 'issue_comment_url': 'https://api.github.com/repos/microsoftgraph/msgraph-beta-sdk-java/issues/comments{/number}', 'contents_url': 'https://api.github.com/repos/microsoftgraph/msgraph-beta-sdk-java/contents/{+path}', 'compare_url': 'https://api.github.com/repos/microsoftgraph/msgraph-beta-sdk-java/compare/{base}...{head}', 'merges_url': 'https://api.github.com/repos/microsoftgraph/msgraph-beta-sdk-java/merges', 'archive_url': 'https://api.github.com/repos/microsoftgraph/msgraph-beta-sdk-java/{archive_format}{/ref}', 'downloads_url': 'https://api.github.com/repos/microsoftgraph/msgraph-beta-sdk-java/downloads', 'issues_url': 'https://api.github.com/repos/microsoftgraph/msgraph-beta-sdk-java/issues{/number}', 'pulls_url': 'https://api.github.com/repos/microsoftgraph/msgraph-beta-sdk-java/pulls{/number}', 'milestones_url': 'https://api.github.com/repos/microsoftgraph/msgraph-beta-sdk-java/milestones{/number}', 'notifications_url': 'https://api.github.com/repos/microsoftgraph/msgraph-beta-sdk-java/notifications{?since,all,participating}', 'labels_url': 'https://api.github.com/repos/microsoftgraph/msgraph-beta-sdk-java/labels{/name}', 'releases_url': 'https://api.github.com/repos/microsoftgraph/msgraph-beta-sdk-java/releases{/id}', 'deployments_url': 'https://api.github.com/repos/microsoftgraph/msgraph-beta-sdk-java/deployments', 'created_at': '2019-08-26T21:59:24Z', 'updated_at': '2022-02-23T21:45:26Z', 'pushed_at': '2022-03-15T10:52:15Z', 'git_url': 'git://github.com/microsoftgraph/msgraph-beta-sdk-java.git', 'ssh_url': 'git@github.com:microsoftgraph/msgraph-beta-sdk-java.git', 'clone_url': 'https://github.com/microsoftgraph/msgraph-beta-sdk-java.git', 'svn_url': 'https://github.com/microsoftgraph/msgraph-beta-sdk-java', 'homepage': 'https://docs.microsoft.com/en-us/graph/sdks/use-beta?tabs=Java', 'size': 50786, 'stargazers_count': 8, 'watchers_count': 8, 'language': 'Java', 'has_issues': True, 'has_projects': True, 'has_downloads': True, 'has_wiki': False, 'has_pages': False, 'forks_count': 5, 'mirror_url': None, 'archived': False, 'disabled': False, 'open_issues_count': 3, 'license': {'key': 'mit', 'name': 'MIT License', 'spdx_id': 'MIT', 'url': 'https://api.github.com/licenses/mit', 'node_id': 'MDc6TGljZW5zZTEz'}, 'allow_forking': True, 'is_template': False, 'topics': ['java', 'microsoft-graph', 'sdk'], 'visibility': 'public', 'forks': 5, 'open_issues': 3, 'watchers': 8, 'default_branch': 'dev'}}, 'base': {'label': 'microsoftgraph:dev', 'ref': 'dev', 'sha': 'e0f4d1f84ef1cd82b61ebee55ac90df0c72cb92a', 'user': {'login': 'microsoftgraph', 'id': 17304259, 'node_id': 'MDEyOk9yZ2FuaXphdGlvbjE3MzA0MjU5', 'avatar_url': 'https://avatars.githubusercontent.com/u/17304259?v=4', 'gravatar_id': '', 'url': 'https://api.github.com/users/microsoftgraph', 'html_url': 'https://github.com/microsoftgraph', 'followers_url': 'https://api.github.com/users/microsoftgraph/followers', 'following_url': 'https://api.github.com/users/microsoftgraph/following{/other_user}', 'gists_url': 'https://api.github.com/users/microsoftgraph/gists{/gist_id}', 'starred_url': 'https://api.github.com/users/microsoftgraph/starred{/owner}{/repo}', 'subscriptions_url': 'https://api.github.com/users/microsoftgraph/subscriptions', 'organizations_url': 'https://api.github.com/users/microsoftgraph/orgs', 'repos_url': 'https://api.github.com/users/microsoftgraph/repos', 'events_url': 'https://api.github.com/users/microsoftgraph/events{/privacy}', 'received_events_url': 'https://api.github.com/users/microsoftgraph/received_events', 'type': 'Organization', 'site_admin': False}, 'repo': {'id': 204568878, 'node_id': 'MDEwOlJlcG9zaXRvcnkyMDQ1Njg4Nzg=', 'name': 'msgraph-beta-sdk-java', 'full_name': 'microsoftgraph/msgraph-beta-sdk-java', 'private': False, 'owner': {'login': 'microsoftgraph', 'id': 17304259, 'node_id': 'MDEyOk9yZ2FuaXphdGlvbjE3MzA0MjU5', 'avatar_url': 'https://avatars.githubusercontent.com/u/17304259?v=4', 'gravatar_id': '', 'url': 'https://api.github.com/users/microsoftgraph', 'html_url': 'https://github.com/microsoftgraph', 'followers_url': 'https://api.github.com/users/microsoftgraph/followers', 'following_url': 'https://api.github.com/users/microsoftgraph/following{/other_user}', 'gists_url': 'https://api.github.com/users/microsoftgraph/gists{/gist_id}', 'starred_url': 'https://api.github.com/users/microsoftgraph/starred{/owner}{/repo}', 'subscriptions_url': 'https://api.github.com/users/microsoftgraph/subscriptions', 'organizations_url': 'https://api.github.com/users/microsoftgraph/orgs', 'repos_url': 'https://api.github.com/users/microsoftgraph/repos', 'events_url': 'https://api.github.com/users/microsoftgraph/events{/privacy}', 'received_events_url': 'https://api.github.com/users/microsoftgraph/received_events', 'type': 'Organization', 'site_admin': False}, 'html_url': 'https://github.com/microsoftgraph/msgraph-beta-sdk-java', 'description': 'Microsoft Graph Beta Java SDK', 'fork': False, 'url': 'https://api.github.com/repos/microsoftgraph/msgraph-beta-sdk-java', 'forks_url': 'https://api.github.com/repos/microsoftgraph/msgraph-beta-sdk-java/forks', 'keys_url': 'https://api.github.com/repos/microsoftgraph/msgraph-beta-sdk-java/keys{/key_id}', 'collaborators_url': 'https://api.github.com/repos/microsoftgraph/msgraph-beta-sdk-java/collaborators{/collaborator}', 'teams_url': 'https://api.github.com/repos/microsoftgraph/msgraph-beta-sdk-java/teams', 'hooks_url': 'https://api.github.com/repos/microsoftgraph/msgraph-beta-sdk-java/hooks', 'issue_events_url': 'https://api.github.com/repos/microsoftgraph/msgraph-beta-sdk-java/issues/events{/number}', 'events_url': 'https://api.github.com/repos/microsoftgraph/msgraph-beta-sdk-java/events', 'assignees_url': 'https://api.github.com/repos/microsoftgraph/msgraph-beta-sdk-java/assignees{/user}', 'branches_url': 'https://api.github.com/repos/microsoftgraph/msgraph-beta-sdk-java/branches{/branch}', 'tags_url': 'https://api.github.com/repos/microsoftgraph/msgraph-beta-sdk-java/tags', 'blobs_url': 'https://api.github.com/repos/microsoftgraph/msgraph-beta-sdk-java/git/blobs{/sha}', 'git_tags_url': 'https://api.github.com/repos/microsoftgraph/msgraph-beta-sdk-java/git/tags{/sha}', 'git_refs_url': 'https://api.github.com/repos/microsoftgraph/msgraph-beta-sdk-java/git/refs{/sha}', 'trees_url': 'https://api.github.com/repos/microsoftgraph/msgraph-beta-sdk-java/git/trees{/sha}', 'statuses_url': 'https://api.github.com/repos/microsoftgraph/msgraph-beta-sdk-java/statuses/{sha}', 'languages_url': 'https://api.github.com/repos/microsoftgraph/msgraph-beta-sdk-java/languages', 'stargazers_url': 'https://api.github.com/repos/microsoftgraph/msgraph-beta-sdk-java/stargazers', 'contributors_url': 'https://api.github.com/repos/microsoftgraph/msgraph-beta-sdk-java/contributors', 'subscribers_url': 'https://api.github.com/repos/microsoftgraph/msgraph-beta-sdk-java/subscribers', 'subscription_url': 'https://api.github.com/repos/microsoftgraph/msgraph-beta-sdk-java/subscription', 'commits_url': 'https://api.github.com/repos/microsoftgraph/msgraph-beta-sdk-java/commits{/sha}', 'git_commits_url': 'https://api.github.com/repos/microsoftgraph/msgraph-beta-sdk-java/git/commits{/sha}', 'comments_url': 'https://api.github.com/repos/microsoftgraph/msgraph-beta-sdk-java/comments{/number}', 'issue_comment_url': 'https://api.github.com/repos/microsoftgraph/msgraph-beta-sdk-java/issues/comments{/number}', 'contents_url': 'https://api.github.com/repos/microsoftgraph/msgraph-beta-sdk-java/contents/{+path}', 'compare_url': 'https://api.github.com/repos/microsoftgraph/msgraph-beta-sdk-java/compare/{base}...{head}', 'merges_url': 'https://api.github.com/repos/microsoftgraph/msgraph-beta-sdk-java/merges', 'archive_url': 'https://api.github.com/repos/microsoftgraph/msgraph-beta-sdk-java/{archive_format}{/ref}', 'downloads_url': 'https://api.github.com/repos/microsoftgraph/msgraph-beta-sdk-java/downloads', 'issues_url': 'https://api.github.com/repos/microsoftgraph/msgraph-beta-sdk-java/issues{/number}', 'pulls_url': 'https://api.github.com/repos/microsoftgraph/msgraph-beta-sdk-java/pulls{/number}', 'milestones_url': 'https://api.github.com/repos/microsoftgraph/msgraph-beta-sdk-java/milestones{/number}', 'notifications_url': 'https://api.github.com/repos/microsoftgraph/msgraph-beta-sdk-java/notifications{?since,all,participating}', 'labels_url': 'https://api.github.com/repos/microsoftgraph/msgraph-beta-sdk-java/labels{/name}', 'releases_url': 'https://api.github.com/repos/microsoftgraph/msgraph-beta-sdk-java/releases{/id}', 'deployments_url': 'https://api.github.com/repos/microsoftgraph/msgraph-beta-sdk-java/deployments', 'created_at': '2019-08-26T21:59:24Z', 'updated_at': '2022-02-23T21:45:26Z', 'pushed_at': '2022-03-15T10:52:15Z', 'git_url': 'git://github.com/microsoftgraph/msgraph-beta-sdk-java.git', 'ssh_url': 'git@github.com:microsoftgraph/msgraph-beta-sdk-java.git', 'clone_url': 'https://github.com/microsoftgraph/msgraph-beta-sdk-java.git', 'svn_url': 'https://github.com/microsoftgraph/msgraph-beta-sdk-java', 'homepage': 'https://docs.microsoft.com/en-us/graph/sdks/use-beta?tabs=Java', 'size': 50786, 'stargazers_count': 8, 'watchers_count': 8, 'language': 'Java', 'has_issues': True, 'has_projects': True, 'has_downloads': True, 'has_wiki': False, 'has_pages': False, 'forks_count': 5, 'mirror_url': None, 'archived': False, 'disabled': False, 'open_issues_count': 3, 'license': {'key': 'mit', 'name': 'MIT License', 'spdx_id': 'MIT', 'url': 'https://api.github.com/licenses/mit', 'node_id': 'MDc6TGljZW5zZTEz'}, 'allow_forking': True, 'is_template': False, 'topics': ['java', 'microsoft-graph', 'sdk'], 'visibility': 'public', 'forks': 5, 'open_issues': 3, 'watchers': 8, 'default_branch': 'dev'}}, '_links': {'self': {'href': 'https://api.github.com/repos/microsoftgraph/msgraph-beta-sdk-java/pulls/269'}, 'html': {'href': 'https://github.com/microsoftgraph/msgraph-beta-sdk-java/pull/269'}, 'issue': {'href': 'https://api.github.com/repos/microsoftgraph/msgraph-beta-sdk-java/issues/269'}, 'comments': {'href': 'https://api.github.com/repos/microsoftgraph/msgraph-beta-sdk-java/issues/269/comments'}, 'review_comments': {'href': 'https://api.github.com/repos/microsoftgraph/msgraph-beta-sdk-java/pulls/269/comments'}, 'review_comment': {'href': 'https://api.github.com/repos/microsoftgraph/msgraph-beta-sdk-java/pulls/comments{/number}'}, 'commits': {'href': 'https://api.github.com/repos/microsoftgraph/msgraph-beta-sdk-java/pulls/269/commits'}, 'statuses': {'href': 'https://api.github.com/repos/microsoftgraph/msgraph-beta-sdk-java/statuses/4e0c6efc5899cb8111ab24099b88fec66fad4c7f'}}, 'author_association': 'CONTRIBUTOR', 'auto_merge': None, 'active_lock_reason': None, 'merged': False, 'mergeable': None, 'rebaseable': None, 'mergeable_state': 'unknown', 'merged_by': None, 'comments': 0, 'review_comments': 0, 'maintainer_can_modify': False, 'commits': 1, 'additions': 4419, 'deletions': 87, 'changed_files': 120}}",opened,Java
20753718384,PullRequestEvent,microsoftgraph/msgraph-sdk-java,0.0,2022-03-15T10:10:35Z,"{'action': 'opened', 'number': 1029, 'pull_request': {'url': 'https://api.github.com/repos/microsoftgraph/msgraph-sdk-java/pulls/1029', 'id': 879990257, 'node_id': 'PR_kwDOBig9Oc40c5Xx', 'html_url': 'https://github.com/microsoftgraph/msgraph-sdk-java/pull/1029', 'diff_url': 'https://github.com/microsoftgraph/msgraph-sdk-java/pull/1029.diff', 'patch_url': 'https://github.com/microsoftgraph/msgraph-sdk-java/pull/1029.patch', 'issue_url': 'https://api.github.com/repos/microsoftgraph/msgraph-sdk-java/issues/1029', 'number': 1029, 'state': 'open', 'locked': False, 'title': 'Generated v1.0 models and request builders using Typewriter', 'user': {'login': 'ramsessanchez', 'id': 63934382, 'node_id': 'MDQ6VXNlcjYzOTM0Mzgy', 'avatar_url': 'https://avatars.githubusercontent.com/u/63934382?v=4', 'gravatar_id': '', 'url': 'https://api.github.com/users/ramsessanchez', 'html_url': 'https://github.com/ramsessanchez', 'followers_url': 'https://api.github.com/users/ramsessanchez/followers', 'following_url': 'https://api.github.com/users/ramsessanchez/following{/other_user}', 'gists_url': 'https://api.github.com/users/ramsessanchez/gists{/gist_id}', 'starred_url': 'https://api.github.com/users/ramsessanchez/starred{/owner}{/repo}', 'subscriptions_url': 'https://api.github.com/users/ramsessanchez/subscriptions', 'organizations_url': 'https://api.github.com/users/ramsessanchez/orgs', 'repos_url': 'https://api.github.com/users/ramsessanchez/repos', 'events_url': 'https://api.github.com/users/ramsessanchez/events{/privacy}', 'received_events_url': 'https://api.github.com/users/ramsessanchez/received_events', 'type': 'User', 'site_admin': False}, 'body': 'This pull request was automatically created by the GitHub Action, **create pull request**. \n\n The commit hash is _17e1cb36f52cbb70b1dff34d979ccb36aac9983b_. \n\n **Important** Check for unexpected deletions or changes in this PR.', 'created_at': '2022-03-15T10:10:35Z', 'updated_at': '2022-03-15T10:10:35Z', 'closed_at': None, 'merged_at': None, 'merge_commit_sha': None, 'assignee': None, 'assignees': [], 'requested_reviewers': [], 'requested_teams': [], 'labels': [], 'milestone': None, 'draft': False, 'commits_url': 'https://api.github.com/repos/microsoftgraph/msgraph-sdk-java/pulls/1029/commits', 'review_comments_url': 'https://api.github.com/repos/microsoftgraph/msgraph-sdk-java/pulls/1029/comments', 'review_comment_url': 'https://api.github.com/repos/microsoftgraph/msgraph-sdk-java/pulls/comments{/number}', 'comments_url': 'https://api.github.com/repos/microsoftgraph/msgraph-sdk-java/issues/1029/comments', 'statuses_url': 'https://api.github.com/repos/microsoftgraph/msgraph-sdk-java/statuses/17e1cb36f52cbb70b1dff34d979ccb36aac9983b', 'head': {'label': 'microsoftgraph:v1.0/pipelinebuild/70473', 'ref': 'v1.0/pipelinebuild/70473', 'sha': '17e1cb36f52cbb70b1dff34d979ccb36aac9983b', 'user': {'login': 'microsoftgraph', 'id': 17304259, 'node_id': 'MDEyOk9yZ2FuaXphdGlvbjE3MzA0MjU5', 'avatar_url': 'https://avatars.githubusercontent.com/u/17304259?v=4', 'gravatar_id': '', 'url': 'https://api.github.com/users/microsoftgraph', 'html_url': 'https://github.com/microsoftgraph', 'followers_url': 'https://api.github.com/users/microsoftgraph/followers', 'following_url': 'https://api.github.com/users/microsoftgraph/following{/other_user}', 'gists_url': 'https://api.github.com/users/microsoftgraph/gists{/gist_id}', 'starred_url': 'https://api.github.com/users/microsoftgraph/starred{/owner}{/repo}', 'subscriptions_url': 'https://api.github.com/users/microsoftgraph/subscriptions', 'organizations_url': 'https://api.github.com/users/microsoftgraph/orgs', 'repos_url': 'https://api.github.com/users/microsoftgraph/repos', 'events_url': 'https://api.github.com/users/microsoftgraph/events{/privacy}', 'received_events_url': 'https://api.github.com/users/microsoftgraph/received_events', 'type': 'Organization', 'site_admin': False}, 'repo': {'id': 103300409, 'node_id': 'MDEwOlJlcG9zaXRvcnkxMDMzMDA0MDk=', 'name': 'msgraph-sdk-java', 'full_name': 'microsoftgraph/msgraph-sdk-java', 'private': False, 'owner': {'login': 'microsoftgraph', 'id': 17304259, 'node_id': 'MDEyOk9yZ2FuaXphdGlvbjE3MzA0MjU5', 'avatar_url': 'https://avatars.githubusercontent.com/u/17304259?v=4', 'gravatar_id': '', 'url': 'https://api.github.com/users/microsoftgraph', 'html_url': 'https://github.com/microsoftgraph', 'followers_url': 'https://api.github.com/users/microsoftgraph/followers', 'following_url': 'https://api.github.com/users/microsoftgraph/following{/other_user}', 'gists_url': 'https://api.github.com/users/microsoftgraph/gists{/gist_id}', 'starred_url': 'https://api.github.com/users/microsoftgraph/starred{/owner}{/repo}', 'subscriptions_url': 'https://api.github.com/users/microsoftgraph/subscriptions', 'organizations_url': 'https://api.github.com/users/microsoftgraph/orgs', 'repos_url': 'https://api.github.com/users/microsoftgraph/repos', 'events_url': 'https://api.github.com/users/microsoftgraph/events{/privacy}', 'received_events_url': 'https://api.github.com/users/microsoftgraph/received_events', 'type': 'Organization', 'site_admin': False}, 'html_url': 'https://github.com/microsoftgraph/msgraph-sdk-java', 'description': 'Microsoft Graph SDK for Java', 'fork': False, 'url': 'https://api.github.com/repos/microsoftgraph/msgraph-sdk-java', 'forks_url': 'https://api.github.com/repos/microsoftgraph/msgraph-sdk-java/forks', 'keys_url': 'https://api.github.com/repos/microsoftgraph/msgraph-sdk-java/keys{/key_id}', 'collaborators_url': 'https://api.github.com/repos/microsoftgraph/msgraph-sdk-java/collaborators{/collaborator}', 'teams_url': 'https://api.github.com/repos/microsoftgraph/msgraph-sdk-java/teams', 'hooks_url': 'https://api.github.com/repos/microsoftgraph/msgraph-sdk-java/hooks', 'issue_events_url': 'https://api.github.com/repos/microsoftgraph/msgraph-sdk-java/issues/events{/number}', 'events_url': 'https://api.github.com/repos/microsoftgraph/msgraph-sdk-java/events', 'assignees_url': 'https://api.github.com/repos/microsoftgraph/msgraph-sdk-java/assignees{/user}', 'branches_url': 'https://api.github.com/repos/microsoftgraph/msgraph-sdk-java/branches{/branch}', 'tags_url': 'https://api.github.com/repos/microsoftgraph/msgraph-sdk-java/tags', 'blobs_url': 'https://api.github.com/repos/microsoftgraph/msgraph-sdk-java/git/blobs{/sha}', 'git_tags_url': 'https://api.github.com/repos/microsoftgraph/msgraph-sdk-java/git/tags{/sha}', 'git_refs_url': 'https://api.github.com/repos/microsoftgraph/msgraph-sdk-java/git/refs{/sha}', 'trees_url': 'https://api.github.com/repos/microsoftgraph/msgraph-sdk-java/git/trees{/sha}', 'statuses_url': 'https://api.github.com/repos/microsoftgraph/msgraph-sdk-java/statuses/{sha}', 'languages_url': 'https://api.github.com/repos/microsoftgraph/msgraph-sdk-java/languages', 'stargazers_url': 'https://api.github.com/repos/microsoftgraph/msgraph-sdk-java/stargazers', 'contributors_url': 'https://api.github.com/repos/microsoftgraph/msgraph-sdk-java/contributors', 'subscribers_url': 'https://api.github.com/repos/microsoftgraph/msgraph-sdk-java/subscribers', 'subscription_url': 'https://api.github.com/repos/microsoftgraph/msgraph-sdk-java/subscription', 'commits_url': 'https://api.github.com/repos/microsoftgraph/msgraph-sdk-java/commits{/sha}', 'git_commits_url': 'https://api.github.com/repos/microsoftgraph/msgraph-sdk-java/git/commits{/sha}', 'comments_url': 'https://api.github.com/repos/microsoftgraph/msgraph-sdk-java/comments{/number}', 'issue_comment_url': 'https://api.github.com/repos/microsoftgraph/msgraph-sdk-java/issues/comments{/number}', 'contents_url': 'https://api.github.com/repos/microsoftgraph/msgraph-sdk-java/contents/{+path}', 'compare_url': 'https://api.github.com/repos/microsoftgraph/msgraph-sdk-java/compare/{base}...{head}', 'merges_url': 'https://api.github.com/repos/microsoftgraph/msgraph-sdk-java/merges', 'archive_url': 'https://api.github.com/repos/microsoftgraph/msgraph-sdk-java/{archive_format}{/ref}', 'downloads_url': 'https://api.github.com/repos/microsoftgraph/msgraph-sdk-java/downloads', 'issues_url': 'https://api.github.com/repos/microsoftgraph/msgraph-sdk-java/issues{/number}', 'pulls_url': 'https://api.github.com/repos/microsoftgraph/msgraph-sdk-java/pulls{/number}', 'milestones_url': 'https://api.github.com/repos/microsoftgraph/msgraph-sdk-java/milestones{/number}', 'notifications_url': 'https://api.github.com/repos/microsoftgraph/msgraph-sdk-java/notifications{?since,all,participating}', 'labels_url': 'https://api.github.com/repos/microsoftgraph/msgraph-sdk-java/labels{/name}', 'releases_url': 'https://api.github.com/repos/microsoftgraph/msgraph-sdk-java/releases{/id}', 'deployments_url': 'https://api.github.com/repos/microsoftgraph/msgraph-sdk-java/deployments', 'created_at': '2017-09-12T17:20:15Z', 'updated_at': '2022-03-04T17:20:01Z', 'pushed_at': '2022-03-15T10:10:18Z', 'git_url': 'git://github.com/microsoftgraph/msgraph-sdk-java.git', 'ssh_url': 'git@github.com:microsoftgraph/msgraph-sdk-java.git', 'clone_url': 'https://github.com/microsoftgraph/msgraph-sdk-java.git', 'svn_url': 'https://github.com/microsoftgraph/msgraph-sdk-java', 'homepage': 'https://docs.microsoft.com/en-us/graph/sdks/sdks-overview', 'size': 58679, 'stargazers_count': 244, 'watchers_count': 244, 'language': 'Java', 'has_issues': True, 'has_projects': True, 'has_downloads': True, 'has_wiki': False, 'has_pages': False, 'forks_count': 100, 'mirror_url': None, 'archived': False, 'disabled': False, 'open_issues_count': 2, 'license': {'key': 'mit', 'name': 'MIT License', 'spdx_id': 'MIT', 'url': 'https://api.github.com/licenses/mit', 'node_id': 'MDc6TGljZW5zZTEz'}, 'allow_forking': True, 'is_template': False, 'topics': ['java', 'microsoft-graph', 'microsoft-graph-sdk', 'sdk'], 'visibility': 'public', 'forks': 100, 'open_issues': 2, 'watchers': 244, 'default_branch': 'dev'}}, 'base': {'label': 'microsoftgraph:dev', 'ref': 'dev', 'sha': 'd374aa0911cea2417dbbf07ace06d51bf3b321cf', 'user': {'login': 'microsoftgraph', 'id': 17304259, 'node_id': 'MDEyOk9yZ2FuaXphdGlvbjE3MzA0MjU5', 'avatar_url': 'https://avatars.githubusercontent.com/u/17304259?v=4', 'gravatar_id': '', 'url': 'https://api.github.com/users/microsoftgraph', 'html_url': 'https://github.com/microsoftgraph', 'followers_url': 'https://api.github.com/users/microsoftgraph/followers', 'following_url': 'https://api.github.com/users/microsoftgraph/following{/other_user}', 'gists_url': 'https://api.github.com/users/microsoftgraph/gists{/gist_id}', 'starred_url': 'https://api.github.com/users/microsoftgraph/starred{/owner}{/repo}', 'subscriptions_url': 'https://api.github.com/users/microsoftgraph/subscriptions', 'organizations_url': 'https://api.github.com/users/microsoftgraph/orgs', 'repos_url': 'https://api.github.com/users/microsoftgraph/repos', 'events_url': 'https://api.github.com/users/microsoftgraph/events{/privacy}', 'received_events_url': 'https://api.github.com/users/microsoftgraph/received_events', 'type': 'Organization', 'site_admin': False}, 'repo': {'id': 103300409, 'node_id': 'MDEwOlJlcG9zaXRvcnkxMDMzMDA0MDk=', 'name': 'msgraph-sdk-java', 'full_name': 'microsoftgraph/msgraph-sdk-java', 'private': False, 'owner': {'login': 'microsoftgraph', 'id': 17304259, 'node_id': 'MDEyOk9yZ2FuaXphdGlvbjE3MzA0MjU5', 'avatar_url': 'https://avatars.githubusercontent.com/u/17304259?v=4', 'gravatar_id': '', 'url': 'https://api.github.com/users/microsoftgraph', 'html_url': 'https://github.com/microsoftgraph', 'followers_url': 'https://api.github.com/users/microsoftgraph/followers', 'following_url': 'https://api.github.com/users/microsoftgraph/following{/other_user}', 'gists_url': 'https://api.github.com/users/microsoftgraph/gists{/gist_id}', 'starred_url': 'https://api.github.com/users/microsoftgraph/starred{/owner}{/repo}', 'subscriptions_url': 'https://api.github.com/users/microsoftgraph/subscriptions', 'organizations_url': 'https://api.github.com/users/microsoftgraph/orgs', 'repos_url': 'https://api.github.com/users/microsoftgraph/repos', 'events_url': 'https://api.github.com/users/microsoftgraph/events{/privacy}', 'received_events_url': 'https://api.github.com/users/microsoftgraph/received_events', 'type': 'Organization', 'site_admin': False}, 'html_url': 'https://github.com/microsoftgraph/msgraph-sdk-java', 'description': 'Microsoft Graph SDK for Java', 'fork': False, 'url': 'https://api.github.com/repos/microsoftgraph/msgraph-sdk-java', 'forks_url': 'https://api.github.com/repos/microsoftgraph/msgraph-sdk-java/forks', 'keys_url': 'https://api.github.com/repos/microsoftgraph/msgraph-sdk-java/keys{/key_id}', 'collaborators_url': 'https://api.github.com/repos/microsoftgraph/msgraph-sdk-java/collaborators{/collaborator}', 'teams_url': 'https://api.github.com/repos/microsoftgraph/msgraph-sdk-java/teams', 'hooks_url': 'https://api.github.com/repos/microsoftgraph/msgraph-sdk-java/hooks', 'issue_events_url': 'https://api.github.com/repos/microsoftgraph/msgraph-sdk-java/issues/events{/number}', 'events_url': 'https://api.github.com/repos/microsoftgraph/msgraph-sdk-java/events', 'assignees_url': 'https://api.github.com/repos/microsoftgraph/msgraph-sdk-java/assignees{/user}', 'branches_url': 'https://api.github.com/repos/microsoftgraph/msgraph-sdk-java/branches{/branch}', 'tags_url': 'https://api.github.com/repos/microsoftgraph/msgraph-sdk-java/tags', 'blobs_url': 'https://api.github.com/repos/microsoftgraph/msgraph-sdk-java/git/blobs{/sha}', 'git_tags_url': 'https://api.github.com/repos/microsoftgraph/msgraph-sdk-java/git/tags{/sha}', 'git_refs_url': 'https://api.github.com/repos/microsoftgraph/msgraph-sdk-java/git/refs{/sha}', 'trees_url': 'https://api.github.com/repos/microsoftgraph/msgraph-sdk-java/git/trees{/sha}', 'statuses_url': 'https://api.github.com/repos/microsoftgraph/msgraph-sdk-java/statuses/{sha}', 'languages_url': 'https://api.github.com/repos/microsoftgraph/msgraph-sdk-java/languages', 'stargazers_url': 'https://api.github.com/repos/microsoftgraph/msgraph-sdk-java/stargazers', 'contributors_url': 'https://api.github.com/repos/microsoftgraph/msgraph-sdk-java/contributors', 'subscribers_url': 'https://api.github.com/repos/microsoftgraph/msgraph-sdk-java/subscribers', 'subscription_url': 'https://api.github.com/repos/microsoftgraph/msgraph-sdk-java/subscription', 'commits_url': 'https://api.github.com/repos/microsoftgraph/msgraph-sdk-java/commits{/sha}', 'git_commits_url': 'https://api.github.com/repos/microsoftgraph/msgraph-sdk-java/git/commits{/sha}', 'comments_url': 'https://api.github.com/repos/microsoftgraph/msgraph-sdk-java/comments{/number}', 'issue_comment_url': 'https://api.github.com/repos/microsoftgraph/msgraph-sdk-java/issues/comments{/number}', 'contents_url': 'https://api.github.com/repos/microsoftgraph/msgraph-sdk-java/contents/{+path}', 'compare_url': 'https://api.github.com/repos/microsoftgraph/msgraph-sdk-java/compare/{base}...{head}', 'merges_url': 'https://api.github.com/repos/microsoftgraph/msgraph-sdk-java/merges', 'archive_url': 'https://api.github.com/repos/microsoftgraph/msgraph-sdk-java/{archive_format}{/ref}', 'downloads_url': 'https://api.github.com/repos/microsoftgraph/msgraph-sdk-java/downloads', 'issues_url': 'https://api.github.com/repos/microsoftgraph/msgraph-sdk-java/issues{/number}', 'pulls_url': 'https://api.github.com/repos/microsoftgraph/msgraph-sdk-java/pulls{/number}', 'milestones_url': 'https://api.github.com/repos/microsoftgraph/msgraph-sdk-java/milestones{/number}', 'notifications_url': 'https://api.github.com/repos/microsoftgraph/msgraph-sdk-java/notifications{?since,all,participating}', 'labels_url': 'https://api.github.com/repos/microsoftgraph/msgraph-sdk-java/labels{/name}', 'releases_url': 'https://api.github.com/repos/microsoftgraph/msgraph-sdk-java/releases{/id}', 'deployments_url': 'https://api.github.com/repos/microsoftgraph/msgraph-sdk-java/deployments', 'created_at': '2017-09-12T17:20:15Z', 'updated_at': '2022-03-04T17:20:01Z', 'pushed_at': '2022-03-15T10:10:18Z', 'git_url': 'git://github.com/microsoftgraph/msgraph-sdk-java.git', 'ssh_url': 'git@github.com:microsoftgraph/msgraph-sdk-java.git', 'clone_url': 'https://github.com/microsoftgraph/msgraph-sdk-java.git', 'svn_url': 'https://github.com/microsoftgraph/msgraph-sdk-java', 'homepage': 'https://docs.microsoft.com/en-us/graph/sdks/sdks-overview', 'size': 58679, 'stargazers_count': 244, 'watchers_count': 244, 'language': 'Java', 'has_issues': True, 'has_projects': True, 'has_downloads': True, 'has_wiki': False, 'has_pages': False, 'forks_count': 100, 'mirror_url': None, 'archived': False, 'disabled': False, 'open_issues_count': 2, 'license': {'key': 'mit', 'name': 'MIT License', 'spdx_id': 'MIT', 'url': 'https://api.github.com/licenses/mit', 'node_id': 'MDc6TGljZW5zZTEz'}, 'allow_forking': True, 'is_template': False, 'topics': ['java', 'microsoft-graph', 'microsoft-graph-sdk', 'sdk'], 'visibility': 'public', 'forks': 100, 'open_issues': 2, 'watchers': 244, 'default_branch': 'dev'}}, '_links': {'self': {'href': 'https://api.github.com/repos/microsoftgraph/msgraph-sdk-java/pulls/1029'}, 'html': {'href': 'https://github.com/microsoftgraph/msgraph-sdk-java/pull/1029'}, 'issue': {'href': 'https://api.github.com/repos/microsoftgraph/msgraph-sdk-java/issues/1029'}, 'comments': {'href': 'https://api.github.com/repos/microsoftgraph/msgraph-sdk-java/issues/1029/comments'}, 'review_comments': {'href': 'https://api.github.com/repos/microsoftgraph/msgraph-sdk-java/pulls/1029/comments'}, 'review_comment': {'href': 'https://api.github.com/repos/microsoftgraph/msgraph-sdk-java/pulls/comments{/number}'}, 'commits': {'href': 'https://api.github.com/repos/microsoftgraph/msgraph-sdk-java/pulls/1029/commits'}, 'statuses': {'href': 'https://api.github.com/repos/microsoftgraph/msgraph-sdk-java/statuses/17e1cb36f52cbb70b1dff34d979ccb36aac9983b'}}, 'author_association': 'CONTRIBUTOR', 'auto_merge': None, 'active_lock_reason': None, 'merged': False, 'mergeable': None, 'rebaseable': None, 'mergeable_state': 'unknown', 'merged_by': None, 'comments': 0, 'review_comments': 0, 'maintainer_can_modify': False, 'commits': 1, 'additions': 1661, 'deletions': 14, 'changed_files': 43}}",opened,Java
20746256350,PushEvent,microsoft/kiota,0.0,2022-03-14T23:31:34Z,"{'push_id': 9351295495, 'size': 1, 'distinct_size': 1, 'ref': 'refs/heads/rsh/java-core-migration', 'head': 'db93b0d6afbfa36e442632592f1e234490b42c78', 'before': '972ecac7fb4936f9b6c0ad3a03add90c9f520d66', 'commits': [{'sha': 'db93b0d6afbfa36e442632592f1e234490b42c78', 'author': {'email': 'ramsess@microsoft.com', 'name': 'ramsessanchez'}, 'message': 'Tests upodate 3/14', 'distinct': True, 'url': 'https://api.github.com/repos/microsoft/kiota/commits/db93b0d6afbfa36e442632592f1e234490b42c78'}]}",,C#
20708020529,PushEvent,microsoft/kiota,0.0,2022-03-11T20:39:47Z,"{'push_id': 9330164799, 'size': 1, 'distinct_size': 1, 'ref': 'refs/heads/rsh/java-core-migration', 'head': '972ecac7fb4936f9b6c0ad3a03add90c9f520d66', 'before': '6842ec378b07aec78564982bf7ce0e5b392ca7eb', 'commits': [{'sha': '972ecac7fb4936f9b6c0ad3a03add90c9f520d66', 'author': {'email': 'ramsess@microsoft.com', 'name': 'ramsessanchez'}, 'message': 'localized testing progress 3/11', 'distinct': True, 'url': 'https://api.github.com/repos/microsoft/kiota/commits/972ecac7fb4936f9b6c0ad3a03add90c9f520d66'}]}",,C#
20690674172,PushEvent,microsoft/kiota,0.0,2022-03-10T23:35:40Z,"{'push_id': 9321382876, 'size': 1, 'distinct_size': 1, 'ref': 'refs/heads/rsh/java-core-migration', 'head': '6842ec378b07aec78564982bf7ce0e5b392ca7eb', 'before': '87c0e0eeb1d169f89b23b3b83710d6328eb9753d', 'commits': [{'sha': '6842ec378b07aec78564982bf7ce0e5b392ca7eb', 'author': {'email': 'ramsess@microsoft.com', 'name': 'ramsessanchez'}, 'message': 'Adding getType to requestOption interface', 'distinct': True, 'url': 'https://api.github.com/repos/microsoft/kiota/commits/6842ec378b07aec78564982bf7ce0e5b392ca7eb'}]}",,C#
20669161311,PushEvent,microsoft/kiota,0.0,2022-03-09T23:03:50Z,"{'push_id': 9310664441, 'size': 2, 'distinct_size': 2, 'ref': 'refs/heads/rsh/java-core-migration', 'head': '87c0e0eeb1d169f89b23b3b83710d6328eb9753d', 'before': '9fe1e4824a9b1506c48de72392bdfce6656f9e8c', 'commits': [{'sha': '097e235f383e7032a14b202c2dc76b311ed3de0f', 'author': {'email': 'ramsess@microsoft.com', 'name': 'ramsessanchez'}, 'message': 'remove parsable mock class', 'distinct': True, 'url': 'https://api.github.com/repos/microsoft/kiota/commits/097e235f383e7032a14b202c2dc76b311ed3de0f'}, {'sha': '87c0e0eeb1d169f89b23b3b83710d6328eb9753d', 'author': {'email': 'ramsess@microsoft.com', 'name': 'ramsessanchez'}, 'message': 'add retryHandlerTest File', 'distinct': True, 'url': 'https://api.github.com/repos/microsoft/kiota/commits/87c0e0eeb1d169f89b23b3b83710d6328eb9753d'}]}",,C#
20668972701,PushEvent,microsoft/kiota,0.0,2022-03-09T22:47:46Z,"{'push_id': 9310569247, 'size': 1, 'distinct_size': 1, 'ref': 'refs/heads/rsh/java-core-migration', 'head': '9fe1e4824a9b1506c48de72392bdfce6656f9e8c', 'before': 'fae7d90f04c1a1b6fffc2a3d32e2266107a362cb', 'commits': [{'sha': '9fe1e4824a9b1506c48de72392bdfce6656f9e8c', 'author': {'email': 'ramsess@microsoft.com', 'name': 'ramsessanchez'}, 'message': 'TelemetryHandler test using current addOption', 'distinct': True, 'url': 'https://api.github.com/repos/microsoft/kiota/commits/9fe1e4824a9b1506c48de72392bdfce6656f9e8c'}]}",,C#
20668937600,PushEvent,microsoftgraph/msgraph-sdk-java,0.0,2022-03-09T22:44:40Z,"{'push_id': 9310551510, 'size': 1, 'distinct_size': 1, 'ref': 'refs/heads/v1.0/pipelinebuild/69632', 'head': 'b99b1ad22e5a741fa9fc69706cbc7ca672fdd024', 'before': '0f5b236613eb61b008fd81149f9028145d672bf1', 'commits': [{'sha': 'b99b1ad22e5a741fa9fc69706cbc7ca672fdd024', 'author': {'email': '63934382+ramsessanchez@users.noreply.github.com', 'name': 'ramsessanchez'}, 'message': 'Update CHANGELOG.md', 'distinct': True, 'url': 'https://api.github.com/repos/microsoftgraph/msgraph-sdk-java/commits/b99b1ad22e5a741fa9fc69706cbc7ca672fdd024'}]}",,Java
20666393641,PushEvent,microsoft/kiota,0.0,2022-03-09T19:49:18Z,"{'push_id': 9309319604, 'size': 1, 'distinct_size': 1, 'ref': 'refs/heads/rsh/java-core-migration', 'head': 'fae7d90f04c1a1b6fffc2a3d32e2266107a362cb', 'before': 'e4cfc8c6bd9d1e9fc113dcdcbe32be7a37ff2855', 'commits': [{'sha': 'fae7d90f04c1a1b6fffc2a3d32e2266107a362cb', 'author': {'email': 'ramsess@microsoft.com', 'name': 'ramsessanchez'}, 'message': 'Office Testing Progress', 'distinct': True, 'url': 'https://api.github.com/repos/microsoft/kiota/commits/fae7d90f04c1a1b6fffc2a3d32e2266107a362cb'}]}",,C#
20648021024,PushEvent,microsoft/kiota,0.0,2022-03-08T23:21:28Z,"{'push_id': 9300168564, 'size': 1, 'distinct_size': 1, 'ref': 'refs/heads/rsh/java-core-migration', 'head': 'e4cfc8c6bd9d1e9fc113dcdcbe32be7a37ff2855', 'before': '4e66066adb52c50e67a1493d7397f02467a95bd5', 'commits': [{'sha': 'e4cfc8c6bd9d1e9fc113dcdcbe32be7a37ff2855', 'author': {'email': 'ramsess@microsoft.com', 'name': 'ramsessanchez'}, 'message': 'Office testing progress', 'distinct': True, 'url': 'https://api.github.com/repos/microsoft/kiota/commits/e4cfc8c6bd9d1e9fc113dcdcbe32be7a37ff2855'}]}",,C#
20634430024,PullRequestEvent,microsoftgraph/msgraph-beta-sdk-java,0.0,2022-03-08T10:20:58Z,"{'action': 'opened', 'number': 266, 'pull_request': {'url': 'https://api.github.com/repos/microsoftgraph/msgraph-beta-sdk-java/pulls/266', 'id': 874030943, 'node_id': 'PR_kwDODDF5Ls40GKdf', 'html_url': 'https://github.com/microsoftgraph/msgraph-beta-sdk-java/pull/266', 'diff_url': 'https://github.com/microsoftgraph/msgraph-beta-sdk-java/pull/266.diff', 'patch_url': 'https://github.com/microsoftgraph/msgraph-beta-sdk-java/pull/266.patch', 'issue_url': 'https://api.github.com/repos/microsoftgraph/msgraph-beta-sdk-java/issues/266', 'number': 266, 'state': 'open', 'locked': False, 'title': 'Generated beta models and request builders using Typewriter', 'user': {'login': 'ramsessanchez', 'id': 63934382, 'node_id': 'MDQ6VXNlcjYzOTM0Mzgy', 'avatar_url': 'https://avatars.githubusercontent.com/u/63934382?v=4', 'gravatar_id': '', 'url': 'https://api.github.com/users/ramsessanchez', 'html_url': 'https://github.com/ramsessanchez', 'followers_url': 'https://api.github.com/users/ramsessanchez/followers', 'following_url': 'https://api.github.com/users/ramsessanchez/following{/other_user}', 'gists_url': 'https://api.github.com/users/ramsessanchez/gists{/gist_id}', 'starred_url': 'https://api.github.com/users/ramsessanchez/starred{/owner}{/repo}', 'subscriptions_url': 'https://api.github.com/users/ramsessanchez/subscriptions', 'organizations_url': 'https://api.github.com/users/ramsessanchez/orgs', 'repos_url': 'https://api.github.com/users/ramsessanchez/repos', 'events_url': 'https://api.github.com/users/ramsessanchez/events{/privacy}', 'received_events_url': 'https://api.github.com/users/ramsessanchez/received_events', 'type': 'User', 'site_admin': False}, 'body': 'This pull request was automatically created by the GitHub Action, **create pull request**. \n\n The commit hash is _10af3e91d11e2b64208df9467d0dae89e3bb2338_. \n\n **Important** Check for unexpected deletions or changes in this PR.', 'created_at': '2022-03-08T10:20:57Z', 'updated_at': '2022-03-08T10:20:57Z', 'closed_at': None, 'merged_at': None, 'merge_commit_sha': None, 'assignee': None, 'assignees': [], 'requested_reviewers': [], 'requested_teams': [], 'labels': [], 'milestone': None, 'draft': False, 'commits_url': 'https://api.github.com/repos/microsoftgraph/msgraph-beta-sdk-java/pulls/266/commits', 'review_comments_url': 'https://api.github.com/repos/microsoftgraph/msgraph-beta-sdk-java/pulls/266/comments', 'review_comment_url': 'https://api.github.com/repos/microsoftgraph/msgraph-beta-sdk-java/pulls/comments{/number}', 'comments_url': 'https://api.github.com/repos/microsoftgraph/msgraph-beta-sdk-java/issues/266/comments', 'statuses_url': 'https://api.github.com/repos/microsoftgraph/msgraph-beta-sdk-java/statuses/10af3e91d11e2b64208df9467d0dae89e3bb2338', 'head': {'label': 'microsoftgraph:beta/pipelinebuild/69632', 'ref': 'beta/pipelinebuild/69632', 'sha': '10af3e91d11e2b64208df9467d0dae89e3bb2338', 'user': {'login': 'microsoftgraph', 'id': 17304259, 'node_id': 'MDEyOk9yZ2FuaXphdGlvbjE3MzA0MjU5', 'avatar_url': 'https://avatars.githubusercontent.com/u/17304259?v=4', 'gravatar_id': '', 'url': 'https://api.github.com/users/microsoftgraph', 'html_url': 'https://github.com/microsoftgraph', 'followers_url': 'https://api.github.com/users/microsoftgraph/followers', 'following_url': 'https://api.github.com/users/microsoftgraph/following{/other_user}', 'gists_url': 'https://api.github.com/users/microsoftgraph/gists{/gist_id}', 'starred_url': 'https://api.github.com/users/microsoftgraph/starred{/owner}{/repo}', 'subscriptions_url': 'https://api.github.com/users/microsoftgraph/subscriptions', 'organizations_url': 'https://api.github.com/users/microsoftgraph/orgs', 'repos_url': 'https://api.github.com/users/microsoftgraph/repos', 'events_url': 'https://api.github.com/users/microsoftgraph/events{/privacy}', 'received_events_url': 'https://api.github.com/users/microsoftgraph/received_events', 'type': 'Organization', 'site_admin': False}, 'repo': {'id': 204568878, 'node_id': 'MDEwOlJlcG9zaXRvcnkyMDQ1Njg4Nzg=', 'name': 'msgraph-beta-sdk-java', 'full_name': 'microsoftgraph/msgraph-beta-sdk-java', 'private': False, 'owner': {'login': 'microsoftgraph', 'id': 17304259, 'node_id': 'MDEyOk9yZ2FuaXphdGlvbjE3MzA0MjU5', 'avatar_url': 'https://avatars.githubusercontent.com/u/17304259?v=4', 'gravatar_id': '', 'url': 'https://api.github.com/users/microsoftgraph', 'html_url': 'https://github.com/microsoftgraph', 'followers_url': 'https://api.github.com/users/microsoftgraph/followers', 'following_url': 'https://api.github.com/users/microsoftgraph/following{/other_user}', 'gists_url': 'https://api.github.com/users/microsoftgraph/gists{/gist_id}', 'starred_url': 'https://api.github.com/users/microsoftgraph/starred{/owner}{/repo}', 'subscriptions_url': 'https://api.github.com/users/microsoftgraph/subscriptions', 'organizations_url': 'https://api.github.com/users/microsoftgraph/orgs', 'repos_url': 'https://api.github.com/users/microsoftgraph/repos', 'events_url': 'https://api.github.com/users/microsoftgraph/events{/privacy}', 'received_events_url': 'https://api.github.com/users/microsoftgraph/received_events', 'type': 'Organization', 'site_admin': False}, 'html_url': 'https://github.com/microsoftgraph/msgraph-beta-sdk-java', 'description': 'Microsoft Graph Beta Java SDK', 'fork': False, 'url': 'https://api.github.com/repos/microsoftgraph/msgraph-beta-sdk-java', 'forks_url': 'https://api.github.com/repos/microsoftgraph/msgraph-beta-sdk-java/forks', 'keys_url': 'https://api.github.com/repos/microsoftgraph/msgraph-beta-sdk-java/keys{/key_id}', 'collaborators_url': 'https://api.github.com/repos/microsoftgraph/msgraph-beta-sdk-java/collaborators{/collaborator}', 'teams_url': 'https://api.github.com/repos/microsoftgraph/msgraph-beta-sdk-java/teams', 'hooks_url': 'https://api.github.com/repos/microsoftgraph/msgraph-beta-sdk-java/hooks', 'issue_events_url': 'https://api.github.com/repos/microsoftgraph/msgraph-beta-sdk-java/issues/events{/number}', 'events_url': 'https://api.github.com/repos/microsoftgraph/msgraph-beta-sdk-java/events', 'assignees_url': 'https://api.github.com/repos/microsoftgraph/msgraph-beta-sdk-java/assignees{/user}', 'branches_url': 'https://api.github.com/repos/microsoftgraph/msgraph-beta-sdk-java/branches{/branch}', 'tags_url': 'https://api.github.com/repos/microsoftgraph/msgraph-beta-sdk-java/tags', 'blobs_url': 'https://api.github.com/repos/microsoftgraph/msgraph-beta-sdk-java/git/blobs{/sha}', 'git_tags_url': 'https://api.github.com/repos/microsoftgraph/msgraph-beta-sdk-java/git/tags{/sha}', 'git_refs_url': 'https://api.github.com/repos/microsoftgraph/msgraph-beta-sdk-java/git/refs{/sha}', 'trees_url': 'https://api.github.com/repos/microsoftgraph/msgraph-beta-sdk-java/git/trees{/sha}', 'statuses_url': 'https://api.github.com/repos/microsoftgraph/msgraph-beta-sdk-java/statuses/{sha}', 'languages_url': 'https://api.github.com/repos/microsoftgraph/msgraph-beta-sdk-java/languages', 'stargazers_url': 'https://api.github.com/repos/microsoftgraph/msgraph-beta-sdk-java/stargazers', 'contributors_url': 'https://api.github.com/repos/microsoftgraph/msgraph-beta-sdk-java/contributors', 'subscribers_url': 'https://api.github.com/repos/microsoftgraph/msgraph-beta-sdk-java/subscribers', 'subscription_url': 'https://api.github.com/repos/microsoftgraph/msgraph-beta-sdk-java/subscription', 'commits_url': 'https://api.github.com/repos/microsoftgraph/msgraph-beta-sdk-java/commits{/sha}', 'git_commits_url': 'https://api.github.com/repos/microsoftgraph/msgraph-beta-sdk-java/git/commits{/sha}', 'comments_url': 'https://api.github.com/repos/microsoftgraph/msgraph-beta-sdk-java/comments{/number}', 'issue_comment_url': 'https://api.github.com/repos/microsoftgraph/msgraph-beta-sdk-java/issues/comments{/number}', 'contents_url': 'https://api.github.com/repos/microsoftgraph/msgraph-beta-sdk-java/contents/{+path}', 'compare_url': 'https://api.github.com/repos/microsoftgraph/msgraph-beta-sdk-java/compare/{base}...{head}', 'merges_url': 'https://api.github.com/repos/microsoftgraph/msgraph-beta-sdk-java/merges', 'archive_url': 'https://api.github.com/repos/microsoftgraph/msgraph-beta-sdk-java/{archive_format}{/ref}', 'downloads_url': 'https://api.github.com/repos/microsoftgraph/msgraph-beta-sdk-java/downloads', 'issues_url': 'https://api.github.com/repos/microsoftgraph/msgraph-beta-sdk-java/issues{/number}', 'pulls_url': 'https://api.github.com/repos/microsoftgraph/msgraph-beta-sdk-java/pulls{/number}', 'milestones_url': 'https://api.github.com/repos/microsoftgraph/msgraph-beta-sdk-java/milestones{/number}', 'notifications_url': 'https://api.github.com/repos/microsoftgraph/msgraph-beta-sdk-java/notifications{?since,all,participating}', 'labels_url': 'https://api.github.com/repos/microsoftgraph/msgraph-beta-sdk-java/labels{/name}', 'releases_url': 'https://api.github.com/repos/microsoftgraph/msgraph-beta-sdk-java/releases{/id}', 'deployments_url': 'https://api.github.com/repos/microsoftgraph/msgraph-beta-sdk-java/deployments', 'created_at': '2019-08-26T21:59:24Z', 'updated_at': '2022-02-23T21:45:26Z', 'pushed_at': '2022-03-08T10:20:57Z', 'git_url': 'git://github.com/microsoftgraph/msgraph-beta-sdk-java.git', 'ssh_url': 'git@github.com:microsoftgraph/msgraph-beta-sdk-java.git', 'clone_url': 'https://github.com/microsoftgraph/msgraph-beta-sdk-java.git', 'svn_url': 'https://github.com/microsoftgraph/msgraph-beta-sdk-java', 'homepage': 'https://docs.microsoft.com/en-us/graph/sdks/use-beta?tabs=Java', 'size': 50782, 'stargazers_count': 8, 'watchers_count': 8, 'language': 'Java', 'has_issues': True, 'has_projects': True, 'has_downloads': True, 'has_wiki': False, 'has_pages': False, 'forks_count': 5, 'mirror_url': None, 'archived': False, 'disabled': False, 'open_issues_count': 3, 'license': {'key': 'mit', 'name': 'MIT License', 'spdx_id': 'MIT', 'url': 'https://api.github.com/licenses/mit', 'node_id': 'MDc6TGljZW5zZTEz'}, 'allow_forking': True, 'is_template': False, 'topics': ['java', 'microsoft-graph', 'sdk'], 'visibility': 'public', 'forks': 5, 'open_issues': 3, 'watchers': 8, 'default_branch': 'dev'}}, 'base': {'label': 'microsoftgraph:dev', 'ref': 'dev', 'sha': 'f84d578f947dac420755e1a788d5599693add994', 'user': {'login': 'microsoftgraph', 'id': 17304259, 'node_id': 'MDEyOk9yZ2FuaXphdGlvbjE3MzA0MjU5', 'avatar_url': 'https://avatars.githubusercontent.com/u/17304259?v=4', 'gravatar_id': '', 'url': 'https://api.github.com/users/microsoftgraph', 'html_url': 'https://github.com/microsoftgraph', 'followers_url': 'https://api.github.com/users/microsoftgraph/followers', 'following_url': 'https://api.github.com/users/microsoftgraph/following{/other_user}', 'gists_url': 'https://api.github.com/users/microsoftgraph/gists{/gist_id}', 'starred_url': 'https://api.github.com/users/microsoftgraph/starred{/owner}{/repo}', 'subscriptions_url': 'https://api.github.com/users/microsoftgraph/subscriptions', 'organizations_url': 'https://api.github.com/users/microsoftgraph/orgs', 'repos_url': 'https://api.github.com/users/microsoftgraph/repos', 'events_url': 'https://api.github.com/users/microsoftgraph/events{/privacy}', 'received_events_url': 'https://api.github.com/users/microsoftgraph/received_events', 'type': 'Organization', 'site_admin': False}, 'repo': {'id': 204568878, 'node_id': 'MDEwOlJlcG9zaXRvcnkyMDQ1Njg4Nzg=', 'name': 'msgraph-beta-sdk-java', 'full_name': 'microsoftgraph/msgraph-beta-sdk-java', 'private': False, 'owner': {'login': 'microsoftgraph', 'id': 17304259, 'node_id': 'MDEyOk9yZ2FuaXphdGlvbjE3MzA0MjU5', 'avatar_url': 'https://avatars.githubusercontent.com/u/17304259?v=4', 'gravatar_id': '', 'url': 'https://api.github.com/users/microsoftgraph', 'html_url': 'https://github.com/microsoftgraph', 'followers_url': 'https://api.github.com/users/microsoftgraph/followers', 'following_url': 'https://api.github.com/users/microsoftgraph/following{/other_user}', 'gists_url': 'https://api.github.com/users/microsoftgraph/gists{/gist_id}', 'starred_url': 'https://api.github.com/users/microsoftgraph/starred{/owner}{/repo}', 'subscriptions_url': 'https://api.github.com/users/microsoftgraph/subscriptions', 'organizations_url': 'https://api.github.com/users/microsoftgraph/orgs', 'repos_url': 'https://api.github.com/users/microsoftgraph/repos', 'events_url': 'https://api.github.com/users/microsoftgraph/events{/privacy}', 'received_events_url': 'https://api.github.com/users/microsoftgraph/received_events', 'type': 'Organization', 'site_admin': False}, 'html_url': 'https://github.com/microsoftgraph/msgraph-beta-sdk-java', 'description': 'Microsoft Graph Beta Java SDK', 'fork': False, 'url': 'https://api.github.com/repos/microsoftgraph/msgraph-beta-sdk-java', 'forks_url': 'https://api.github.com/repos/microsoftgraph/msgraph-beta-sdk-java/forks', 'keys_url': 'https://api.github.com/repos/microsoftgraph/msgraph-beta-sdk-java/keys{/key_id}', 'collaborators_url': 'https://api.github.com/repos/microsoftgraph/msgraph-beta-sdk-java/collaborators{/collaborator}', 'teams_url': 'https://api.github.com/repos/microsoftgraph/msgraph-beta-sdk-java/teams', 'hooks_url': 'https://api.github.com/repos/microsoftgraph/msgraph-beta-sdk-java/hooks', 'issue_events_url': 'https://api.github.com/repos/microsoftgraph/msgraph-beta-sdk-java/issues/events{/number}', 'events_url': 'https://api.github.com/repos/microsoftgraph/msgraph-beta-sdk-java/events', 'assignees_url': 'https://api.github.com/repos/microsoftgraph/msgraph-beta-sdk-java/assignees{/user}', 'branches_url': 'https://api.github.com/repos/microsoftgraph/msgraph-beta-sdk-java/branches{/branch}', 'tags_url': 'https://api.github.com/repos/microsoftgraph/msgraph-beta-sdk-java/tags', 'blobs_url': 'https://api.github.com/repos/microsoftgraph/msgraph-beta-sdk-java/git/blobs{/sha}', 'git_tags_url': 'https://api.github.com/repos/microsoftgraph/msgraph-beta-sdk-java/git/tags{/sha}', 'git_refs_url': 'https://api.github.com/repos/microsoftgraph/msgraph-beta-sdk-java/git/refs{/sha}', 'trees_url': 'https://api.github.com/repos/microsoftgraph/msgraph-beta-sdk-java/git/trees{/sha}', 'statuses_url': 'https://api.github.com/repos/microsoftgraph/msgraph-beta-sdk-java/statuses/{sha}', 'languages_url': 'https://api.github.com/repos/microsoftgraph/msgraph-beta-sdk-java/languages', 'stargazers_url': 'https://api.github.com/repos/microsoftgraph/msgraph-beta-sdk-java/stargazers', 'contributors_url': 'https://api.github.com/repos/microsoftgraph/msgraph-beta-sdk-java/contributors', 'subscribers_url': 'https://api.github.com/repos/microsoftgraph/msgraph-beta-sdk-java/subscribers', 'subscription_url': 'https://api.github.com/repos/microsoftgraph/msgraph-beta-sdk-java/subscription', 'commits_url': 'https://api.github.com/repos/microsoftgraph/msgraph-beta-sdk-java/commits{/sha}', 'git_commits_url': 'https://api.github.com/repos/microsoftgraph/msgraph-beta-sdk-java/git/commits{/sha}', 'comments_url': 'https://api.github.com/repos/microsoftgraph/msgraph-beta-sdk-java/comments{/number}', 'issue_comment_url': 'https://api.github.com/repos/microsoftgraph/msgraph-beta-sdk-java/issues/comments{/number}', 'contents_url': 'https://api.github.com/repos/microsoftgraph/msgraph-beta-sdk-java/contents/{+path}', 'compare_url': 'https://api.github.com/repos/microsoftgraph/msgraph-beta-sdk-java/compare/{base}...{head}', 'merges_url': 'https://api.github.com/repos/microsoftgraph/msgraph-beta-sdk-java/merges', 'archive_url': 'https://api.github.com/repos/microsoftgraph/msgraph-beta-sdk-java/{archive_format}{/ref}', 'downloads_url': 'https://api.github.com/repos/microsoftgraph/msgraph-beta-sdk-java/downloads', 'issues_url': 'https://api.github.com/repos/microsoftgraph/msgraph-beta-sdk-java/issues{/number}', 'pulls_url': 'https://api.github.com/repos/microsoftgraph/msgraph-beta-sdk-java/pulls{/number}', 'milestones_url': 'https://api.github.com/repos/microsoftgraph/msgraph-beta-sdk-java/milestones{/number}', 'notifications_url': 'https://api.github.com/repos/microsoftgraph/msgraph-beta-sdk-java/notifications{?since,all,participating}', 'labels_url': 'https://api.github.com/repos/microsoftgraph/msgraph-beta-sdk-java/labels{/name}', 'releases_url': 'https://api.github.com/repos/microsoftgraph/msgraph-beta-sdk-java/releases{/id}', 'deployments_url': 'https://api.github.com/repos/microsoftgraph/msgraph-beta-sdk-java/deployments', 'created_at': '2019-08-26T21:59:24Z', 'updated_at': '2022-02-23T21:45:26Z', 'pushed_at': '2022-03-08T10:20:57Z', 'git_url': 'git://github.com/microsoftgraph/msgraph-beta-sdk-java.git', 'ssh_url': 'git@github.com:microsoftgraph/msgraph-beta-sdk-java.git', 'clone_url': 'https://github.com/microsoftgraph/msgraph-beta-sdk-java.git', 'svn_url': 'https://github.com/microsoftgraph/msgraph-beta-sdk-java', 'homepage': 'https://docs.microsoft.com/en-us/graph/sdks/use-beta?tabs=Java', 'size': 50782, 'stargazers_count': 8, 'watchers_count': 8, 'language': 'Java', 'has_issues': True, 'has_projects': True, 'has_downloads': True, 'has_wiki': False, 'has_pages': False, 'forks_count': 5, 'mirror_url': None, 'archived': False, 'disabled': False, 'open_issues_count': 3, 'license': {'key': 'mit', 'name': 'MIT License', 'spdx_id': 'MIT', 'url': 'https://api.github.com/licenses/mit', 'node_id': 'MDc6TGljZW5zZTEz'}, 'allow_forking': True, 'is_template': False, 'topics': ['java', 'microsoft-graph', 'sdk'], 'visibility': 'public', 'forks': 5, 'open_issues': 3, 'watchers': 8, 'default_branch': 'dev'}}, '_links': {'self': {'href': 'https://api.github.com/repos/microsoftgraph/msgraph-beta-sdk-java/pulls/266'}, 'html': {'href': 'https://github.com/microsoftgraph/msgraph-beta-sdk-java/pull/266'}, 'issue': {'href': 'https://api.github.com/repos/microsoftgraph/msgraph-beta-sdk-java/issues/266'}, 'comments': {'href': 'https://api.github.com/repos/microsoftgraph/msgraph-beta-sdk-java/issues/266/comments'}, 'review_comments': {'href': 'https://api.github.com/repos/microsoftgraph/msgraph-beta-sdk-java/pulls/266/comments'}, 'review_comment': {'href': 'https://api.github.com/repos/microsoftgraph/msgraph-beta-sdk-java/pulls/comments{/number}'}, 'commits': {'href': 'https://api.github.com/repos/microsoftgraph/msgraph-beta-sdk-java/pulls/266/commits'}, 'statuses': {'href': 'https://api.github.com/repos/microsoftgraph/msgraph-beta-sdk-java/statuses/10af3e91d11e2b64208df9467d0dae89e3bb2338'}}, 'author_association': 'CONTRIBUTOR', 'auto_merge': None, 'active_lock_reason': None, 'merged': False, 'mergeable': None, 'rebaseable': None, 'mergeable_state': 'unknown', 'merged_by': None, 'comments': 0, 'review_comments': 0, 'maintainer_can_modify': False, 'commits': 1, 'additions': 70, 'deletions': 67, 'changed_files': 28}}",opened,Java
20634254987,PullRequestEvent,microsoftgraph/msgraph-sdk-java,0.0,2022-03-08T10:11:14Z,"{'action': 'opened', 'number': 1025, 'pull_request': {'url': 'https://api.github.com/repos/microsoftgraph/msgraph-sdk-java/pulls/1025', 'id': 874021773, 'node_id': 'PR_kwDOBig9Oc40GION', 'html_url': 'https://github.com/microsoftgraph/msgraph-sdk-java/pull/1025', 'diff_url': 'https://github.com/microsoftgraph/msgraph-sdk-java/pull/1025.diff', 'patch_url': 'https://github.com/microsoftgraph/msgraph-sdk-java/pull/1025.patch', 'issue_url': 'https://api.github.com/repos/microsoftgraph/msgraph-sdk-java/issues/1025', 'number': 1025, 'state': 'open', 'locked': False, 'title': 'Generated v1.0 models and request builders using Typewriter', 'user': {'login': 'ramsessanchez', 'id': 63934382, 'node_id': 'MDQ6VXNlcjYzOTM0Mzgy', 'avatar_url': 'https://avatars.githubusercontent.com/u/63934382?v=4', 'gravatar_id': '', 'url': 'https://api.github.com/users/ramsessanchez', 'html_url': 'https://github.com/ramsessanchez', 'followers_url': 'https://api.github.com/users/ramsessanchez/followers', 'following_url': 'https://api.github.com/users/ramsessanchez/following{/other_user}', 'gists_url': 'https://api.github.com/users/ramsessanchez/gists{/gist_id}', 'starred_url': 'https://api.github.com/users/ramsessanchez/starred{/owner}{/repo}', 'subscriptions_url': 'https://api.github.com/users/ramsessanchez/subscriptions', 'organizations_url': 'https://api.github.com/users/ramsessanchez/orgs', 'repos_url': 'https://api.github.com/users/ramsessanchez/repos', 'events_url': 'https://api.github.com/users/ramsessanchez/events{/privacy}', 'received_events_url': 'https://api.github.com/users/ramsessanchez/received_events', 'type': 'User', 'site_admin': False}, 'body': 'This pull request was automatically created by the GitHub Action, **create pull request**. \n\n The commit hash is _0f5b236613eb61b008fd81149f9028145d672bf1_. \n\n **Important** Check for unexpected deletions or changes in this PR.', 'created_at': '2022-03-08T10:11:13Z', 'updated_at': '2022-03-08T10:11:13Z', 'closed_at': None, 'merged_at': None, 'merge_commit_sha': None, 'assignee': None, 'assignees': [], 'requested_reviewers': [], 'requested_teams': [], 'labels': [], 'milestone': None, 'draft': False, 'commits_url': 'https://api.github.com/repos/microsoftgraph/msgraph-sdk-java/pulls/1025/commits', 'review_comments_url': 'https://api.github.com/repos/microsoftgraph/msgraph-sdk-java/pulls/1025/comments', 'review_comment_url': 'https://api.github.com/repos/microsoftgraph/msgraph-sdk-java/pulls/comments{/number}', 'comments_url': 'https://api.github.com/repos/microsoftgraph/msgraph-sdk-java/issues/1025/comments', 'statuses_url': 'https://api.github.com/repos/microsoftgraph/msgraph-sdk-java/statuses/0f5b236613eb61b008fd81149f9028145d672bf1', 'head': {'label': 'microsoftgraph:v1.0/pipelinebuild/69632', 'ref': 'v1.0/pipelinebuild/69632', 'sha': '0f5b236613eb61b008fd81149f9028145d672bf1', 'user': {'login': 'microsoftgraph', 'id': 17304259, 'node_id': 'MDEyOk9yZ2FuaXphdGlvbjE3MzA0MjU5', 'avatar_url': 'https://avatars.githubusercontent.com/u/17304259?v=4', 'gravatar_id': '', 'url': 'https://api.github.com/users/microsoftgraph', 'html_url': 'https://github.com/microsoftgraph', 'followers_url': 'https://api.github.com/users/microsoftgraph/followers', 'following_url': 'https://api.github.com/users/microsoftgraph/following{/other_user}', 'gists_url': 'https://api.github.com/users/microsoftgraph/gists{/gist_id}', 'starred_url': 'https://api.github.com/users/microsoftgraph/starred{/owner}{/repo}', 'subscriptions_url': 'https://api.github.com/users/microsoftgraph/subscriptions', 'organizations_url': 'https://api.github.com/users/microsoftgraph/orgs', 'repos_url': 'https://api.github.com/users/microsoftgraph/repos', 'events_url': 'https://api.github.com/users/microsoftgraph/events{/privacy}', 'received_events_url': 'https://api.github.com/users/microsoftgraph/received_events', 'type': 'Organization', 'site_admin': False}, 'repo': {'id': 103300409, 'node_id': 'MDEwOlJlcG9zaXRvcnkxMDMzMDA0MDk=', 'name': 'msgraph-sdk-java', 'full_name': 'microsoftgraph/msgraph-sdk-java', 'private': False, 'owner': {'login': 'microsoftgraph', 'id': 17304259, 'node_id': 'MDEyOk9yZ2FuaXphdGlvbjE3MzA0MjU5', 'avatar_url': 'https://avatars.githubusercontent.com/u/17304259?v=4', 'gravatar_id': '', 'url': 'https://api.github.com/users/microsoftgraph', 'html_url': 'https://github.com/microsoftgraph', 'followers_url': 'https://api.github.com/users/microsoftgraph/followers', 'following_url': 'https://api.github.com/users/microsoftgraph/following{/other_user}', 'gists_url': 'https://api.github.com/users/microsoftgraph/gists{/gist_id}', 'starred_url': 'https://api.github.com/users/microsoftgraph/starred{/owner}{/repo}', 'subscriptions_url': 'https://api.github.com/users/microsoftgraph/subscriptions', 'organizations_url': 'https://api.github.com/users/microsoftgraph/orgs', 'repos_url': 'https://api.github.com/users/microsoftgraph/repos', 'events_url': 'https://api.github.com/users/microsoftgraph/events{/privacy}', 'received_events_url': 'https://api.github.com/users/microsoftgraph/received_events', 'type': 'Organization', 'site_admin': False}, 'html_url': 'https://github.com/microsoftgraph/msgraph-sdk-java', 'description': 'Microsoft Graph SDK for Java', 'fork': False, 'url': 'https://api.github.com/repos/microsoftgraph/msgraph-sdk-java', 'forks_url': 'https://api.github.com/repos/microsoftgraph/msgraph-sdk-java/forks', 'keys_url': 'https://api.github.com/repos/microsoftgraph/msgraph-sdk-java/keys{/key_id}', 'collaborators_url': 'https://api.github.com/repos/microsoftgraph/msgraph-sdk-java/collaborators{/collaborator}', 'teams_url': 'https://api.github.com/repos/microsoftgraph/msgraph-sdk-java/teams', 'hooks_url': 'https://api.github.com/repos/microsoftgraph/msgraph-sdk-java/hooks', 'issue_events_url': 'https://api.github.com/repos/microsoftgraph/msgraph-sdk-java/issues/events{/number}', 'events_url': 'https://api.github.com/repos/microsoftgraph/msgraph-sdk-java/events', 'assignees_url': 'https://api.github.com/repos/microsoftgraph/msgraph-sdk-java/assignees{/user}', 'branches_url': 'https://api.github.com/repos/microsoftgraph/msgraph-sdk-java/branches{/branch}', 'tags_url': 'https://api.github.com/repos/microsoftgraph/msgraph-sdk-java/tags', 'blobs_url': 'https://api.github.com/repos/microsoftgraph/msgraph-sdk-java/git/blobs{/sha}', 'git_tags_url': 'https://api.github.com/repos/microsoftgraph/msgraph-sdk-java/git/tags{/sha}', 'git_refs_url': 'https://api.github.com/repos/microsoftgraph/msgraph-sdk-java/git/refs{/sha}', 'trees_url': 'https://api.github.com/repos/microsoftgraph/msgraph-sdk-java/git/trees{/sha}', 'statuses_url': 'https://api.github.com/repos/microsoftgraph/msgraph-sdk-java/statuses/{sha}', 'languages_url': 'https://api.github.com/repos/microsoftgraph/msgraph-sdk-java/languages', 'stargazers_url': 'https://api.github.com/repos/microsoftgraph/msgraph-sdk-java/stargazers', 'contributors_url': 'https://api.github.com/repos/microsoftgraph/msgraph-sdk-java/contributors', 'subscribers_url': 'https://api.github.com/repos/microsoftgraph/msgraph-sdk-java/subscribers', 'subscription_url': 'https://api.github.com/repos/microsoftgraph/msgraph-sdk-java/subscription', 'commits_url': 'https://api.github.com/repos/microsoftgraph/msgraph-sdk-java/commits{/sha}', 'git_commits_url': 'https://api.github.com/repos/microsoftgraph/msgraph-sdk-java/git/commits{/sha}', 'comments_url': 'https://api.github.com/repos/microsoftgraph/msgraph-sdk-java/comments{/number}', 'issue_comment_url': 'https://api.github.com/repos/microsoftgraph/msgraph-sdk-java/issues/comments{/number}', 'contents_url': 'https://api.github.com/repos/microsoftgraph/msgraph-sdk-java/contents/{+path}', 'compare_url': 'https://api.github.com/repos/microsoftgraph/msgraph-sdk-java/compare/{base}...{head}', 'merges_url': 'https://api.github.com/repos/microsoftgraph/msgraph-sdk-java/merges', 'archive_url': 'https://api.github.com/repos/microsoftgraph/msgraph-sdk-java/{archive_format}{/ref}', 'downloads_url': 'https://api.github.com/repos/microsoftgraph/msgraph-sdk-java/downloads', 'issues_url': 'https://api.github.com/repos/microsoftgraph/msgraph-sdk-java/issues{/number}', 'pulls_url': 'https://api.github.com/repos/microsoftgraph/msgraph-sdk-java/pulls{/number}', 'milestones_url': 'https://api.github.com/repos/microsoftgraph/msgraph-sdk-java/milestones{/number}', 'notifications_url': 'https://api.github.com/repos/microsoftgraph/msgraph-sdk-java/notifications{?since,all,participating}', 'labels_url': 'https://api.github.com/repos/microsoftgraph/msgraph-sdk-java/labels{/name}', 'releases_url': 'https://api.github.com/repos/microsoftgraph/msgraph-sdk-java/releases{/id}', 'deployments_url': 'https://api.github.com/repos/microsoftgraph/msgraph-sdk-java/deployments', 'created_at': '2017-09-12T17:20:15Z', 'updated_at': '2022-03-04T17:20:01Z', 'pushed_at': '2022-03-08T10:11:14Z', 'git_url': 'git://github.com/microsoftgraph/msgraph-sdk-java.git', 'ssh_url': 'git@github.com:microsoftgraph/msgraph-sdk-java.git', 'clone_url': 'https://github.com/microsoftgraph/msgraph-sdk-java.git', 'svn_url': 'https://github.com/microsoftgraph/msgraph-sdk-java', 'homepage': 'https://docs.microsoft.com/en-us/graph/sdks/sdks-overview', 'size': 58521, 'stargazers_count': 244, 'watchers_count': 244, 'language': 'Java', 'has_issues': True, 'has_projects': True, 'has_downloads': True, 'has_wiki': False, 'has_pages': False, 'forks_count': 100, 'mirror_url': None, 'archived': False, 'disabled': False, 'open_issues_count': 3, 'license': {'key': 'mit', 'name': 'MIT License', 'spdx_id': 'MIT', 'url': 'https://api.github.com/licenses/mit', 'node_id': 'MDc6TGljZW5zZTEz'}, 'allow_forking': True, 'is_template': False, 'topics': ['java', 'microsoft-graph', 'microsoft-graph-sdk', 'sdk'], 'visibility': 'public', 'forks': 100, 'open_issues': 3, 'watchers': 244, 'default_branch': 'dev'}}, 'base': {'label': 'microsoftgraph:dev', 'ref': 'dev', 'sha': '9cc205191036ecf25e9c0aba103411246a08dc3a', 'user': {'login': 'microsoftgraph', 'id': 17304259, 'node_id': 'MDEyOk9yZ2FuaXphdGlvbjE3MzA0MjU5', 'avatar_url': 'https://avatars.githubusercontent.com/u/17304259?v=4', 'gravatar_id': '', 'url': 'https://api.github.com/users/microsoftgraph', 'html_url': 'https://github.com/microsoftgraph', 'followers_url': 'https://api.github.com/users/microsoftgraph/followers', 'following_url': 'https://api.github.com/users/microsoftgraph/following{/other_user}', 'gists_url': 'https://api.github.com/users/microsoftgraph/gists{/gist_id}', 'starred_url': 'https://api.github.com/users/microsoftgraph/starred{/owner}{/repo}', 'subscriptions_url': 'https://api.github.com/users/microsoftgraph/subscriptions', 'organizations_url': 'https://api.github.com/users/microsoftgraph/orgs', 'repos_url': 'https://api.github.com/users/microsoftgraph/repos', 'events_url': 'https://api.github.com/users/microsoftgraph/events{/privacy}', 'received_events_url': 'https://api.github.com/users/microsoftgraph/received_events', 'type': 'Organization', 'site_admin': False}, 'repo': {'id': 103300409, 'node_id': 'MDEwOlJlcG9zaXRvcnkxMDMzMDA0MDk=', 'name': 'msgraph-sdk-java', 'full_name': 'microsoftgraph/msgraph-sdk-java', 'private': False, 'owner': {'login': 'microsoftgraph', 'id': 17304259, 'node_id': 'MDEyOk9yZ2FuaXphdGlvbjE3MzA0MjU5', 'avatar_url': 'https://avatars.githubusercontent.com/u/17304259?v=4', 'gravatar_id': '', 'url': 'https://api.github.com/users/microsoftgraph', 'html_url': 'https://github.com/microsoftgraph', 'followers_url': 'https://api.github.com/users/microsoftgraph/followers', 'following_url': 'https://api.github.com/users/microsoftgraph/following{/other_user}', 'gists_url': 'https://api.github.com/users/microsoftgraph/gists{/gist_id}', 'starred_url': 'https://api.github.com/users/microsoftgraph/starred{/owner}{/repo}', 'subscriptions_url': 'https://api.github.com/users/microsoftgraph/subscriptions', 'organizations_url': 'https://api.github.com/users/microsoftgraph/orgs', 'repos_url': 'https://api.github.com/users/microsoftgraph/repos', 'events_url': 'https://api.github.com/users/microsoftgraph/events{/privacy}', 'received_events_url': 'https://api.github.com/users/microsoftgraph/received_events', 'type': 'Organization', 'site_admin': False}, 'html_url': 'https://github.com/microsoftgraph/msgraph-sdk-java', 'description': 'Microsoft Graph SDK for Java', 'fork': False, 'url': 'https://api.github.com/repos/microsoftgraph/msgraph-sdk-java', 'forks_url': 'https://api.github.com/repos/microsoftgraph/msgraph-sdk-java/forks', 'keys_url': 'https://api.github.com/repos/microsoftgraph/msgraph-sdk-java/keys{/key_id}', 'collaborators_url': 'https://api.github.com/repos/microsoftgraph/msgraph-sdk-java/collaborators{/collaborator}', 'teams_url': 'https://api.github.com/repos/microsoftgraph/msgraph-sdk-java/teams', 'hooks_url': 'https://api.github.com/repos/microsoftgraph/msgraph-sdk-java/hooks', 'issue_events_url': 'https://api.github.com/repos/microsoftgraph/msgraph-sdk-java/issues/events{/number}', 'events_url': 'https://api.github.com/repos/microsoftgraph/msgraph-sdk-java/events', 'assignees_url': 'https://api.github.com/repos/microsoftgraph/msgraph-sdk-java/assignees{/user}', 'branches_url': 'https://api.github.com/repos/microsoftgraph/msgraph-sdk-java/branches{/branch}', 'tags_url': 'https://api.github.com/repos/microsoftgraph/msgraph-sdk-java/tags', 'blobs_url': 'https://api.github.com/repos/microsoftgraph/msgraph-sdk-java/git/blobs{/sha}', 'git_tags_url': 'https://api.github.com/repos/microsoftgraph/msgraph-sdk-java/git/tags{/sha}', 'git_refs_url': 'https://api.github.com/repos/microsoftgraph/msgraph-sdk-java/git/refs{/sha}', 'trees_url': 'https://api.github.com/repos/microsoftgraph/msgraph-sdk-java/git/trees{/sha}', 'statuses_url': 'https://api.github.com/repos/microsoftgraph/msgraph-sdk-java/statuses/{sha}', 'languages_url': 'https://api.github.com/repos/microsoftgraph/msgraph-sdk-java/languages', 'stargazers_url': 'https://api.github.com/repos/microsoftgraph/msgraph-sdk-java/stargazers', 'contributors_url': 'https://api.github.com/repos/microsoftgraph/msgraph-sdk-java/contributors', 'subscribers_url': 'https://api.github.com/repos/microsoftgraph/msgraph-sdk-java/subscribers', 'subscription_url': 'https://api.github.com/repos/microsoftgraph/msgraph-sdk-java/subscription', 'commits_url': 'https://api.github.com/repos/microsoftgraph/msgraph-sdk-java/commits{/sha}', 'git_commits_url': 'https://api.github.com/repos/microsoftgraph/msgraph-sdk-java/git/commits{/sha}', 'comments_url': 'https://api.github.com/repos/microsoftgraph/msgraph-sdk-java/comments{/number}', 'issue_comment_url': 'https://api.github.com/repos/microsoftgraph/msgraph-sdk-java/issues/comments{/number}', 'contents_url': 'https://api.github.com/repos/microsoftgraph/msgraph-sdk-java/contents/{+path}', 'compare_url': 'https://api.github.com/repos/microsoftgraph/msgraph-sdk-java/compare/{base}...{head}', 'merges_url': 'https://api.github.com/repos/microsoftgraph/msgraph-sdk-java/merges', 'archive_url': 'https://api.github.com/repos/microsoftgraph/msgraph-sdk-java/{archive_format}{/ref}', 'downloads_url': 'https://api.github.com/repos/microsoftgraph/msgraph-sdk-java/downloads', 'issues_url': 'https://api.github.com/repos/microsoftgraph/msgraph-sdk-java/issues{/number}', 'pulls_url': 'https://api.github.com/repos/microsoftgraph/msgraph-sdk-java/pulls{/number}', 'milestones_url': 'https://api.github.com/repos/microsoftgraph/msgraph-sdk-java/milestones{/number}', 'notifications_url': 'https://api.github.com/repos/microsoftgraph/msgraph-sdk-java/notifications{?since,all,participating}', 'labels_url': 'https://api.github.com/repos/microsoftgraph/msgraph-sdk-java/labels{/name}', 'releases_url': 'https://api.github.com/repos/microsoftgraph/msgraph-sdk-java/releases{/id}', 'deployments_url': 'https://api.github.com/repos/microsoftgraph/msgraph-sdk-java/deployments', 'created_at': '2017-09-12T17:20:15Z', 'updated_at': '2022-03-04T17:20:01Z', 'pushed_at': '2022-03-08T10:11:14Z', 'git_url': 'git://github.com/microsoftgraph/msgraph-sdk-java.git', 'ssh_url': 'git@github.com:microsoftgraph/msgraph-sdk-java.git', 'clone_url': 'https://github.com/microsoftgraph/msgraph-sdk-java.git', 'svn_url': 'https://github.com/microsoftgraph/msgraph-sdk-java', 'homepage': 'https://docs.microsoft.com/en-us/graph/sdks/sdks-overview', 'size': 58521, 'stargazers_count': 244, 'watchers_count': 244, 'language': 'Java', 'has_issues': True, 'has_projects': True, 'has_downloads': True, 'has_wiki': False, 'has_pages': False, 'forks_count': 100, 'mirror_url': None, 'archived': False, 'disabled': False, 'open_issues_count': 3, 'license': {'key': 'mit', 'name': 'MIT License', 'spdx_id': 'MIT', 'url': 'https://api.github.com/licenses/mit', 'node_id': 'MDc6TGljZW5zZTEz'}, 'allow_forking': True, 'is_template': False, 'topics': ['java', 'microsoft-graph', 'microsoft-graph-sdk', 'sdk'], 'visibility': 'public', 'forks': 100, 'open_issues': 3, 'watchers': 244, 'default_branch': 'dev'}}, '_links': {'self': {'href': 'https://api.github.com/repos/microsoftgraph/msgraph-sdk-java/pulls/1025'}, 'html': {'href': 'https://github.com/microsoftgraph/msgraph-sdk-java/pull/1025'}, 'issue': {'href': 'https://api.github.com/repos/microsoftgraph/msgraph-sdk-java/issues/1025'}, 'comments': {'href': 'https://api.github.com/repos/microsoftgraph/msgraph-sdk-java/issues/1025/comments'}, 'review_comments': {'href': 'https://api.github.com/repos/microsoftgraph/msgraph-sdk-java/pulls/1025/comments'}, 'review_comment': {'href': 'https://api.github.com/repos/microsoftgraph/msgraph-sdk-java/pulls/comments{/number}'}, 'commits': {'href': 'https://api.github.com/repos/microsoftgraph/msgraph-sdk-java/pulls/1025/commits'}, 'statuses': {'href': 'https://api.github.com/repos/microsoftgraph/msgraph-sdk-java/statuses/0f5b236613eb61b008fd81149f9028145d672bf1'}}, 'author_association': 'CONTRIBUTOR', 'auto_merge': None, 'active_lock_reason': None, 'merged': False, 'mergeable': None, 'rebaseable': None, 'mergeable_state': 'unknown', 'merged_by': None, 'comments': 0, 'review_comments': 0, 'maintainer_can_modify': False, 'commits': 1, 'additions': 336, 'deletions': 39, 'changed_files': 25}}",opened,Java
20590174690,PushEvent,microsoft/kiota,0.0,2022-03-04T21:19:49Z,"{'push_id': 9269001171, 'size': 2, 'distinct_size': 2, 'ref': 'refs/heads/rsh/java-core-migration', 'head': '4e66066adb52c50e67a1493d7397f02467a95bd5', 'before': 'a38312dc0cee2b876411b8c5f163f25298f5062d', 'commits': [{'sha': '94c787b81b0060209ef21b99a3d99b8360ac54c7', 'author': {'email': 'ramsess@microsoft.com', 'name': 'ramsessanchez'}, 'message': 'testing progress', 'distinct': True, 'url': 'https://api.github.com/repos/microsoft/kiota/commits/94c787b81b0060209ef21b99a3d99b8360ac54c7'}, {'sha': '4e66066adb52c50e67a1493d7397f02467a95bd5', 'author': {'email': 'ramsess@microsoft.com', 'name': 'ramsessanchez'}, 'message': 'testing progress', 'distinct': True, 'url': 'https://api.github.com/repos/microsoft/kiota/commits/4e66066adb52c50e67a1493d7397f02467a95bd5'}]}",,C#
20570977591,PullRequestReviewEvent,microsoftgraph/msgraph-sdk-java-core,0.0,2022-03-03T21:22:31Z,"{'action': 'created', 'review': {'id': 899529995, 'node_id': 'PRR_kwDOCTce4M41nb0L', 'user': {'login': 'ramsessanchez', 'id': 63934382, 'node_id': 'MDQ6VXNlcjYzOTM0Mzgy', 'avatar_url': 'https://avatars.githubusercontent.com/u/63934382?v=4', 'gravatar_id': '', 'url': 'https://api.github.com/users/ramsessanchez', 'html_url': 'https://github.com/ramsessanchez', 'followers_url': 'https://api.github.com/users/ramsessanchez/followers', 'following_url': 'https://api.github.com/users/ramsessanchez/following{/other_user}', 'gists_url': 'https://api.github.com/users/ramsessanchez/gists{/gist_id}', 'starred_url': 'https://api.github.com/users/ramsessanchez/starred{/owner}{/repo}', 'subscriptions_url': 'https://api.github.com/users/ramsessanchez/subscriptions', 'organizations_url': 'https://api.github.com/users/ramsessanchez/orgs', 'repos_url': 'https://api.github.com/users/ramsessanchez/repos', 'events_url': 'https://api.github.com/users/ramsessanchez/events{/privacy}', 'received_events_url': 'https://api.github.com/users/ramsessanchez/received_events', 'type': 'User', 'site_admin': False}, 'body': '', 'commit_id': 'd5892d81ac2409c40ce515e6879be429a023fc29', 'submitted_at': '2022-03-03T21:22:30Z', 'state': 'approved', 'html_url': 'https://github.com/microsoftgraph/msgraph-sdk-java-core/pull/454#pullrequestreview-899529995', 'pull_request_url': 'https://api.github.com/repos/microsoftgraph/msgraph-sdk-java-core/pulls/454', 'author_association': 'CONTRIBUTOR', '_links': {'html': {'href': 'https://github.com/microsoftgraph/msgraph-sdk-java-core/pull/454#pullrequestreview-899529995'}, 'pull_request': {'href': 'https://api.github.com/repos/microsoftgraph/msgraph-sdk-java-core/pulls/454'}}}, 'pull_request': {'url': 'https://api.github.com/repos/microsoftgraph/msgraph-sdk-java-core/pulls/454', 'id': 870713389, 'node_id': 'PR_kwDOCTce4M4z5ggt', 'html_url': 'https://github.com/microsoftgraph/msgraph-sdk-java-core/pull/454', 'diff_url': 'https://github.com/microsoftgraph/msgraph-sdk-java-core/pull/454.diff', 'patch_url': 'https://github.com/microsoftgraph/msgraph-sdk-java-core/pull/454.patch', 'issue_url': 'https://api.github.com/repos/microsoftgraph/msgraph-sdk-java-core/issues/454', 'number': 454, 'state': 'open', 'locked': False, 'title': '- upgrades gradle wrapper', 'user': {'login': 'baywet', 'id': 7905502, 'node_id': 'MDQ6VXNlcjc5MDU1MDI=', 'avatar_url': 'https://avatars.githubusercontent.com/u/7905502?v=4', 'gravatar_id': '', 'url': 'https://api.github.com/users/baywet', 'html_url': 'https://github.com/baywet', 'followers_url': 'https://api.github.com/users/baywet/followers', 'following_url': 'https://api.github.com/users/baywet/following{/other_user}', 'gists_url': 'https://api.github.com/users/baywet/gists{/gist_id}', 'starred_url': 'https://api.github.com/users/baywet/starred{/owner}{/repo}', 'subscriptions_url': 'https://api.github.com/users/baywet/subscriptions', 'organizations_url': 'https://api.github.com/users/baywet/orgs', 'repos_url': 'https://api.github.com/users/baywet/repos', 'events_url': 'https://api.github.com/users/baywet/events{/privacy}', 'received_events_url': 'https://api.github.com/users/baywet/received_events', 'type': 'User', 'site_admin': False}, 'body': None, 'created_at': '2022-03-03T15:25:53Z', 'updated_at': '2022-03-03T21:22:30Z', 'closed_at': None, 'merged_at': None, 'merge_commit_sha': 'b21ed1fd396c9b8d50f86ea57eb20c22b291b260', 'assignee': {'login': 'baywet', 'id': 7905502, 'node_id': 'MDQ6VXNlcjc5MDU1MDI=', 'avatar_url': 'https://avatars.githubusercontent.com/u/7905502?v=4', 'gravatar_id': '', 'url': 'https://api.github.com/users/baywet', 'html_url': 'https://github.com/baywet', 'followers_url': 'https://api.github.com/users/baywet/followers', 'following_url': 'https://api.github.com/users/baywet/following{/other_user}', 'gists_url': 'https://api.github.com/users/baywet/gists{/gist_id}', 'starred_url': 'https://api.github.com/users/baywet/starred{/owner}{/repo}', 'subscriptions_url': 'https://api.github.com/users/baywet/subscriptions', 'organizations_url': 'https://api.github.com/users/baywet/orgs', 'repos_url': 'https://api.github.com/users/baywet/repos', 'events_url': 'https://api.github.com/users/baywet/events{/privacy}', 'received_events_url': 'https://api.github.com/users/baywet/received_events', 'type': 'User', 'site_admin': False}, 'assignees': [{'login': 'baywet', 'id': 7905502, 'node_id': 'MDQ6VXNlcjc5MDU1MDI=', 'avatar_url': 'https://avatars.githubusercontent.com/u/7905502?v=4', 'gravatar_id': '', 'url': 'https://api.github.com/users/baywet', 'html_url': 'https://github.com/baywet', 'followers_url': 'https://api.github.com/users/baywet/followers', 'following_url': 'https://api.github.com/users/baywet/following{/other_user}', 'gists_url': 'https://api.github.com/users/baywet/gists{/gist_id}', 'starred_url': 'https://api.github.com/users/baywet/starred{/owner}{/repo}', 'subscriptions_url': 'https://api.github.com/users/baywet/subscriptions', 'organizations_url': 'https://api.github.com/users/baywet/orgs', 'repos_url': 'https://api.github.com/users/baywet/repos', 'events_url': 'https://api.github.com/users/baywet/events{/privacy}', 'received_events_url': 'https://api.github.com/users/baywet/received_events', 'type': 'User', 'site_admin': False}], 'requested_reviewers': [{'login': 'zengin', 'id': 803311, 'node_id': 'MDQ6VXNlcjgwMzMxMQ==', 'avatar_url': 'https://avatars.githubusercontent.com/u/803311?v=4', 'gravatar_id': '', 'url': 'https://api.github.com/users/zengin', 'html_url': 'https://github.com/zengin', 'followers_url': 'https://api.github.com/users/zengin/followers', 'following_url': 'https://api.github.com/users/zengin/following{/other_user}', 'gists_url': 'https://api.github.com/users/zengin/gists{/gist_id}', 'starred_url': 'https://api.github.com/users/zengin/starred{/owner}{/repo}', 'subscriptions_url': 'https://api.github.com/users/zengin/subscriptions', 'organizations_url': 'https://api.github.com/users/zengin/orgs', 'repos_url': 'https://api.github.com/users/zengin/repos', 'events_url': 'https://api.github.com/users/zengin/events{/privacy}', 'received_events_url': 'https://api.github.com/users/zengin/received_events', 'type': 'User', 'site_admin': False}, {'login': 'MIchaelMainer', 'id': 8527305, 'node_id': 'MDQ6VXNlcjg1MjczMDU=', 'avatar_url': 'https://avatars.githubusercontent.com/u/8527305?v=4', 'gravatar_id': '', 'url': 'https://api.github.com/users/MIchaelMainer', 'html_url': 'https://github.com/MIchaelMainer', 'followers_url': 'https://api.github.com/users/MIchaelMainer/followers', 'following_url': 'https://api.github.com/users/MIchaelMainer/following{/other_user}', 'gists_url': 'https://api.github.com/users/MIchaelMainer/gists{/gist_id}', 'starred_url': 'https://api.github.com/users/MIchaelMainer/starred{/owner}{/repo}', 'subscriptions_url': 'https://api.github.com/users/MIchaelMainer/subscriptions', 'organizations_url': 'https://api.github.com/users/MIchaelMainer/orgs', 'repos_url': 'https://api.github.com/users/MIchaelMainer/repos', 'events_url': 'https://api.github.com/users/MIchaelMainer/events{/privacy}', 'received_events_url': 'https://api.github.com/users/MIchaelMainer/received_events', 'type': 'User', 'site_admin': False}, {'login': 'ddyett', 'id': 20829981, 'node_id': 'MDQ6VXNlcjIwODI5OTgx', 'avatar_url': 'https://avatars.githubusercontent.com/u/20829981?v=4', 'gravatar_id': '', 'url': 'https://api.github.com/users/ddyett', 'html_url': 'https://github.com/ddyett', 'followers_url': 'https://api.github.com/users/ddyett/followers', 'following_url': 'https://api.github.com/users/ddyett/following{/other_user}', 'gists_url': 'https://api.github.com/users/ddyett/gists{/gist_id}', 'starred_url': 'https://api.github.com/users/ddyett/starred{/owner}{/repo}', 'subscriptions_url': 'https://api.github.com/users/ddyett/subscriptions', 'organizations_url': 'https://api.github.com/users/ddyett/orgs', 'repos_url': 'https://api.github.com/users/ddyett/repos', 'events_url': 'https://api.github.com/users/ddyett/events{/privacy}', 'received_events_url': 'https://api.github.com/users/ddyett/received_events', 'type': 'User', 'site_admin': False}, {'login': 'nikithauc', 'id': 23219007, 'node_id': 'MDQ6VXNlcjIzMjE5MDA3', 'avatar_url': 'https://avatars.githubusercontent.com/u/23219007?v=4', 'gravatar_id': '', 'url': 'https://api.github.com/users/nikithauc', 'html_url': 'https://github.com/nikithauc', 'followers_url': 'https://api.github.com/users/nikithauc/followers', 'following_url': 'https://api.github.com/users/nikithauc/following{/other_user}', 'gists_url': 'https://api.github.com/users/nikithauc/gists{/gist_id}', 'starred_url': 'https://api.github.com/users/nikithauc/starred{/owner}{/repo}', 'subscriptions_url': 'https://api.github.com/users/nikithauc/subscriptions', 'organizations_url': 'https://api.github.com/users/nikithauc/orgs', 'repos_url': 'https://api.github.com/users/nikithauc/repos', 'events_url': 'https://api.github.com/users/nikithauc/events{/privacy}', 'received_events_url': 'https://api.github.com/users/nikithauc/received_events', 'type': 'User', 'site_admin': False}], 'requested_teams': [], 'labels': [], 'milestone': {'url': 'https://api.github.com/repos/microsoftgraph/msgraph-sdk-java-core/milestones/23', 'html_url': 'https://github.com/microsoftgraph/msgraph-sdk-java-core/milestone/23', 'labels_url': 'https://api.github.com/repos/microsoftgraph/msgraph-sdk-java-core/milestones/23/labels', 'id': 7642528, 'node_id': 'MI_kwDOCTce4M4AdJ2g', 'number': 23, 'title': '2.0.12', 'description': '', 'creator': {'login': 'baywet', 'id': 7905502, 'node_id': 'MDQ6VXNlcjc5MDU1MDI=', 'avatar_url': 'https://avatars.githubusercontent.com/u/7905502?v=4', 'gravatar_id': '', 'url': 'https://api.github.com/users/baywet', 'html_url': 'https://github.com/baywet', 'followers_url': 'https://api.github.com/users/baywet/followers', 'following_url': 'https://api.github.com/users/baywet/following{/other_user}', 'gists_url': 'https://api.github.com/users/baywet/gists{/gist_id}', 'starred_url': 'https://api.github.com/users/baywet/starred{/owner}{/repo}', 'subscriptions_url': 'https://api.github.com/users/baywet/subscriptions', 'organizations_url': 'https://api.github.com/users/baywet/orgs', 'repos_url': 'https://api.github.com/users/baywet/repos', 'events_url': 'https://api.github.com/users/baywet/events{/privacy}', 'received_events_url': 'https://api.github.com/users/baywet/received_events', 'type': 'User', 'site_admin': False}, 'open_issues': 1, 'closed_issues': 19, 'state': 'open', 'created_at': '2022-02-04T19:18:46Z', 'updated_at': '2022-03-03T15:25:54Z', 'due_on': None, 'closed_at': None}, 'draft': False, 'commits_url': 'https://api.github.com/repos/microsoftgraph/msgraph-sdk-java-core/pulls/454/commits', 'review_comments_url': 'https://api.github.com/repos/microsoftgraph/msgraph-sdk-java-core/pulls/454/comments', 'review_comment_url': 'https://api.github.com/repos/microsoftgraph/msgraph-sdk-java-core/pulls/comments{/number}', 'comments_url': 'https://api.github.com/repos/microsoftgraph/msgraph-sdk-java-core/issues/454/comments', 'statuses_url': 'https://api.github.com/repos/microsoftgraph/msgraph-sdk-java-core/statuses/d5892d81ac2409c40ce515e6879be429a023fc29', 'head': {'label': 'microsoftgraph:feature/gradle74', 'ref': 'feature/gradle74', 'sha': 'd5892d81ac2409c40ce515e6879be429a023fc29', 'user': {'login': 'microsoftgraph', 'id': 17304259, 'node_id': 'MDEyOk9yZ2FuaXphdGlvbjE3MzA0MjU5', 'avatar_url': 'https://avatars.githubusercontent.com/u/17304259?v=4', 'gravatar_id': '', 'url': 'https://api.github.com/users/microsoftgraph', 'html_url': 'https://github.com/microsoftgraph', 'followers_url': 'https://api.github.com/users/microsoftgraph/followers', 'following_url': 'https://api.github.com/users/microsoftgraph/following{/other_user}', 'gists_url': 'https://api.github.com/users/microsoftgraph/gists{/gist_id}', 'starred_url': 'https://api.github.com/users/microsoftgraph/starred{/owner}{/repo}', 'subscriptions_url': 'https://api.github.com/users/microsoftgraph/subscriptions', 'organizations_url': 'https://api.github.com/users/microsoftgraph/orgs', 'repos_url': 'https://api.github.com/users/microsoftgraph/repos', 'events_url': 'https://api.github.com/users/microsoftgraph/events{/privacy}', 'received_events_url': 'https://api.github.com/users/microsoftgraph/received_events', 'type': 'Organization', 'site_admin': False}, 'repo': {'id': 154607328, 'node_id': 'MDEwOlJlcG9zaXRvcnkxNTQ2MDczMjg=', 'name': 'msgraph-sdk-java-core', 'full_name': 'microsoftgraph/msgraph-sdk-java-core', 'private': False, 'owner': {'login': 'microsoftgraph', 'id': 17304259, 'node_id': 'MDEyOk9yZ2FuaXphdGlvbjE3MzA0MjU5', 'avatar_url': 'https://avatars.githubusercontent.com/u/17304259?v=4', 'gravatar_id': '', 'url': 'https://api.github.com/users/microsoftgraph', 'html_url': 'https://github.com/microsoftgraph', 'followers_url': 'https://api.github.com/users/microsoftgraph/followers', 'following_url': 'https://api.github.com/users/microsoftgraph/following{/other_user}', 'gists_url': 'https://api.github.com/users/microsoftgraph/gists{/gist_id}', 'starred_url': 'https://api.github.com/users/microsoftgraph/starred{/owner}{/repo}', 'subscriptions_url': 'https://api.github.com/users/microsoftgraph/subscriptions', 'organizations_url': 'https://api.github.com/users/microsoftgraph/orgs', 'repos_url': 'https://api.github.com/users/microsoftgraph/repos', 'events_url': 'https://api.github.com/users/microsoftgraph/events{/privacy}', 'received_events_url': 'https://api.github.com/users/microsoftgraph/received_events', 'type': 'Organization', 'site_admin': False}, 'html_url': 'https://github.com/microsoftgraph/msgraph-sdk-java-core', 'description': 'Microsoft Graph SDK for Java - Core Library', 'fork': False, 'url': 'https://api.github.com/repos/microsoftgraph/msgraph-sdk-java-core', 'forks_url': 'https://api.github.com/repos/microsoftgraph/msgraph-sdk-java-core/forks', 'keys_url': 'https://api.github.com/repos/microsoftgraph/msgraph-sdk-java-core/keys{/key_id}', 'collaborators_url': 'https://api.github.com/repos/microsoftgraph/msgraph-sdk-java-core/collaborators{/collaborator}', 'teams_url': 'https://api.github.com/repos/microsoftgraph/msgraph-sdk-java-core/teams', 'hooks_url': 'https://api.github.com/repos/microsoftgraph/msgraph-sdk-java-core/hooks', 'issue_events_url': 'https://api.github.com/repos/microsoftgraph/msgraph-sdk-java-core/issues/events{/number}', 'events_url': 'https://api.github.com/repos/microsoftgraph/msgraph-sdk-java-core/events', 'assignees_url': 'https://api.github.com/repos/microsoftgraph/msgraph-sdk-java-core/assignees{/user}', 'branches_url': 'https://api.github.com/repos/microsoftgraph/msgraph-sdk-java-core/branches{/branch}', 'tags_url': 'https://api.github.com/repos/microsoftgraph/msgraph-sdk-java-core/tags', 'blobs_url': 'https://api.github.com/repos/microsoftgraph/msgraph-sdk-java-core/git/blobs{/sha}', 'git_tags_url': 'https://api.github.com/repos/microsoftgraph/msgraph-sdk-java-core/git/tags{/sha}', 'git_refs_url': 'https://api.github.com/repos/microsoftgraph/msgraph-sdk-java-core/git/refs{/sha}', 'trees_url': 'https://api.github.com/repos/microsoftgraph/msgraph-sdk-java-core/git/trees{/sha}', 'statuses_url': 'https://api.github.com/repos/microsoftgraph/msgraph-sdk-java-core/statuses/{sha}', 'languages_url': 'https://api.github.com/repos/microsoftgraph/msgraph-sdk-java-core/languages', 'stargazers_url': 'https://api.github.com/repos/microsoftgraph/msgraph-sdk-java-core/stargazers', 'contributors_url': 'https://api.github.com/repos/microsoftgraph/msgraph-sdk-java-core/contributors', 'subscribers_url': 'https://api.github.com/repos/microsoftgraph/msgraph-sdk-java-core/subscribers', 'subscription_url': 'https://api.github.com/repos/microsoftgraph/msgraph-sdk-java-core/subscription', 'commits_url': 'https://api.github.com/repos/microsoftgraph/msgraph-sdk-java-core/commits{/sha}', 'git_commits_url': 'https://api.github.com/repos/microsoftgraph/msgraph-sdk-java-core/git/commits{/sha}', 'comments_url': 'https://api.github.com/repos/microsoftgraph/msgraph-sdk-java-core/comments{/number}', 'issue_comment_url': 'https://api.github.com/repos/microsoftgraph/msgraph-sdk-java-core/issues/comments{/number}', 'contents_url': 'https://api.github.com/repos/microsoftgraph/msgraph-sdk-java-core/contents/{+path}', 'compare_url': 'https://api.github.com/repos/microsoftgraph/msgraph-sdk-java-core/compare/{base}...{head}', 'merges_url': 'https://api.github.com/repos/microsoftgraph/msgraph-sdk-java-core/merges', 'archive_url': 'https://api.github.com/repos/microsoftgraph/msgraph-sdk-java-core/{archive_format}{/ref}', 'downloads_url': 'https://api.github.com/repos/microsoftgraph/msgraph-sdk-java-core/downloads', 'issues_url': 'https://api.github.com/repos/microsoftgraph/msgraph-sdk-java-core/issues{/number}', 'pulls_url': 'https://api.github.com/repos/microsoftgraph/msgraph-sdk-java-core/pulls{/number}', 'milestones_url': 'https://api.github.com/repos/microsoftgraph/msgraph-sdk-java-core/milestones{/number}', 'notifications_url': 'https://api.github.com/repos/microsoftgraph/msgraph-sdk-java-core/notifications{?since,all,participating}', 'labels_url': 'https://api.github.com/repos/microsoftgraph/msgraph-sdk-java-core/labels{/name}', 'releases_url': 'https://api.github.com/repos/microsoftgraph/msgraph-sdk-java-core/releases{/id}', 'deployments_url': 'https://api.github.com/repos/microsoftgraph/msgraph-sdk-java-core/deployments', 'created_at': '2018-10-25T03:53:47Z', 'updated_at': '2022-01-27T03:45:26Z', 'pushed_at': '2022-03-03T15:25:53Z', 'git_url': 'git://github.com/microsoftgraph/msgraph-sdk-java-core.git', 'ssh_url': 'git@github.com:microsoftgraph/msgraph-sdk-java-core.git', 'clone_url': 'https://github.com/microsoftgraph/msgraph-sdk-java-core.git', 'svn_url': 'https://github.com/microsoftgraph/msgraph-sdk-java-core', 'homepage': 'https://docs.microsoft.com/en-us/graph/sdks/sdks-overview', 'size': 1738, 'stargazers_count': 22, 'watchers_count': 22, 'language': 'Java', 'has_issues': True, 'has_projects': True, 'has_downloads': True, 'has_wiki': False, 'has_pages': False, 'forks_count': 21, 'mirror_url': None, 'archived': False, 'disabled': False, 'open_issues_count': 11, 'license': {'key': 'mit', 'name': 'MIT License', 'spdx_id': 'MIT', 'url': 'https://api.github.com/licenses/mit', 'node_id': 'MDc6TGljZW5zZTEz'}, 'allow_forking': True, 'is_template': False, 'topics': ['hacktoberfest', 'java', 'microsoft-graph', 'sdk'], 'visibility': 'public', 'forks': 21, 'open_issues': 11, 'watchers': 22, 'default_branch': 'dev'}}, 'base': {'label': 'microsoftgraph:dev', 'ref': 'dev', 'sha': 'e14f114901bde6ec76d28efb505e19551cedb17a', 'user': {'login': 'microsoftgraph', 'id': 17304259, 'node_id': 'MDEyOk9yZ2FuaXphdGlvbjE3MzA0MjU5', 'avatar_url': 'https://avatars.githubusercontent.com/u/17304259?v=4', 'gravatar_id': '', 'url': 'https://api.github.com/users/microsoftgraph', 'html_url': 'https://github.com/microsoftgraph', 'followers_url': 'https://api.github.com/users/microsoftgraph/followers', 'following_url': 'https://api.github.com/users/microsoftgraph/following{/other_user}', 'gists_url': 'https://api.github.com/users/microsoftgraph/gists{/gist_id}', 'starred_url': 'https://api.github.com/users/microsoftgraph/starred{/owner}{/repo}', 'subscriptions_url': 'https://api.github.com/users/microsoftgraph/subscriptions', 'organizations_url': 'https://api.github.com/users/microsoftgraph/orgs', 'repos_url': 'https://api.github.com/users/microsoftgraph/repos', 'events_url': 'https://api.github.com/users/microsoftgraph/events{/privacy}', 'received_events_url': 'https://api.github.com/users/microsoftgraph/received_events', 'type': 'Organization', 'site_admin': False}, 'repo': {'id': 154607328, 'node_id': 'MDEwOlJlcG9zaXRvcnkxNTQ2MDczMjg=', 'name': 'msgraph-sdk-java-core', 'full_name': 'microsoftgraph/msgraph-sdk-java-core', 'private': False, 'owner': {'login': 'microsoftgraph', 'id': 17304259, 'node_id': 'MDEyOk9yZ2FuaXphdGlvbjE3MzA0MjU5', 'avatar_url': 'https://avatars.githubusercontent.com/u/17304259?v=4', 'gravatar_id': '', 'url': 'https://api.github.com/users/microsoftgraph', 'html_url': 'https://github.com/microsoftgraph', 'followers_url': 'https://api.github.com/users/microsoftgraph/followers', 'following_url': 'https://api.github.com/users/microsoftgraph/following{/other_user}', 'gists_url': 'https://api.github.com/users/microsoftgraph/gists{/gist_id}', 'starred_url': 'https://api.github.com/users/microsoftgraph/starred{/owner}{/repo}', 'subscriptions_url': 'https://api.github.com/users/microsoftgraph/subscriptions', 'organizations_url': 'https://api.github.com/users/microsoftgraph/orgs', 'repos_url': 'https://api.github.com/users/microsoftgraph/repos', 'events_url': 'https://api.github.com/users/microsoftgraph/events{/privacy}', 'received_events_url': 'https://api.github.com/users/microsoftgraph/received_events', 'type': 'Organization', 'site_admin': False}, 'html_url': 'https://github.com/microsoftgraph/msgraph-sdk-java-core', 'description': 'Microsoft Graph SDK for Java - Core Library', 'fork': False, 'url': 'https://api.github.com/repos/microsoftgraph/msgraph-sdk-java-core', 'forks_url': 'https://api.github.com/repos/microsoftgraph/msgraph-sdk-java-core/forks', 'keys_url': 'https://api.github.com/repos/microsoftgraph/msgraph-sdk-java-core/keys{/key_id}', 'collaborators_url': 'https://api.github.com/repos/microsoftgraph/msgraph-sdk-java-core/collaborators{/collaborator}', 'teams_url': 'https://api.github.com/repos/microsoftgraph/msgraph-sdk-java-core/teams', 'hooks_url': 'https://api.github.com/repos/microsoftgraph/msgraph-sdk-java-core/hooks', 'issue_events_url': 'https://api.github.com/repos/microsoftgraph/msgraph-sdk-java-core/issues/events{/number}', 'events_url': 'https://api.github.com/repos/microsoftgraph/msgraph-sdk-java-core/events', 'assignees_url': 'https://api.github.com/repos/microsoftgraph/msgraph-sdk-java-core/assignees{/user}', 'branches_url': 'https://api.github.com/repos/microsoftgraph/msgraph-sdk-java-core/branches{/branch}', 'tags_url': 'https://api.github.com/repos/microsoftgraph/msgraph-sdk-java-core/tags', 'blobs_url': 'https://api.github.com/repos/microsoftgraph/msgraph-sdk-java-core/git/blobs{/sha}', 'git_tags_url': 'https://api.github.com/repos/microsoftgraph/msgraph-sdk-java-core/git/tags{/sha}', 'git_refs_url': 'https://api.github.com/repos/microsoftgraph/msgraph-sdk-java-core/git/refs{/sha}', 'trees_url': 'https://api.github.com/repos/microsoftgraph/msgraph-sdk-java-core/git/trees{/sha}', 'statuses_url': 'https://api.github.com/repos/microsoftgraph/msgraph-sdk-java-core/statuses/{sha}', 'languages_url': 'https://api.github.com/repos/microsoftgraph/msgraph-sdk-java-core/languages', 'stargazers_url': 'https://api.github.com/repos/microsoftgraph/msgraph-sdk-java-core/stargazers', 'contributors_url': 'https://api.github.com/repos/microsoftgraph/msgraph-sdk-java-core/contributors', 'subscribers_url': 'https://api.github.com/repos/microsoftgraph/msgraph-sdk-java-core/subscribers', 'subscription_url': 'https://api.github.com/repos/microsoftgraph/msgraph-sdk-java-core/subscription', 'commits_url': 'https://api.github.com/repos/microsoftgraph/msgraph-sdk-java-core/commits{/sha}', 'git_commits_url': 'https://api.github.com/repos/microsoftgraph/msgraph-sdk-java-core/git/commits{/sha}', 'comments_url': 'https://api.github.com/repos/microsoftgraph/msgraph-sdk-java-core/comments{/number}', 'issue_comment_url': 'https://api.github.com/repos/microsoftgraph/msgraph-sdk-java-core/issues/comments{/number}', 'contents_url': 'https://api.github.com/repos/microsoftgraph/msgraph-sdk-java-core/contents/{+path}', 'compare_url': 'https://api.github.com/repos/microsoftgraph/msgraph-sdk-java-core/compare/{base}...{head}', 'merges_url': 'https://api.github.com/repos/microsoftgraph/msgraph-sdk-java-core/merges', 'archive_url': 'https://api.github.com/repos/microsoftgraph/msgraph-sdk-java-core/{archive_format}{/ref}', 'downloads_url': 'https://api.github.com/repos/microsoftgraph/msgraph-sdk-java-core/downloads', 'issues_url': 'https://api.github.com/repos/microsoftgraph/msgraph-sdk-java-core/issues{/number}', 'pulls_url': 'https://api.github.com/repos/microsoftgraph/msgraph-sdk-java-core/pulls{/number}', 'milestones_url': 'https://api.github.com/repos/microsoftgraph/msgraph-sdk-java-core/milestones{/number}', 'notifications_url': 'https://api.github.com/repos/microsoftgraph/msgraph-sdk-java-core/notifications{?since,all,participating}', 'labels_url': 'https://api.github.com/repos/microsoftgraph/msgraph-sdk-java-core/labels{/name}', 'releases_url': 'https://api.github.com/repos/microsoftgraph/msgraph-sdk-java-core/releases{/id}', 'deployments_url': 'https://api.github.com/repos/microsoftgraph/msgraph-sdk-java-core/deployments', 'created_at': '2018-10-25T03:53:47Z', 'updated_at': '2022-01-27T03:45:26Z', 'pushed_at': '2022-03-03T15:25:53Z', 'git_url': 'git://github.com/microsoftgraph/msgraph-sdk-java-core.git', 'ssh_url': 'git@github.com:microsoftgraph/msgraph-sdk-java-core.git', 'clone_url': 'https://github.com/microsoftgraph/msgraph-sdk-java-core.git', 'svn_url': 'https://github.com/microsoftgraph/msgraph-sdk-java-core', 'homepage': 'https://docs.microsoft.com/en-us/graph/sdks/sdks-overview', 'size': 1738, 'stargazers_count': 22, 'watchers_count': 22, 'language': 'Java', 'has_issues': True, 'has_projects': True, 'has_downloads': True, 'has_wiki': False, 'has_pages': False, 'forks_count': 21, 'mirror_url': None, 'archived': False, 'disabled': False, 'open_issues_count': 11, 'license': {'key': 'mit', 'name': 'MIT License', 'spdx_id': 'MIT', 'url': 'https://api.github.com/licenses/mit', 'node_id': 'MDc6TGljZW5zZTEz'}, 'allow_forking': True, 'is_template': False, 'topics': ['hacktoberfest', 'java', 'microsoft-graph', 'sdk'], 'visibility': 'public', 'forks': 21, 'open_issues': 11, 'watchers': 22, 'default_branch': 'dev'}}, '_links': {'self': {'href': 'https://api.github.com/repos/microsoftgraph/msgraph-sdk-java-core/pulls/454'}, 'html': {'href': 'https://github.com/microsoftgraph/msgraph-sdk-java-core/pull/454'}, 'issue': {'href': 'https://api.github.com/repos/microsoftgraph/msgraph-sdk-java-core/issues/454'}, 'comments': {'href': 'https://api.github.com/repos/microsoftgraph/msgraph-sdk-java-core/issues/454/comments'}, 'review_comments': {'href': 'https://api.github.com/repos/microsoftgraph/msgraph-sdk-java-core/pulls/454/comments'}, 'review_comment': {'href': 'https://api.github.com/repos/microsoftgraph/msgraph-sdk-java-core/pulls/comments{/number}'}, 'commits': {'href': 'https://api.github.com/repos/microsoftgraph/msgraph-sdk-java-core/pulls/454/commits'}, 'statuses': {'href': 'https://api.github.com/repos/microsoftgraph/msgraph-sdk-java-core/statuses/d5892d81ac2409c40ce515e6879be429a023fc29'}}, 'author_association': 'MEMBER', 'auto_merge': {'enabled_by': {'login': 'baywet', 'id': 7905502, 'node_id': 'MDQ6VXNlcjc5MDU1MDI=', 'avatar_url': 'https://avatars.githubusercontent.com/u/7905502?v=4', 'gravatar_id': '', 'url': 'https://api.github.com/users/baywet', 'html_url': 'https://github.com/baywet', 'followers_url': 'https://api.github.com/users/baywet/followers', 'following_url': 'https://api.github.com/users/baywet/following{/other_user}', 'gists_url': 'https://api.github.com/users/baywet/gists{/gist_id}', 'starred_url': 'https://api.github.com/users/baywet/starred{/owner}{/repo}', 'subscriptions_url': 'https://api.github.com/users/baywet/subscriptions', 'organizations_url': 'https://api.github.com/users/baywet/orgs', 'repos_url': 'https://api.github.com/users/baywet/repos', 'events_url': 'https://api.github.com/users/baywet/events{/privacy}', 'received_events_url': 'https://api.github.com/users/baywet/received_events', 'type': 'User', 'site_admin': False}, 'merge_method': 'merge', 'commit_title': None, 'commit_message': None}, 'active_lock_reason': None}}",created,Java
20569853097,PullRequestEvent,microsoftgraph/msgraph-beta-sdk-java,0.0,2022-03-03T20:04:20Z,"{'action': 'closed', 'number': 262, 'pull_request': {'url': 'https://api.github.com/repos/microsoftgraph/msgraph-beta-sdk-java/pulls/262', 'id': 868350952, 'node_id': 'PR_kwDODDF5Ls4zwfvo', 'html_url': 'https://github.com/microsoftgraph/msgraph-beta-sdk-java/pull/262', 'diff_url': 'https://github.com/microsoftgraph/msgraph-beta-sdk-java/pull/262.diff', 'patch_url': 'https://github.com/microsoftgraph/msgraph-beta-sdk-java/pull/262.patch', 'issue_url': 'https://api.github.com/repos/microsoftgraph/msgraph-beta-sdk-java/issues/262', 'number': 262, 'state': 'closed', 'locked': False, 'title': 'Generated beta models and request builders using Typewriter', 'user': {'login': 'ramsessanchez', 'id': 63934382, 'node_id': 'MDQ6VXNlcjYzOTM0Mzgy', 'avatar_url': 'https://avatars.githubusercontent.com/u/63934382?v=4', 'gravatar_id': '', 'url': 'https://api.github.com/users/ramsessanchez', 'html_url': 'https://github.com/ramsessanchez', 'followers_url': 'https://api.github.com/users/ramsessanchez/followers', 'following_url': 'https://api.github.com/users/ramsessanchez/following{/other_user}', 'gists_url': 'https://api.github.com/users/ramsessanchez/gists{/gist_id}', 'starred_url': 'https://api.github.com/users/ramsessanchez/starred{/owner}{/repo}', 'subscriptions_url': 'https://api.github.com/users/ramsessanchez/subscriptions', 'organizations_url': 'https://api.github.com/users/ramsessanchez/orgs', 'repos_url': 'https://api.github.com/users/ramsessanchez/repos', 'events_url': 'https://api.github.com/users/ramsessanchez/events{/privacy}', 'received_events_url': 'https://api.github.com/users/ramsessanchez/received_events', 'type': 'User', 'site_admin': False}, 'body': 'This pull request was automatically created by the GitHub Action, **create pull request**. \n\n The commit hash is _adc2a44fbad32ee95280408856ad3116a1116914_. \n\n **Important** Check for unexpected deletions or changes in this PR.\n\n###### Microsoft Reviewers: [Open in CodeFlow](https://portal.fabricbot.ms/api/codeflow?pullrequest=https://github.com/microsoftgraph/msgraph-beta-sdk-java/pull/262)', 'created_at': '2022-03-01T22:43:35Z', 'updated_at': '2022-03-03T20:04:20Z', 'closed_at': '2022-03-03T20:04:19Z', 'merged_at': '2022-03-03T20:04:19Z', 'merge_commit_sha': 'c61c2fb66c664b125a2601dbab295a16b0d588c3', 'assignee': {'login': 'ramsessanchez', 'id': 63934382, 'node_id': 'MDQ6VXNlcjYzOTM0Mzgy', 'avatar_url': 'https://avatars.githubusercontent.com/u/63934382?v=4', 'gravatar_id': '', 'url': 'https://api.github.com/users/ramsessanchez', 'html_url': 'https://github.com/ramsessanchez', 'followers_url': 'https://api.github.com/users/ramsessanchez/followers', 'following_url': 'https://api.github.com/users/ramsessanchez/following{/other_user}', 'gists_url': 'https://api.github.com/users/ramsessanchez/gists{/gist_id}', 'starred_url': 'https://api.github.com/users/ramsessanchez/starred{/owner}{/repo}', 'subscriptions_url': 'https://api.github.com/users/ramsessanchez/subscriptions', 'organizations_url': 'https://api.github.com/users/ramsessanchez/orgs', 'repos_url': 'https://api.github.com/users/ramsessanchez/repos', 'events_url': 'https://api.github.com/users/ramsessanchez/events{/privacy}', 'received_events_url': 'https://api.github.com/users/ramsessanchez/received_events', 'type': 'User', 'site_admin': False}, 'assignees': [{'login': 'ramsessanchez', 'id': 63934382, 'node_id': 'MDQ6VXNlcjYzOTM0Mzgy', 'avatar_url': 'https://avatars.githubusercontent.com/u/63934382?v=4', 'gravatar_id': '', 'url': 'https://api.github.com/users/ramsessanchez', 'html_url': 'https://github.com/ramsessanchez', 'followers_url': 'https://api.github.com/users/ramsessanchez/followers', 'following_url': 'https://api.github.com/users/ramsessanchez/following{/other_user}', 'gists_url': 'https://api.github.com/users/ramsessanchez/gists{/gist_id}', 'starred_url': 'https://api.github.com/users/ramsessanchez/starred{/owner}{/repo}', 'subscriptions_url': 'https://api.github.com/users/ramsessanchez/subscriptions', 'organizations_url': 'https://api.github.com/users/ramsessanchez/orgs', 'repos_url': 'https://api.github.com/users/ramsessanchez/repos', 'events_url': 'https://api.github.com/users/ramsessanchez/events{/privacy}', 'received_events_url': 'https://api.github.com/users/ramsessanchez/received_events', 'type': 'User', 'site_admin': False}], 'requested_reviewers': [{'login': 'zengin', 'id': 803311, 'node_id': 'MDQ6VXNlcjgwMzMxMQ==', 'avatar_url': 'https://avatars.githubusercontent.com/u/803311?v=4', 'gravatar_id': '', 'url': 'https://api.github.com/users/zengin', 'html_url': 'https://github.com/zengin', 'followers_url': 'https://api.github.com/users/zengin/followers', 'following_url': 'https://api.github.com/users/zengin/following{/other_user}', 'gists_url': 'https://api.github.com/users/zengin/gists{/gist_id}', 'starred_url': 'https://api.github.com/users/zengin/starred{/owner}{/repo}', 'subscriptions_url': 'https://api.github.com/users/zengin/subscriptions', 'organizations_url': 'https://api.github.com/users/zengin/orgs', 'repos_url': 'https://api.github.com/users/zengin/repos', 'events_url': 'https://api.github.com/users/zengin/events{/privacy}', 'received_events_url': 'https://api.github.com/users/zengin/received_events', 'type': 'User', 'site_admin': False}, {'login': 'peombwa', 'id': 7061532, 'node_id': 'MDQ6VXNlcjcwNjE1MzI=', 'avatar_url': 'https://avatars.githubusercontent.com/u/7061532?v=4', 'gravatar_id': '', 'url': 'https://api.github.com/users/peombwa', 'html_url': 'https://github.com/peombwa', 'followers_url': 'https://api.github.com/users/peombwa/followers', 'following_url': 'https://api.github.com/users/peombwa/following{/other_user}', 'gists_url': 'https://api.github.com/users/peombwa/gists{/gist_id}', 'starred_url': 'https://api.github.com/users/peombwa/starred{/owner}{/repo}', 'subscriptions_url': 'https://api.github.com/users/peombwa/subscriptions', 'organizations_url': 'https://api.github.com/users/peombwa/orgs', 'repos_url': 'https://api.github.com/users/peombwa/repos', 'events_url': 'https://api.github.com/users/peombwa/events{/privacy}', 'received_events_url': 'https://api.github.com/users/peombwa/received_events', 'type': 'User', 'site_admin': False}, {'login': 'MIchaelMainer', 'id': 8527305, 'node_id': 'MDQ6VXNlcjg1MjczMDU=', 'avatar_url': 'https://avatars.githubusercontent.com/u/8527305?v=4', 'gravatar_id': '', 'url': 'https://api.github.com/users/MIchaelMainer', 'html_url': 'https://github.com/MIchaelMainer', 'followers_url': 'https://api.github.com/users/MIchaelMainer/followers', 'following_url': 'https://api.github.com/users/MIchaelMainer/following{/other_user}', 'gists_url': 'https://api.github.com/users/MIchaelMainer/gists{/gist_id}', 'starred_url': 'https://api.github.com/users/MIchaelMainer/starred{/owner}{/repo}', 'subscriptions_url': 'https://api.github.com/users/MIchaelMainer/subscriptions', 'organizations_url': 'https://api.github.com/users/MIchaelMainer/orgs', 'repos_url': 'https://api.github.com/users/MIchaelMainer/repos', 'events_url': 'https://api.github.com/users/MIchaelMainer/events{/privacy}', 'received_events_url': 'https://api.github.com/users/MIchaelMainer/received_events', 'type': 'User', 'site_admin': False}, {'login': 'ddyett', 'id': 20829981, 'node_id': 'MDQ6VXNlcjIwODI5OTgx', 'avatar_url': 'https://avatars.githubusercontent.com/u/20829981?v=4', 'gravatar_id': '', 'url': 'https://api.github.com/users/ddyett', 'html_url': 'https://github.com/ddyett', 'followers_url': 'https://api.github.com/users/ddyett/followers', 'following_url': 'https://api.github.com/users/ddyett/following{/other_user}', 'gists_url': 'https://api.github.com/users/ddyett/gists{/gist_id}', 'starred_url': 'https://api.github.com/users/ddyett/starred{/owner}{/repo}', 'subscriptions_url': 'https://api.github.com/users/ddyett/subscriptions', 'organizations_url': 'https://api.github.com/users/ddyett/orgs', 'repos_url': 'https://api.github.com/users/ddyett/repos', 'events_url': 'https://api.github.com/users/ddyett/events{/privacy}', 'received_events_url': 'https://api.github.com/users/ddyett/received_events', 'type': 'User', 'site_admin': False}, {'login': 'nikithauc', 'id': 23219007, 'node_id': 'MDQ6VXNlcjIzMjE5MDA3', 'avatar_url': 'https://avatars.githubusercontent.com/u/23219007?v=4', 'gravatar_id': '', 'url': 'https://api.github.com/users/nikithauc', 'html_url': 'https://github.com/nikithauc', 'followers_url': 'https://api.github.com/users/nikithauc/followers', 'following_url': 'https://api.github.com/users/nikithauc/following{/other_user}', 'gists_url': 'https://api.github.com/users/nikithauc/gists{/gist_id}', 'starred_url': 'https://api.github.com/users/nikithauc/starred{/owner}{/repo}', 'subscriptions_url': 'https://api.github.com/users/nikithauc/subscriptions', 'organizations_url': 'https://api.github.com/users/nikithauc/orgs', 'repos_url': 'https://api.github.com/users/nikithauc/repos', 'events_url': 'https://api.github.com/users/nikithauc/events{/privacy}', 'received_events_url': 'https://api.github.com/users/nikithauc/received_events', 'type': 'User', 'site_admin': False}], 'requested_teams': [], 'labels': [{'id': 2333584516, 'node_id': 'MDU6TGFiZWwyMzMzNTg0NTE2', 'url': 'https://api.github.com/repos/microsoftgraph/msgraph-beta-sdk-java/labels/generated', 'name': 'generated', 'color': 'ededed', 'default': False, 'description': ''}], 'milestone': None, 'draft': False, 'commits_url': 'https://api.github.com/repos/microsoftgraph/msgraph-beta-sdk-java/pulls/262/commits', 'review_comments_url': 'https://api.github.com/repos/microsoftgraph/msgraph-beta-sdk-java/pulls/262/comments', 'review_comment_url': 'https://api.github.com/repos/microsoftgraph/msgraph-beta-sdk-java/pulls/comments{/number}', 'comments_url': 'https://api.github.com/repos/microsoftgraph/msgraph-beta-sdk-java/issues/262/comments', 'statuses_url': 'https://api.github.com/repos/microsoftgraph/msgraph-beta-sdk-java/statuses/6bae228be395bd99df0d4ab2396cb2365b43b9e7', 'head': {'label': 'microsoftgraph:beta/pipelinebuild/68875', 'ref': 'beta/pipelinebuild/68875', 'sha': '6bae228be395bd99df0d4ab2396cb2365b43b9e7', 'user': {'login': 'microsoftgraph', 'id': 17304259, 'node_id': 'MDEyOk9yZ2FuaXphdGlvbjE3MzA0MjU5', 'avatar_url': 'https://avatars.githubusercontent.com/u/17304259?v=4', 'gravatar_id': '', 'url': 'https://api.github.com/users/microsoftgraph', 'html_url': 'https://github.com/microsoftgraph', 'followers_url': 'https://api.github.com/users/microsoftgraph/followers', 'following_url': 'https://api.github.com/users/microsoftgraph/following{/other_user}', 'gists_url': 'https://api.github.com/users/microsoftgraph/gists{/gist_id}', 'starred_url': 'https://api.github.com/users/microsoftgraph/starred{/owner}{/repo}', 'subscriptions_url': 'https://api.github.com/users/microsoftgraph/subscriptions', 'organizations_url': 'https://api.github.com/users/microsoftgraph/orgs', 'repos_url': 'https://api.github.com/users/microsoftgraph/repos', 'events_url': 'https://api.github.com/users/microsoftgraph/events{/privacy}', 'received_events_url': 'https://api.github.com/users/microsoftgraph/received_events', 'type': 'Organization', 'site_admin': False}, 'repo': {'id': 204568878, 'node_id': 'MDEwOlJlcG9zaXRvcnkyMDQ1Njg4Nzg=', 'name': 'msgraph-beta-sdk-java', 'full_name': 'microsoftgraph/msgraph-beta-sdk-java', 'private': False, 'owner': {'login': 'microsoftgraph', 'id': 17304259, 'node_id': 'MDEyOk9yZ2FuaXphdGlvbjE3MzA0MjU5', 'avatar_url': 'https://avatars.githubusercontent.com/u/17304259?v=4', 'gravatar_id': '', 'url': 'https://api.github.com/users/microsoftgraph', 'html_url': 'https://github.com/microsoftgraph', 'followers_url': 'https://api.github.com/users/microsoftgraph/followers', 'following_url': 'https://api.github.com/users/microsoftgraph/following{/other_user}', 'gists_url': 'https://api.github.com/users/microsoftgraph/gists{/gist_id}', 'starred_url': 'https://api.github.com/users/microsoftgraph/starred{/owner}{/repo}', 'subscriptions_url': 'https://api.github.com/users/microsoftgraph/subscriptions', 'organizations_url': 'https://api.github.com/users/microsoftgraph/orgs', 'repos_url': 'https://api.github.com/users/microsoftgraph/repos', 'events_url': 'https://api.github.com/users/microsoftgraph/events{/privacy}', 'received_events_url': 'https://api.github.com/users/microsoftgraph/received_events', 'type': 'Organization', 'site_admin': False}, 'html_url': 'https://github.com/microsoftgraph/msgraph-beta-sdk-java', 'description': 'Microsoft Graph Beta Java SDK', 'fork': False, 'url': 'https://api.github.com/repos/microsoftgraph/msgraph-beta-sdk-java', 'forks_url': 'https://api.github.com/repos/microsoftgraph/msgraph-beta-sdk-java/forks', 'keys_url': 'https://api.github.com/repos/microsoftgraph/msgraph-beta-sdk-java/keys{/key_id}', 'collaborators_url': 'https://api.github.com/repos/microsoftgraph/msgraph-beta-sdk-java/collaborators{/collaborator}', 'teams_url': 'https://api.github.com/repos/microsoftgraph/msgraph-beta-sdk-java/teams', 'hooks_url': 'https://api.github.com/repos/microsoftgraph/msgraph-beta-sdk-java/hooks', 'issue_events_url': 'https://api.github.com/repos/microsoftgraph/msgraph-beta-sdk-java/issues/events{/number}', 'events_url': 'https://api.github.com/repos/microsoftgraph/msgraph-beta-sdk-java/events', 'assignees_url': 'https://api.github.com/repos/microsoftgraph/msgraph-beta-sdk-java/assignees{/user}', 'branches_url': 'https://api.github.com/repos/microsoftgraph/msgraph-beta-sdk-java/branches{/branch}', 'tags_url': 'https://api.github.com/repos/microsoftgraph/msgraph-beta-sdk-java/tags', 'blobs_url': 'https://api.github.com/repos/microsoftgraph/msgraph-beta-sdk-java/git/blobs{/sha}', 'git_tags_url': 'https://api.github.com/repos/microsoftgraph/msgraph-beta-sdk-java/git/tags{/sha}', 'git_refs_url': 'https://api.github.com/repos/microsoftgraph/msgraph-beta-sdk-java/git/refs{/sha}', 'trees_url': 'https://api.github.com/repos/microsoftgraph/msgraph-beta-sdk-java/git/trees{/sha}', 'statuses_url': 'https://api.github.com/repos/microsoftgraph/msgraph-beta-sdk-java/statuses/{sha}', 'languages_url': 'https://api.github.com/repos/microsoftgraph/msgraph-beta-sdk-java/languages', 'stargazers_url': 'https://api.github.com/repos/microsoftgraph/msgraph-beta-sdk-java/stargazers', 'contributors_url': 'https://api.github.com/repos/microsoftgraph/msgraph-beta-sdk-java/contributors', 'subscribers_url': 'https://api.github.com/repos/microsoftgraph/msgraph-beta-sdk-java/subscribers', 'subscription_url': 'https://api.github.com/repos/microsoftgraph/msgraph-beta-sdk-java/subscription', 'commits_url': 'https://api.github.com/repos/microsoftgraph/msgraph-beta-sdk-java/commits{/sha}', 'git_commits_url': 'https://api.github.com/repos/microsoftgraph/msgraph-beta-sdk-java/git/commits{/sha}', 'comments_url': 'https://api.github.com/repos/microsoftgraph/msgraph-beta-sdk-java/comments{/number}', 'issue_comment_url': 'https://api.github.com/repos/microsoftgraph/msgraph-beta-sdk-java/issues/comments{/number}', 'contents_url': 'https://api.github.com/repos/microsoftgraph/msgraph-beta-sdk-java/contents/{+path}', 'compare_url': 'https://api.github.com/repos/microsoftgraph/msgraph-beta-sdk-java/compare/{base}...{head}', 'merges_url': 'https://api.github.com/repos/microsoftgraph/msgraph-beta-sdk-java/merges', 'archive_url': 'https://api.github.com/repos/microsoftgraph/msgraph-beta-sdk-java/{archive_format}{/ref}', 'downloads_url': 'https://api.github.com/repos/microsoftgraph/msgraph-beta-sdk-java/downloads', 'issues_url': 'https://api.github.com/repos/microsoftgraph/msgraph-beta-sdk-java/issues{/number}', 'pulls_url': 'https://api.github.com/repos/microsoftgraph/msgraph-beta-sdk-java/pulls{/number}', 'milestones_url': 'https://api.github.com/repos/microsoftgraph/msgraph-beta-sdk-java/milestones{/number}', 'notifications_url': 'https://api.github.com/repos/microsoftgraph/msgraph-beta-sdk-java/notifications{?since,all,participating}', 'labels_url': 'https://api.github.com/repos/microsoftgraph/msgraph-beta-sdk-java/labels{/name}', 'releases_url': 'https://api.github.com/repos/microsoftgraph/msgraph-beta-sdk-java/releases{/id}', 'deployments_url': 'https://api.github.com/repos/microsoftgraph/msgraph-beta-sdk-java/deployments', 'created_at': '2019-08-26T21:59:24Z', 'updated_at': '2022-02-23T21:45:26Z', 'pushed_at': '2022-03-03T20:04:19Z', 'git_url': 'git://github.com/microsoftgraph/msgraph-beta-sdk-java.git', 'ssh_url': 'git@github.com:microsoftgraph/msgraph-beta-sdk-java.git', 'clone_url': 'https://github.com/microsoftgraph/msgraph-beta-sdk-java.git', 'svn_url': 'https://github.com/microsoftgraph/msgraph-beta-sdk-java', 'homepage': 'https://docs.microsoft.com/en-us/graph/sdks/use-beta?tabs=Java', 'size': 50530, 'stargazers_count': 8, 'watchers_count': 8, 'language': 'Java', 'has_issues': True, 'has_projects': True, 'has_downloads': True, 'has_wiki': False, 'has_pages': False, 'forks_count': 5, 'mirror_url': None, 'archived': False, 'disabled': False, 'open_issues_count': 3, 'license': {'key': 'mit', 'name': 'MIT License', 'spdx_id': 'MIT', 'url': 'https://api.github.com/licenses/mit', 'node_id': 'MDc6TGljZW5zZTEz'}, 'allow_forking': True, 'is_template': False, 'topics': ['java', 'microsoft-graph', 'sdk'], 'visibility': 'public', 'forks': 5, 'open_issues': 3, 'watchers': 8, 'default_branch': 'dev'}}, 'base': {'label': 'microsoftgraph:dev', 'ref': 'dev', 'sha': '074b68b505d8dc7190a1216ade1c32aaaf212e12', 'user': {'login': 'microsoftgraph', 'id': 17304259, 'node_id': 'MDEyOk9yZ2FuaXphdGlvbjE3MzA0MjU5', 'avatar_url': 'https://avatars.githubusercontent.com/u/17304259?v=4', 'gravatar_id': '', 'url': 'https://api.github.com/users/microsoftgraph', 'html_url': 'https://github.com/microsoftgraph', 'followers_url': 'https://api.github.com/users/microsoftgraph/followers', 'following_url': 'https://api.github.com/users/microsoftgraph/following{/other_user}', 'gists_url': 'https://api.github.com/users/microsoftgraph/gists{/gist_id}', 'starred_url': 'https://api.github.com/users/microsoftgraph/starred{/owner}{/repo}', 'subscriptions_url': 'https://api.github.com/users/microsoftgraph/subscriptions', 'organizations_url': 'https://api.github.com/users/microsoftgraph/orgs', 'repos_url': 'https://api.github.com/users/microsoftgraph/repos', 'events_url': 'https://api.github.com/users/microsoftgraph/events{/privacy}', 'received_events_url': 'https://api.github.com/users/microsoftgraph/received_events', 'type': 'Organization', 'site_admin': False}, 'repo': {'id': 204568878, 'node_id': 'MDEwOlJlcG9zaXRvcnkyMDQ1Njg4Nzg=', 'name': 'msgraph-beta-sdk-java', 'full_name': 'microsoftgraph/msgraph-beta-sdk-java', 'private': False, 'owner': {'login': 'microsoftgraph', 'id': 17304259, 'node_id': 'MDEyOk9yZ2FuaXphdGlvbjE3MzA0MjU5', 'avatar_url': 'https://avatars.githubusercontent.com/u/17304259?v=4', 'gravatar_id': '', 'url': 'https://api.github.com/users/microsoftgraph', 'html_url': 'https://github.com/microsoftgraph', 'followers_url': 'https://api.github.com/users/microsoftgraph/followers', 'following_url': 'https://api.github.com/users/microsoftgraph/following{/other_user}', 'gists_url': 'https://api.github.com/users/microsoftgraph/gists{/gist_id}', 'starred_url': 'https://api.github.com/users/microsoftgraph/starred{/owner}{/repo}', 'subscriptions_url': 'https://api.github.com/users/microsoftgraph/subscriptions', 'organizations_url': 'https://api.github.com/users/microsoftgraph/orgs', 'repos_url': 'https://api.github.com/users/microsoftgraph/repos', 'events_url': 'https://api.github.com/users/microsoftgraph/events{/privacy}', 'received_events_url': 'https://api.github.com/users/microsoftgraph/received_events', 'type': 'Organization', 'site_admin': False}, 'html_url': 'https://github.com/microsoftgraph/msgraph-beta-sdk-java', 'description': 'Microsoft Graph Beta Java SDK', 'fork': False, 'url': 'https://api.github.com/repos/microsoftgraph/msgraph-beta-sdk-java', 'forks_url': 'https://api.github.com/repos/microsoftgraph/msgraph-beta-sdk-java/forks', 'keys_url': 'https://api.github.com/repos/microsoftgraph/msgraph-beta-sdk-java/keys{/key_id}', 'collaborators_url': 'https://api.github.com/repos/microsoftgraph/msgraph-beta-sdk-java/collaborators{/collaborator}', 'teams_url': 'https://api.github.com/repos/microsoftgraph/msgraph-beta-sdk-java/teams', 'hooks_url': 'https://api.github.com/repos/microsoftgraph/msgraph-beta-sdk-java/hooks', 'issue_events_url': 'https://api.github.com/repos/microsoftgraph/msgraph-beta-sdk-java/issues/events{/number}', 'events_url': 'https://api.github.com/repos/microsoftgraph/msgraph-beta-sdk-java/events', 'assignees_url': 'https://api.github.com/repos/microsoftgraph/msgraph-beta-sdk-java/assignees{/user}', 'branches_url': 'https://api.github.com/repos/microsoftgraph/msgraph-beta-sdk-java/branches{/branch}', 'tags_url': 'https://api.github.com/repos/microsoftgraph/msgraph-beta-sdk-java/tags', 'blobs_url': 'https://api.github.com/repos/microsoftgraph/msgraph-beta-sdk-java/git/blobs{/sha}', 'git_tags_url': 'https://api.github.com/repos/microsoftgraph/msgraph-beta-sdk-java/git/tags{/sha}', 'git_refs_url': 'https://api.github.com/repos/microsoftgraph/msgraph-beta-sdk-java/git/refs{/sha}', 'trees_url': 'https://api.github.com/repos/microsoftgraph/msgraph-beta-sdk-java/git/trees{/sha}', 'statuses_url': 'https://api.github.com/repos/microsoftgraph/msgraph-beta-sdk-java/statuses/{sha}', 'languages_url': 'https://api.github.com/repos/microsoftgraph/msgraph-beta-sdk-java/languages', 'stargazers_url': 'https://api.github.com/repos/microsoftgraph/msgraph-beta-sdk-java/stargazers', 'contributors_url': 'https://api.github.com/repos/microsoftgraph/msgraph-beta-sdk-java/contributors', 'subscribers_url': 'https://api.github.com/repos/microsoftgraph/msgraph-beta-sdk-java/subscribers', 'subscription_url': 'https://api.github.com/repos/microsoftgraph/msgraph-beta-sdk-java/subscription', 'commits_url': 'https://api.github.com/repos/microsoftgraph/msgraph-beta-sdk-java/commits{/sha}', 'git_commits_url': 'https://api.github.com/repos/microsoftgraph/msgraph-beta-sdk-java/git/commits{/sha}', 'comments_url': 'https://api.github.com/repos/microsoftgraph/msgraph-beta-sdk-java/comments{/number}', 'issue_comment_url': 'https://api.github.com/repos/microsoftgraph/msgraph-beta-sdk-java/issues/comments{/number}', 'contents_url': 'https://api.github.com/repos/microsoftgraph/msgraph-beta-sdk-java/contents/{+path}', 'compare_url': 'https://api.github.com/repos/microsoftgraph/msgraph-beta-sdk-java/compare/{base}...{head}', 'merges_url': 'https://api.github.com/repos/microsoftgraph/msgraph-beta-sdk-java/merges', 'archive_url': 'https://api.github.com/repos/microsoftgraph/msgraph-beta-sdk-java/{archive_format}{/ref}', 'downloads_url': 'https://api.github.com/repos/microsoftgraph/msgraph-beta-sdk-java/downloads', 'issues_url': 'https://api.github.com/repos/microsoftgraph/msgraph-beta-sdk-java/issues{/number}', 'pulls_url': 'https://api.github.com/repos/microsoftgraph/msgraph-beta-sdk-java/pulls{/number}', 'milestones_url': 'https://api.github.com/repos/microsoftgraph/msgraph-beta-sdk-java/milestones{/number}', 'notifications_url': 'https://api.github.com/repos/microsoftgraph/msgraph-beta-sdk-java/notifications{?since,all,participating}', 'labels_url': 'https://api.github.com/repos/microsoftgraph/msgraph-beta-sdk-java/labels{/name}', 'releases_url': 'https://api.github.com/repos/microsoftgraph/msgraph-beta-sdk-java/releases{/id}', 'deployments_url': 'https://api.github.com/repos/microsoftgraph/msgraph-beta-sdk-java/deployments', 'created_at': '2019-08-26T21:59:24Z', 'updated_at': '2022-02-23T21:45:26Z', 'pushed_at': '2022-03-03T20:04:19Z', 'git_url': 'git://github.com/microsoftgraph/msgraph-beta-sdk-java.git', 'ssh_url': 'git@github.com:microsoftgraph/msgraph-beta-sdk-java.git', 'clone_url': 'https://github.com/microsoftgraph/msgraph-beta-sdk-java.git', 'svn_url': 'https://github.com/microsoftgraph/msgraph-beta-sdk-java', 'homepage': 'https://docs.microsoft.com/en-us/graph/sdks/use-beta?tabs=Java', 'size': 50530, 'stargazers_count': 8, 'watchers_count': 8, 'language': 'Java', 'has_issues': True, 'has_projects': True, 'has_downloads': True, 'has_wiki': False, 'has_pages': False, 'forks_count': 5, 'mirror_url': None, 'archived': False, 'disabled': False, 'open_issues_count': 3, 'license': {'key': 'mit', 'name': 'MIT License', 'spdx_id': 'MIT', 'url': 'https://api.github.com/licenses/mit', 'node_id': 'MDc6TGljZW5zZTEz'}, 'allow_forking': True, 'is_template': False, 'topics': ['java', 'microsoft-graph', 'sdk'], 'visibility': 'public', 'forks': 5, 'open_issues': 3, 'watchers': 8, 'default_branch': 'dev'}}, '_links': {'self': {'href': 'https://api.github.com/repos/microsoftgraph/msgraph-beta-sdk-java/pulls/262'}, 'html': {'href': 'https://github.com/microsoftgraph/msgraph-beta-sdk-java/pull/262'}, 'issue': {'href': 'https://api.github.com/repos/microsoftgraph/msgraph-beta-sdk-java/issues/262'}, 'comments': {'href': 'https://api.github.com/repos/microsoftgraph/msgraph-beta-sdk-java/issues/262/comments'}, 'review_comments': {'href': 'https://api.github.com/repos/microsoftgraph/msgraph-beta-sdk-java/pulls/262/comments'}, 'review_comment': {'href': 'https://api.github.com/repos/microsoftgraph/msgraph-beta-sdk-java/pulls/comments{/number}'}, 'commits': {'href': 'https://api.github.com/repos/microsoftgraph/msgraph-beta-sdk-java/pulls/262/commits'}, 'statuses': {'href': 'https://api.github.com/repos/microsoftgraph/msgraph-beta-sdk-java/statuses/6bae228be395bd99df0d4ab2396cb2365b43b9e7'}}, 'author_association': 'CONTRIBUTOR', 'auto_merge': {'enabled_by': {'login': 'ramsessanchez', 'id': 63934382, 'node_id': 'MDQ6VXNlcjYzOTM0Mzgy', 'avatar_url': 'https://avatars.githubusercontent.com/u/63934382?v=4', 'gravatar_id': '', 'url': 'https://api.github.com/users/ramsessanchez', 'html_url': 'https://github.com/ramsessanchez', 'followers_url': 'https://api.github.com/users/ramsessanchez/followers', 'following_url': 'https://api.github.com/users/ramsessanchez/following{/other_user}', 'gists_url': 'https://api.github.com/users/ramsessanchez/gists{/gist_id}', 'starred_url': 'https://api.github.com/users/ramsessanchez/starred{/owner}{/repo}', 'subscriptions_url': 'https://api.github.com/users/ramsessanchez/subscriptions', 'organizations_url': 'https://api.github.com/users/ramsessanchez/orgs', 'repos_url': 'https://api.github.com/users/ramsessanchez/repos', 'events_url': 'https://api.github.com/users/ramsessanchez/events{/privacy}', 'received_events_url': 'https://api.github.com/users/ramsessanchez/received_events', 'type': 'User', 'site_admin': False}, 'merge_method': 'merge', 'commit_title': 'Merge pull request #262 from microsoftgraph/beta/pipelinebuild/68875', 'commit_message': 'Generated beta models and request builders using Typewriter'}, 'active_lock_reason': None, 'merged': True, 'mergeable': None, 'rebaseable': None, 'mergeable_state': 'unknown', 'merged_by': {'login': 'ramsessanchez', 'id': 63934382, 'node_id': 'MDQ6VXNlcjYzOTM0Mzgy', 'avatar_url': 'https://avatars.githubusercontent.com/u/63934382?v=4', 'gravatar_id': '', 'url': 'https://api.github.com/users/ramsessanchez', 'html_url': 'https://github.com/ramsessanchez', 'followers_url': 'https://api.github.com/users/ramsessanchez/followers', 'following_url': 'https://api.github.com/users/ramsessanchez/following{/other_user}', 'gists_url': 'https://api.github.com/users/ramsessanchez/gists{/gist_id}', 'starred_url': 'https://api.github.com/users/ramsessanchez/starred{/owner}{/repo}', 'subscriptions_url': 'https://api.github.com/users/ramsessanchez/subscriptions', 'organizations_url': 'https://api.github.com/users/ramsessanchez/orgs', 'repos_url': 'https://api.github.com/users/ramsessanchez/repos', 'events_url': 'https://api.github.com/users/ramsessanchez/events{/privacy}', 'received_events_url': 'https://api.github.com/users/ramsessanchez/received_events', 'type': 'User', 'site_admin': False}, 'comments': 1, 'review_comments': 0, 'maintainer_can_modify': False, 'commits': 2, 'additions': 24283, 'deletions': 3323, 'changed_files': 741}}",closed,Java
20569853648,PushEvent,microsoftgraph/msgraph-beta-sdk-java,0.0,2022-03-03T20:04:23Z,"{'push_id': 9258754122, 'size': 3, 'distinct_size': 3, 'ref': 'refs/heads/dev', 'head': 'c61c2fb66c664b125a2601dbab295a16b0d588c3', 'before': 'df83b951cda11bc60876d3c3671c5bc7ffe5285c', 'commits': [{'sha': 'adc2a44fbad32ee95280408856ad3116a1116914', 'author': {'email': 'GraphTooling@service.microsoft.com', 'name': 'Microsoft Graph DevX Tooling'}, 'message': 'Update generated files with build 68875', 'distinct': True, 'url': 'https://api.github.com/repos/microsoftgraph/msgraph-beta-sdk-java/commits/adc2a44fbad32ee95280408856ad3116a1116914'}, {'sha': '6bae228be395bd99df0d4ab2396cb2365b43b9e7', 'author': {'email': '63934382+ramsessanchez@users.noreply.github.com', 'name': 'ramsessanchez'}, 'message': 'Update CHANGELOG.md', 'distinct': True, 'url': 'https://api.github.com/repos/microsoftgraph/msgraph-beta-sdk-java/commits/6bae228be395bd99df0d4ab2396cb2365b43b9e7'}, {'sha': 'c61c2fb66c664b125a2601dbab295a16b0d588c3', 'author': {'email': '63934382+ramsessanchez@users.noreply.github.com', 'name': 'ramsessanchez'}, 'message': 'Merge pull request #262 from microsoftgraph/beta/pipelinebuild/68875\n\nGenerated beta models and request builders using Typewriter', 'distinct': True, 'url': 'https://api.github.com/repos/microsoftgraph/msgraph-beta-sdk-java/commits/c61c2fb66c664b125a2601dbab295a16b0d588c3'}]}",,Java
20569853228,DeleteEvent,microsoftgraph/msgraph-beta-sdk-java,0.0,2022-03-03T20:04:21Z,"{'ref': 'beta/pipelinebuild/68875', 'ref_type': 'branch', 'pusher_type': 'user'}",,Java
20569689418,PushEvent,microsoftgraph/msgraph-beta-sdk-java,0.0,2022-03-03T19:53:24Z,"{'push_id': 9258671827, 'size': 1, 'distinct_size': 1, 'ref': 'refs/heads/beta/pipelinebuild/68875', 'head': '6bae228be395bd99df0d4ab2396cb2365b43b9e7', 'before': 'adc2a44fbad32ee95280408856ad3116a1116914', 'commits': [{'sha': '6bae228be395bd99df0d4ab2396cb2365b43b9e7', 'author': {'email': '63934382+ramsessanchez@users.noreply.github.com', 'name': 'ramsessanchez'}, 'message': 'Update CHANGELOG.md', 'distinct': True, 'url': 'https://api.github.com/repos/microsoftgraph/msgraph-beta-sdk-java/commits/6bae228be395bd99df0d4ab2396cb2365b43b9e7'}]}",,Java
20526977502,IssueCommentEvent,microsoftgraph/msgraph-beta-sdk-java,0.0,2022-03-01T22:53:29Z,"{'action': 'created', 'issue': {'url': 'https://api.github.com/repos/microsoftgraph/msgraph-beta-sdk-java/issues/261', 'repository_url': 'https://api.github.com/repos/microsoftgraph/msgraph-beta-sdk-java', 'labels_url': 'https://api.github.com/repos/microsoftgraph/msgraph-beta-sdk-java/issues/261/labels{/name}', 'comments_url': 'https://api.github.com/repos/microsoftgraph/msgraph-beta-sdk-java/issues/261/comments', 'events_url': 'https://api.github.com/repos/microsoftgraph/msgraph-beta-sdk-java/issues/261/events', 'html_url': 'https://github.com/microsoftgraph/msgraph-beta-sdk-java/pull/261', 'id': 1155144591, 'node_id': 'PR_kwDODDF5Ls4zuADn', 'number': 261, 'title': 'Generated beta models and request builders using Typewriter', 'user': {'login': 'ramsessanchez', 'id': 63934382, 'node_id': 'MDQ6VXNlcjYzOTM0Mzgy', 'avatar_url': 'https://avatars.githubusercontent.com/u/63934382?v=4', 'gravatar_id': '', 'url': 'https://api.github.com/users/ramsessanchez', 'html_url': 'https://github.com/ramsessanchez', 'followers_url': 'https://api.github.com/users/ramsessanchez/followers', 'following_url': 'https://api.github.com/users/ramsessanchez/following{/other_user}', 'gists_url': 'https://api.github.com/users/ramsessanchez/gists{/gist_id}', 'starred_url': 'https://api.github.com/users/ramsessanchez/starred{/owner}{/repo}', 'subscriptions_url': 'https://api.github.com/users/ramsessanchez/subscriptions', 'organizations_url': 'https://api.github.com/users/ramsessanchez/orgs', 'repos_url': 'https://api.github.com/users/ramsessanchez/repos', 'events_url': 'https://api.github.com/users/ramsessanchez/events{/privacy}', 'received_events_url': 'https://api.github.com/users/ramsessanchez/received_events', 'type': 'User', 'site_admin': False}, 'labels': [{'id': 2333584516, 'node_id': 'MDU6TGFiZWwyMzMzNTg0NTE2', 'url': 'https://api.github.com/repos/microsoftgraph/msgraph-beta-sdk-java/labels/generated', 'name': 'generated', 'color': 'ededed', 'default': False, 'description': ''}], 'state': 'open', 'locked': False, 'assignee': {'login': 'ramsessanchez', 'id': 63934382, 'node_id': 'MDQ6VXNlcjYzOTM0Mzgy', 'avatar_url': 'https://avatars.githubusercontent.com/u/63934382?v=4', 'gravatar_id': '', 'url': 'https://api.github.com/users/ramsessanchez', 'html_url': 'https://github.com/ramsessanchez', 'followers_url': 'https://api.github.com/users/ramsessanchez/followers', 'following_url': 'https://api.github.com/users/ramsessanchez/following{/other_user}', 'gists_url': 'https://api.github.com/users/ramsessanchez/gists{/gist_id}', 'starred_url': 'https://api.github.com/users/ramsessanchez/starred{/owner}{/repo}', 'subscriptions_url': 'https://api.github.com/users/ramsessanchez/subscriptions', 'organizations_url': 'https://api.github.com/users/ramsessanchez/orgs', 'repos_url': 'https://api.github.com/users/ramsessanchez/repos', 'events_url': 'https://api.github.com/users/ramsessanchez/events{/privacy}', 'received_events_url': 'https://api.github.com/users/ramsessanchez/received_events', 'type': 'User', 'site_admin': False}, 'assignees': [{'login': 'ramsessanchez', 'id': 63934382, 'node_id': 'MDQ6VXNlcjYzOTM0Mzgy', 'avatar_url': 'https://avatars.githubusercontent.com/u/63934382?v=4', 'gravatar_id': '', 'url': 'https://api.github.com/users/ramsessanchez', 'html_url': 'https://github.com/ramsessanchez', 'followers_url': 'https://api.github.com/users/ramsessanchez/followers', 'following_url': 'https://api.github.com/users/ramsessanchez/following{/other_user}', 'gists_url': 'https://api.github.com/users/ramsessanchez/gists{/gist_id}', 'starred_url': 'https://api.github.com/users/ramsessanchez/starred{/owner}{/repo}', 'subscriptions_url': 'https://api.github.com/users/ramsessanchez/subscriptions', 'organizations_url': 'https://api.github.com/users/ramsessanchez/orgs', 'repos_url': 'https://api.github.com/users/ramsessanchez/repos', 'events_url': 'https://api.github.com/users/ramsessanchez/events{/privacy}', 'received_events_url': 'https://api.github.com/users/ramsessanchez/received_events', 'type': 'User', 'site_admin': False}], 'milestone': None, 'comments': 2, 'created_at': '2022-03-01T10:14:44Z', 'updated_at': '2022-03-01T22:53:29Z', 'closed_at': None, 'author_association': 'CONTRIBUTOR', 'active_lock_reason': None, 'draft': False, 'pull_request': {'url': 'https://api.github.com/repos/microsoftgraph/msgraph-beta-sdk-java/pulls/261', 'html_url': 'https://github.com/microsoftgraph/msgraph-beta-sdk-java/pull/261', 'diff_url': 'https://github.com/microsoftgraph/msgraph-beta-sdk-java/pull/261.diff', 'patch_url': 'https://github.com/microsoftgraph/msgraph-beta-sdk-java/pull/261.patch', 'merged_at': None}, 'body': 'This pull request was automatically created by the GitHub Action, **create pull request**. \n\n The commit hash is _748bf8c0fb579bd3c6e453641e28cd503ae39fc3_. \n\n **Important** Check for unexpected deletions or changes in this PR.\n\n###### Microsoft Reviewers: [Open in CodeFlow](https://portal.fabricbot.ms/api/codeflow?pullrequest=https://github.com/microsoftgraph/msgraph-beta-sdk-java/pull/261)', 'reactions': {'url': 'https://api.github.com/repos/microsoftgraph/msgraph-beta-sdk-java/issues/261/reactions', 'total_count': 0, '+1': 0, '-1': 0, 'laugh': 0, 'hooray': 0, 'confused': 0, 'heart': 0, 'rocket': 0, 'eyes': 0}, 'timeline_url': 'https://api.github.com/repos/microsoftgraph/msgraph-beta-sdk-java/issues/261/timeline', 'performed_via_github_app': None}, 'comment': {'url': 'https://api.github.com/repos/microsoftgraph/msgraph-beta-sdk-java/issues/comments/1055940875', 'html_url': 'https://github.com/microsoftgraph/msgraph-beta-sdk-java/pull/261#issuecomment-1055940875', 'issue_url': 'https://api.github.com/repos/microsoftgraph/msgraph-beta-sdk-java/issues/261', 'id': 1055940875, 'node_id': 'IC_kwDODDF5Ls4-8GEL', 'user': {'login': 'ramsessanchez', 'id': 63934382, 'node_id': 'MDQ6VXNlcjYzOTM0Mzgy', 'avatar_url': 'https://avatars.githubusercontent.com/u/63934382?v=4', 'gravatar_id': '', 'url': 'https://api.github.com/users/ramsessanchez', 'html_url': 'https://github.com/ramsessanchez', 'followers_url': 'https://api.github.com/users/ramsessanchez/followers', 'following_url': 'https://api.github.com/users/ramsessanchez/following{/other_user}', 'gists_url': 'https://api.github.com/users/ramsessanchez/gists{/gist_id}', 'starred_url': 'https://api.github.com/users/ramsessanchez/starred{/owner}{/repo}', 'subscriptions_url': 'https://api.github.com/users/ramsessanchez/subscriptions', 'organizations_url': 'https://api.github.com/users/ramsessanchez/orgs', 'repos_url': 'https://api.github.com/users/ramsessanchez/repos', 'events_url': 'https://api.github.com/users/ramsessanchez/events{/privacy}', 'received_events_url': 'https://api.github.com/users/ramsessanchez/received_events', 'type': 'User', 'site_admin': False}, 'created_at': '2022-03-01T22:53:29Z', 'updated_at': '2022-03-01T22:53:29Z', 'author_association': 'CONTRIBUTOR', 'body': 'https://github.com/microsoftgraph/msgraph-beta-sdk-java/pull/262', 'reactions': {'url': 'https://api.github.com/repos/microsoftgraph/msgraph-beta-sdk-java/issues/comments/1055940875/reactions', 'total_count': 0, '+1': 0, '-1': 0, 'laugh': 0, 'hooray': 0, 'confused': 0, 'heart': 0, 'rocket': 0, 'eyes': 0}, 'performed_via_github_app': None}}",created,Java
20526851724,PullRequestEvent,microsoftgraph/msgraph-beta-sdk-java,0.0,2022-03-01T22:43:36Z,"{'action': 'opened', 'number': 262, 'pull_request': {'url': 'https://api.github.com/repos/microsoftgraph/msgraph-beta-sdk-java/pulls/262', 'id': 868350952, 'node_id': 'PR_kwDODDF5Ls4zwfvo', 'html_url': 'https://github.com/microsoftgraph/msgraph-beta-sdk-java/pull/262', 'diff_url': 'https://github.com/microsoftgraph/msgraph-beta-sdk-java/pull/262.diff', 'patch_url': 'https://github.com/microsoftgraph/msgraph-beta-sdk-java/pull/262.patch', 'issue_url': 'https://api.github.com/repos/microsoftgraph/msgraph-beta-sdk-java/issues/262', 'number': 262, 'state': 'open', 'locked': False, 'title': 'Generated beta models and request builders using Typewriter', 'user': {'login': 'ramsessanchez', 'id': 63934382, 'node_id': 'MDQ6VXNlcjYzOTM0Mzgy', 'avatar_url': 'https://avatars.githubusercontent.com/u/63934382?v=4', 'gravatar_id': '', 'url': 'https://api.github.com/users/ramsessanchez', 'html_url': 'https://github.com/ramsessanchez', 'followers_url': 'https://api.github.com/users/ramsessanchez/followers', 'following_url': 'https://api.github.com/users/ramsessanchez/following{/other_user}', 'gists_url': 'https://api.github.com/users/ramsessanchez/gists{/gist_id}', 'starred_url': 'https://api.github.com/users/ramsessanchez/starred{/owner}{/repo}', 'subscriptions_url': 'https://api.github.com/users/ramsessanchez/subscriptions', 'organizations_url': 'https://api.github.com/users/ramsessanchez/orgs', 'repos_url': 'https://api.github.com/users/ramsessanchez/repos', 'events_url': 'https://api.github.com/users/ramsessanchez/events{/privacy}', 'received_events_url': 'https://api.github.com/users/ramsessanchez/received_events', 'type': 'User', 'site_admin': False}, 'body': 'This pull request was automatically created by the GitHub Action, **create pull request**. \n\n The commit hash is _adc2a44fbad32ee95280408856ad3116a1116914_. \n\n **Important** Check for unexpected deletions or changes in this PR.', 'created_at': '2022-03-01T22:43:35Z', 'updated_at': '2022-03-01T22:43:35Z', 'closed_at': None, 'merged_at': None, 'merge_commit_sha': None, 'assignee': None, 'assignees': [], 'requested_reviewers': [{'login': 'zengin', 'id': 803311, 'node_id': 'MDQ6VXNlcjgwMzMxMQ==', 'avatar_url': 'https://avatars.githubusercontent.com/u/803311?v=4', 'gravatar_id': '', 'url': 'https://api.github.com/users/zengin', 'html_url': 'https://github.com/zengin', 'followers_url': 'https://api.github.com/users/zengin/followers', 'following_url': 'https://api.github.com/users/zengin/following{/other_user}', 'gists_url': 'https://api.github.com/users/zengin/gists{/gist_id}', 'starred_url': 'https://api.github.com/users/zengin/starred{/owner}{/repo}', 'subscriptions_url': 'https://api.github.com/users/zengin/subscriptions', 'organizations_url': 'https://api.github.com/users/zengin/orgs', 'repos_url': 'https://api.github.com/users/zengin/repos', 'events_url': 'https://api.github.com/users/zengin/events{/privacy}', 'received_events_url': 'https://api.github.com/users/zengin/received_events', 'type': 'User', 'site_admin': False}, {'login': 'baywet', 'id': 7905502, 'node_id': 'MDQ6VXNlcjc5MDU1MDI=', 'avatar_url': 'https://avatars.githubusercontent.com/u/7905502?v=4', 'gravatar_id': '', 'url': 'https://api.github.com/users/baywet', 'html_url': 'https://github.com/baywet', 'followers_url': 'https://api.github.com/users/baywet/followers', 'following_url': 'https://api.github.com/users/baywet/following{/other_user}', 'gists_url': 'https://api.github.com/users/baywet/gists{/gist_id}', 'starred_url': 'https://api.github.com/users/baywet/starred{/owner}{/repo}', 'subscriptions_url': 'https://api.github.com/users/baywet/subscriptions', 'organizations_url': 'https://api.github.com/users/baywet/orgs', 'repos_url': 'https://api.github.com/users/baywet/repos', 'events_url': 'https://api.github.com/users/baywet/events{/privacy}', 'received_events_url': 'https://api.github.com/users/baywet/received_events', 'type': 'User', 'site_admin': False}, {'login': 'MIchaelMainer', 'id': 8527305, 'node_id': 'MDQ6VXNlcjg1MjczMDU=', 'avatar_url': 'https://avatars.githubusercontent.com/u/8527305?v=4', 'gravatar_id': '', 'url': 'https://api.github.com/users/MIchaelMainer', 'html_url': 'https://github.com/MIchaelMainer', 'followers_url': 'https://api.github.com/users/MIchaelMainer/followers', 'following_url': 'https://api.github.com/users/MIchaelMainer/following{/other_user}', 'gists_url': 'https://api.github.com/users/MIchaelMainer/gists{/gist_id}', 'starred_url': 'https://api.github.com/users/MIchaelMainer/starred{/owner}{/repo}', 'subscriptions_url': 'https://api.github.com/users/MIchaelMainer/subscriptions', 'organizations_url': 'https://api.github.com/users/MIchaelMainer/orgs', 'repos_url': 'https://api.github.com/users/MIchaelMainer/repos', 'events_url': 'https://api.github.com/users/MIchaelMainer/events{/privacy}', 'received_events_url': 'https://api.github.com/users/MIchaelMainer/received_events', 'type': 'User', 'site_admin': False}, {'login': 'ddyett', 'id': 20829981, 'node_id': 'MDQ6VXNlcjIwODI5OTgx', 'avatar_url': 'https://avatars.githubusercontent.com/u/20829981?v=4', 'gravatar_id': '', 'url': 'https://api.github.com/users/ddyett', 'html_url': 'https://github.com/ddyett', 'followers_url': 'https://api.github.com/users/ddyett/followers', 'following_url': 'https://api.github.com/users/ddyett/following{/other_user}', 'gists_url': 'https://api.github.com/users/ddyett/gists{/gist_id}', 'starred_url': 'https://api.github.com/users/ddyett/starred{/owner}{/repo}', 'subscriptions_url': 'https://api.github.com/users/ddyett/subscriptions', 'organizations_url': 'https://api.github.com/users/ddyett/orgs', 'repos_url': 'https://api.github.com/users/ddyett/repos', 'events_url': 'https://api.github.com/users/ddyett/events{/privacy}', 'received_events_url': 'https://api.github.com/users/ddyett/received_events', 'type': 'User', 'site_admin': False}, {'login': 'nikithauc', 'id': 23219007, 'node_id': 'MDQ6VXNlcjIzMjE5MDA3', 'avatar_url': 'https://avatars.githubusercontent.com/u/23219007?v=4', 'gravatar_id': '', 'url': 'https://api.github.com/users/nikithauc', 'html_url': 'https://github.com/nikithauc', 'followers_url': 'https://api.github.com/users/nikithauc/followers', 'following_url': 'https://api.github.com/users/nikithauc/following{/other_user}', 'gists_url': 'https://api.github.com/users/nikithauc/gists{/gist_id}', 'starred_url': 'https://api.github.com/users/nikithauc/starred{/owner}{/repo}', 'subscriptions_url': 'https://api.github.com/users/nikithauc/subscriptions', 'organizations_url': 'https://api.github.com/users/nikithauc/orgs', 'repos_url': 'https://api.github.com/users/nikithauc/repos', 'events_url': 'https://api.github.com/users/nikithauc/events{/privacy}', 'received_events_url': 'https://api.github.com/users/nikithauc/received_events', 'type': 'User', 'site_admin': False}], 'requested_teams': [], 'labels': [], 'milestone': None, 'draft': False, 'commits_url': 'https://api.github.com/repos/microsoftgraph/msgraph-beta-sdk-java/pulls/262/commits', 'review_comments_url': 'https://api.github.com/repos/microsoftgraph/msgraph-beta-sdk-java/pulls/262/comments', 'review_comment_url': 'https://api.github.com/repos/microsoftgraph/msgraph-beta-sdk-java/pulls/comments{/number}', 'comments_url': 'https://api.github.com/repos/microsoftgraph/msgraph-beta-sdk-java/issues/262/comments', 'statuses_url': 'https://api.github.com/repos/microsoftgraph/msgraph-beta-sdk-java/statuses/adc2a44fbad32ee95280408856ad3116a1116914', 'head': {'label': 'microsoftgraph:beta/pipelinebuild/68875', 'ref': 'beta/pipelinebuild/68875', 'sha': 'adc2a44fbad32ee95280408856ad3116a1116914', 'user': {'login': 'microsoftgraph', 'id': 17304259, 'node_id': 'MDEyOk9yZ2FuaXphdGlvbjE3MzA0MjU5', 'avatar_url': 'https://avatars.githubusercontent.com/u/17304259?v=4', 'gravatar_id': '', 'url': 'https://api.github.com/users/microsoftgraph', 'html_url': 'https://github.com/microsoftgraph', 'followers_url': 'https://api.github.com/users/microsoftgraph/followers', 'following_url': 'https://api.github.com/users/microsoftgraph/following{/other_user}', 'gists_url': 'https://api.github.com/users/microsoftgraph/gists{/gist_id}', 'starred_url': 'https://api.github.com/users/microsoftgraph/starred{/owner}{/repo}', 'subscriptions_url': 'https://api.github.com/users/microsoftgraph/subscriptions', 'organizations_url': 'https://api.github.com/users/microsoftgraph/orgs', 'repos_url': 'https://api.github.com/users/microsoftgraph/repos', 'events_url': 'https://api.github.com/users/microsoftgraph/events{/privacy}', 'received_events_url': 'https://api.github.com/users/microsoftgraph/received_events', 'type': 'Organization', 'site_admin': False}, 'repo': {'id': 204568878, 'node_id': 'MDEwOlJlcG9zaXRvcnkyMDQ1Njg4Nzg=', 'name': 'msgraph-beta-sdk-java', 'full_name': 'microsoftgraph/msgraph-beta-sdk-java', 'private': False, 'owner': {'login': 'microsoftgraph', 'id': 17304259, 'node_id': 'MDEyOk9yZ2FuaXphdGlvbjE3MzA0MjU5', 'avatar_url': 'https://avatars.githubusercontent.com/u/17304259?v=4', 'gravatar_id': '', 'url': 'https://api.github.com/users/microsoftgraph', 'html_url': 'https://github.com/microsoftgraph', 'followers_url': 'https://api.github.com/users/microsoftgraph/followers', 'following_url': 'https://api.github.com/users/microsoftgraph/following{/other_user}', 'gists_url': 'https://api.github.com/users/microsoftgraph/gists{/gist_id}', 'starred_url': 'https://api.github.com/users/microsoftgraph/starred{/owner}{/repo}', 'subscriptions_url': 'https://api.github.com/users/microsoftgraph/subscriptions', 'organizations_url': 'https://api.github.com/users/microsoftgraph/orgs', 'repos_url': 'https://api.github.com/users/microsoftgraph/repos', 'events_url': 'https://api.github.com/users/microsoftgraph/events{/privacy}', 'received_events_url': 'https://api.github.com/users/microsoftgraph/received_events', 'type': 'Organization', 'site_admin': False}, 'html_url': 'https://github.com/microsoftgraph/msgraph-beta-sdk-java', 'description': 'Microsoft Graph Beta Java SDK', 'fork': False, 'url': 'https://api.github.com/repos/microsoftgraph/msgraph-beta-sdk-java', 'forks_url': 'https://api.github.com/repos/microsoftgraph/msgraph-beta-sdk-java/forks', 'keys_url': 'https://api.github.com/repos/microsoftgraph/msgraph-beta-sdk-java/keys{/key_id}', 'collaborators_url': 'https://api.github.com/repos/microsoftgraph/msgraph-beta-sdk-java/collaborators{/collaborator}', 'teams_url': 'https://api.github.com/repos/microsoftgraph/msgraph-beta-sdk-java/teams', 'hooks_url': 'https://api.github.com/repos/microsoftgraph/msgraph-beta-sdk-java/hooks', 'issue_events_url': 'https://api.github.com/repos/microsoftgraph/msgraph-beta-sdk-java/issues/events{/number}', 'events_url': 'https://api.github.com/repos/microsoftgraph/msgraph-beta-sdk-java/events', 'assignees_url': 'https://api.github.com/repos/microsoftgraph/msgraph-beta-sdk-java/assignees{/user}', 'branches_url': 'https://api.github.com/repos/microsoftgraph/msgraph-beta-sdk-java/branches{/branch}', 'tags_url': 'https://api.github.com/repos/microsoftgraph/msgraph-beta-sdk-java/tags', 'blobs_url': 'https://api.github.com/repos/microsoftgraph/msgraph-beta-sdk-java/git/blobs{/sha}', 'git_tags_url': 'https://api.github.com/repos/microsoftgraph/msgraph-beta-sdk-java/git/tags{/sha}', 'git_refs_url': 'https://api.github.com/repos/microsoftgraph/msgraph-beta-sdk-java/git/refs{/sha}', 'trees_url': 'https://api.github.com/repos/microsoftgraph/msgraph-beta-sdk-java/git/trees{/sha}', 'statuses_url': 'https://api.github.com/repos/microsoftgraph/msgraph-beta-sdk-java/statuses/{sha}', 'languages_url': 'https://api.github.com/repos/microsoftgraph/msgraph-beta-sdk-java/languages', 'stargazers_url': 'https://api.github.com/repos/microsoftgraph/msgraph-beta-sdk-java/stargazers', 'contributors_url': 'https://api.github.com/repos/microsoftgraph/msgraph-beta-sdk-java/contributors', 'subscribers_url': 'https://api.github.com/repos/microsoftgraph/msgraph-beta-sdk-java/subscribers', 'subscription_url': 'https://api.github.com/repos/microsoftgraph/msgraph-beta-sdk-java/subscription', 'commits_url': 'https://api.github.com/repos/microsoftgraph/msgraph-beta-sdk-java/commits{/sha}', 'git_commits_url': 'https://api.github.com/repos/microsoftgraph/msgraph-beta-sdk-java/git/commits{/sha}', 'comments_url': 'https://api.github.com/repos/microsoftgraph/msgraph-beta-sdk-java/comments{/number}', 'issue_comment_url': 'https://api.github.com/repos/microsoftgraph/msgraph-beta-sdk-java/issues/comments{/number}', 'contents_url': 'https://api.github.com/repos/microsoftgraph/msgraph-beta-sdk-java/contents/{+path}', 'compare_url': 'https://api.github.com/repos/microsoftgraph/msgraph-beta-sdk-java/compare/{base}...{head}', 'merges_url': 'https://api.github.com/repos/microsoftgraph/msgraph-beta-sdk-java/merges', 'archive_url': 'https://api.github.com/repos/microsoftgraph/msgraph-beta-sdk-java/{archive_format}{/ref}', 'downloads_url': 'https://api.github.com/repos/microsoftgraph/msgraph-beta-sdk-java/downloads', 'issues_url': 'https://api.github.com/repos/microsoftgraph/msgraph-beta-sdk-java/issues{/number}', 'pulls_url': 'https://api.github.com/repos/microsoftgraph/msgraph-beta-sdk-java/pulls{/number}', 'milestones_url': 'https://api.github.com/repos/microsoftgraph/msgraph-beta-sdk-java/milestones{/number}', 'notifications_url': 'https://api.github.com/repos/microsoftgraph/msgraph-beta-sdk-java/notifications{?since,all,participating}', 'labels_url': 'https://api.github.com/repos/microsoftgraph/msgraph-beta-sdk-java/labels{/name}', 'releases_url': 'https://api.github.com/repos/microsoftgraph/msgraph-beta-sdk-java/releases{/id}', 'deployments_url': 'https://api.github.com/repos/microsoftgraph/msgraph-beta-sdk-java/deployments', 'created_at': '2019-08-26T21:59:24Z', 'updated_at': '2022-02-23T21:45:26Z', 'pushed_at': '2022-03-01T22:43:09Z', 'git_url': 'git://github.com/microsoftgraph/msgraph-beta-sdk-java.git', 'ssh_url': 'git@github.com:microsoftgraph/msgraph-beta-sdk-java.git', 'clone_url': 'https://github.com/microsoftgraph/msgraph-beta-sdk-java.git', 'svn_url': 'https://github.com/microsoftgraph/msgraph-beta-sdk-java', 'homepage': 'https://docs.microsoft.com/en-us/graph/sdks/use-beta?tabs=Java', 'size': 50455, 'stargazers_count': 8, 'watchers_count': 8, 'language': 'Java', 'has_issues': True, 'has_projects': True, 'has_downloads': True, 'has_wiki': False, 'has_pages': False, 'forks_count': 5, 'mirror_url': None, 'archived': False, 'disabled': False, 'open_issues_count': 4, 'license': {'key': 'mit', 'name': 'MIT License', 'spdx_id': 'MIT', 'url': 'https://api.github.com/licenses/mit', 'node_id': 'MDc6TGljZW5zZTEz'}, 'allow_forking': True, 'is_template': False, 'topics': ['java', 'microsoft-graph', 'sdk'], 'visibility': 'public', 'forks': 5, 'open_issues': 4, 'watchers': 8, 'default_branch': 'dev'}}, 'base': {'label': 'microsoftgraph:dev', 'ref': 'dev', 'sha': '074b68b505d8dc7190a1216ade1c32aaaf212e12', 'user': {'login': 'microsoftgraph', 'id': 17304259, 'node_id': 'MDEyOk9yZ2FuaXphdGlvbjE3MzA0MjU5', 'avatar_url': 'https://avatars.githubusercontent.com/u/17304259?v=4', 'gravatar_id': '', 'url': 'https://api.github.com/users/microsoftgraph', 'html_url': 'https://github.com/microsoftgraph', 'followers_url': 'https://api.github.com/users/microsoftgraph/followers', 'following_url': 'https://api.github.com/users/microsoftgraph/following{/other_user}', 'gists_url': 'https://api.github.com/users/microsoftgraph/gists{/gist_id}', 'starred_url': 'https://api.github.com/users/microsoftgraph/starred{/owner}{/repo}', 'subscriptions_url': 'https://api.github.com/users/microsoftgraph/subscriptions', 'organizations_url': 'https://api.github.com/users/microsoftgraph/orgs', 'repos_url': 'https://api.github.com/users/microsoftgraph/repos', 'events_url': 'https://api.github.com/users/microsoftgraph/events{/privacy}', 'received_events_url': 'https://api.github.com/users/microsoftgraph/received_events', 'type': 'Organization', 'site_admin': False}, 'repo': {'id': 204568878, 'node_id': 'MDEwOlJlcG9zaXRvcnkyMDQ1Njg4Nzg=', 'name': 'msgraph-beta-sdk-java', 'full_name': 'microsoftgraph/msgraph-beta-sdk-java', 'private': False, 'owner': {'login': 'microsoftgraph', 'id': 17304259, 'node_id': 'MDEyOk9yZ2FuaXphdGlvbjE3MzA0MjU5', 'avatar_url': 'https://avatars.githubusercontent.com/u/17304259?v=4', 'gravatar_id': '', 'url': 'https://api.github.com/users/microsoftgraph', 'html_url': 'https://github.com/microsoftgraph', 'followers_url': 'https://api.github.com/users/microsoftgraph/followers', 'following_url': 'https://api.github.com/users/microsoftgraph/following{/other_user}', 'gists_url': 'https://api.github.com/users/microsoftgraph/gists{/gist_id}', 'starred_url': 'https://api.github.com/users/microsoftgraph/starred{/owner}{/repo}', 'subscriptions_url': 'https://api.github.com/users/microsoftgraph/subscriptions', 'organizations_url': 'https://api.github.com/users/microsoftgraph/orgs', 'repos_url': 'https://api.github.com/users/microsoftgraph/repos', 'events_url': 'https://api.github.com/users/microsoftgraph/events{/privacy}', 'received_events_url': 'https://api.github.com/users/microsoftgraph/received_events', 'type': 'Organization', 'site_admin': False}, 'html_url': 'https://github.com/microsoftgraph/msgraph-beta-sdk-java', 'description': 'Microsoft Graph Beta Java SDK', 'fork': False, 'url': 'https://api.github.com/repos/microsoftgraph/msgraph-beta-sdk-java', 'forks_url': 'https://api.github.com/repos/microsoftgraph/msgraph-beta-sdk-java/forks', 'keys_url': 'https://api.github.com/repos/microsoftgraph/msgraph-beta-sdk-java/keys{/key_id}', 'collaborators_url': 'https://api.github.com/repos/microsoftgraph/msgraph-beta-sdk-java/collaborators{/collaborator}', 'teams_url': 'https://api.github.com/repos/microsoftgraph/msgraph-beta-sdk-java/teams', 'hooks_url': 'https://api.github.com/repos/microsoftgraph/msgraph-beta-sdk-java/hooks', 'issue_events_url': 'https://api.github.com/repos/microsoftgraph/msgraph-beta-sdk-java/issues/events{/number}', 'events_url': 'https://api.github.com/repos/microsoftgraph/msgraph-beta-sdk-java/events', 'assignees_url': 'https://api.github.com/repos/microsoftgraph/msgraph-beta-sdk-java/assignees{/user}', 'branches_url': 'https://api.github.com/repos/microsoftgraph/msgraph-beta-sdk-java/branches{/branch}', 'tags_url': 'https://api.github.com/repos/microsoftgraph/msgraph-beta-sdk-java/tags', 'blobs_url': 'https://api.github.com/repos/microsoftgraph/msgraph-beta-sdk-java/git/blobs{/sha}', 'git_tags_url': 'https://api.github.com/repos/microsoftgraph/msgraph-beta-sdk-java/git/tags{/sha}', 'git_refs_url': 'https://api.github.com/repos/microsoftgraph/msgraph-beta-sdk-java/git/refs{/sha}', 'trees_url': 'https://api.github.com/repos/microsoftgraph/msgraph-beta-sdk-java/git/trees{/sha}', 'statuses_url': 'https://api.github.com/repos/microsoftgraph/msgraph-beta-sdk-java/statuses/{sha}', 'languages_url': 'https://api.github.com/repos/microsoftgraph/msgraph-beta-sdk-java/languages', 'stargazers_url': 'https://api.github.com/repos/microsoftgraph/msgraph-beta-sdk-java/stargazers', 'contributors_url': 'https://api.github.com/repos/microsoftgraph/msgraph-beta-sdk-java/contributors', 'subscribers_url': 'https://api.github.com/repos/microsoftgraph/msgraph-beta-sdk-java/subscribers', 'subscription_url': 'https://api.github.com/repos/microsoftgraph/msgraph-beta-sdk-java/subscription', 'commits_url': 'https://api.github.com/repos/microsoftgraph/msgraph-beta-sdk-java/commits{/sha}', 'git_commits_url': 'https://api.github.com/repos/microsoftgraph/msgraph-beta-sdk-java/git/commits{/sha}', 'comments_url': 'https://api.github.com/repos/microsoftgraph/msgraph-beta-sdk-java/comments{/number}', 'issue_comment_url': 'https://api.github.com/repos/microsoftgraph/msgraph-beta-sdk-java/issues/comments{/number}', 'contents_url': 'https://api.github.com/repos/microsoftgraph/msgraph-beta-sdk-java/contents/{+path}', 'compare_url': 'https://api.github.com/repos/microsoftgraph/msgraph-beta-sdk-java/compare/{base}...{head}', 'merges_url': 'https://api.github.com/repos/microsoftgraph/msgraph-beta-sdk-java/merges', 'archive_url': 'https://api.github.com/repos/microsoftgraph/msgraph-beta-sdk-java/{archive_format}{/ref}', 'downloads_url': 'https://api.github.com/repos/microsoftgraph/msgraph-beta-sdk-java/downloads', 'issues_url': 'https://api.github.com/repos/microsoftgraph/msgraph-beta-sdk-java/issues{/number}', 'pulls_url': 'https://api.github.com/repos/microsoftgraph/msgraph-beta-sdk-java/pulls{/number}', 'milestones_url': 'https://api.github.com/repos/microsoftgraph/msgraph-beta-sdk-java/milestones{/number}', 'notifications_url': 'https://api.github.com/repos/microsoftgraph/msgraph-beta-sdk-java/notifications{?since,all,participating}', 'labels_url': 'https://api.github.com/repos/microsoftgraph/msgraph-beta-sdk-java/labels{/name}', 'releases_url': 'https://api.github.com/repos/microsoftgraph/msgraph-beta-sdk-java/releases{/id}', 'deployments_url': 'https://api.github.com/repos/microsoftgraph/msgraph-beta-sdk-java/deployments', 'created_at': '2019-08-26T21:59:24Z', 'updated_at': '2022-02-23T21:45:26Z', 'pushed_at': '2022-03-01T22:43:09Z', 'git_url': 'git://github.com/microsoftgraph/msgraph-beta-sdk-java.git', 'ssh_url': 'git@github.com:microsoftgraph/msgraph-beta-sdk-java.git', 'clone_url': 'https://github.com/microsoftgraph/msgraph-beta-sdk-java.git', 'svn_url': 'https://github.com/microsoftgraph/msgraph-beta-sdk-java', 'homepage': 'https://docs.microsoft.com/en-us/graph/sdks/use-beta?tabs=Java', 'size': 50455, 'stargazers_count': 8, 'watchers_count': 8, 'language': 'Java', 'has_issues': True, 'has_projects': True, 'has_downloads': True, 'has_wiki': False, 'has_pages': False, 'forks_count': 5, 'mirror_url': None, 'archived': False, 'disabled': False, 'open_issues_count': 4, 'license': {'key': 'mit', 'name': 'MIT License', 'spdx_id': 'MIT', 'url': 'https://api.github.com/licenses/mit', 'node_id': 'MDc6TGljZW5zZTEz'}, 'allow_forking': True, 'is_template': False, 'topics': ['java', 'microsoft-graph', 'sdk'], 'visibility': 'public', 'forks': 5, 'open_issues': 4, 'watchers': 8, 'default_branch': 'dev'}}, '_links': {'self': {'href': 'https://api.github.com/repos/microsoftgraph/msgraph-beta-sdk-java/pulls/262'}, 'html': {'href': 'https://github.com/microsoftgraph/msgraph-beta-sdk-java/pull/262'}, 'issue': {'href': 'https://api.github.com/repos/microsoftgraph/msgraph-beta-sdk-java/issues/262'}, 'comments': {'href': 'https://api.github.com/repos/microsoftgraph/msgraph-beta-sdk-java/issues/262/comments'}, 'review_comments': {'href': 'https://api.github.com/repos/microsoftgraph/msgraph-beta-sdk-java/pulls/262/comments'}, 'review_comment': {'href': 'https://api.github.com/repos/microsoftgraph/msgraph-beta-sdk-java/pulls/comments{/number}'}, 'commits': {'href': 'https://api.github.com/repos/microsoftgraph/msgraph-beta-sdk-java/pulls/262/commits'}, 'statuses': {'href': 'https://api.github.com/repos/microsoftgraph/msgraph-beta-sdk-java/statuses/adc2a44fbad32ee95280408856ad3116a1116914'}}, 'author_association': 'CONTRIBUTOR', 'auto_merge': None, 'active_lock_reason': None, 'merged': False, 'mergeable': None, 'rebaseable': None, 'mergeable_state': 'unknown', 'merged_by': None, 'comments': 0, 'review_comments': 0, 'maintainer_can_modify': False, 'commits': 1, 'additions': 24271, 'deletions': 3322, 'changed_files': 740}}",opened,Java
20526058639,PushEvent,microsoftgraph/msgraph-metadata,0.0,2022-03-01T21:44:40Z,"{'push_id': 9237284230, 'size': 2, 'distinct_size': 1, 'ref': 'refs/heads/master', 'head': 'ad0ec8de48cfc2fc48e262dc0e665a10b1b9d22f', 'before': 'da4958302b55f684efeaac0b2bb8c7ddaf8c6abe', 'commits': [{'sha': '90ec68411d317d56fc77ed73b667398b2bd7696f', 'author': {'email': 'ramsess@microsoft.com', 'name': 'ramsessanchez'}, 'message': 'Add contains target to  customExtensionHandlers', 'distinct': False, 'url': 'https://api.github.com/repos/microsoftgraph/msgraph-metadata/commits/90ec68411d317d56fc77ed73b667398b2bd7696f'}, {'sha': 'ad0ec8de48cfc2fc48e262dc0e665a10b1b9d22f', 'author': {'email': '63934382+ramsessanchez@users.noreply.github.com', 'name': 'ramsessanchez'}, 'message': 'Merge pull request #119 from microsoftgraph/rsh/JavaBetaBuildFailure\n\nAdd contains target to  customExtensionHandlers', 'distinct': True, 'url': 'https://api.github.com/repos/microsoftgraph/msgraph-metadata/commits/ad0ec8de48cfc2fc48e262dc0e665a10b1b9d22f'}]}",,XSLT
20526058511,PullRequestEvent,microsoftgraph/msgraph-metadata,0.0,2022-03-01T21:44:39Z,"{'action': 'closed', 'number': 119, 'pull_request': {'url': 'https://api.github.com/repos/microsoftgraph/msgraph-metadata/pulls/119', 'id': 868304613, 'node_id': 'PR_kwDOCa1Yd84zwUbl', 'html_url': 'https://github.com/microsoftgraph/msgraph-metadata/pull/119', 'diff_url': 'https://github.com/microsoftgraph/msgraph-metadata/pull/119.diff', 'patch_url': 'https://github.com/microsoftgraph/msgraph-metadata/pull/119.patch', 'issue_url': 'https://api.github.com/repos/microsoftgraph/msgraph-metadata/issues/119', 'number': 119, 'state': 'closed', 'locked': False, 'title': 'Add contains target to  customExtensionHandlers', 'user': {'login': 'ramsessanchez', 'id': 63934382, 'node_id': 'MDQ6VXNlcjYzOTM0Mzgy', 'avatar_url': 'https://avatars.githubusercontent.com/u/63934382?v=4', 'gravatar_id': '', 'url': 'https://api.github.com/users/ramsessanchez', 'html_url': 'https://github.com/ramsessanchez', 'followers_url': 'https://api.github.com/users/ramsessanchez/followers', 'following_url': 'https://api.github.com/users/ramsessanchez/following{/other_user}', 'gists_url': 'https://api.github.com/users/ramsessanchez/gists{/gist_id}', 'starred_url': 'https://api.github.com/users/ramsessanchez/starred{/owner}{/repo}', 'subscriptions_url': 'https://api.github.com/users/ramsessanchez/subscriptions', 'organizations_url': 'https://api.github.com/users/ramsessanchez/orgs', 'repos_url': 'https://api.github.com/users/ramsessanchez/repos', 'events_url': 'https://api.github.com/users/ramsessanchez/events{/privacy}', 'received_events_url': 'https://api.github.com/users/ramsessanchez/received_events', 'type': 'User', 'site_admin': False}, 'body': 'Fix for build failure:\r\nhttps://github.com/microsoftgraph/msgraph-beta-sdk-java/runs/5373506337?check_suite_focus=true', 'created_at': '2022-03-01T21:39:30Z', 'updated_at': '2022-03-01T21:44:39Z', 'closed_at': '2022-03-01T21:44:39Z', 'merged_at': '2022-03-01T21:44:38Z', 'merge_commit_sha': 'ad0ec8de48cfc2fc48e262dc0e665a10b1b9d22f', 'assignee': None, 'assignees': [], 'requested_reviewers': [{'login': 'zengin', 'id': 803311, 'node_id': 'MDQ6VXNlcjgwMzMxMQ==', 'avatar_url': 'https://avatars.githubusercontent.com/u/803311?v=4', 'gravatar_id': '', 'url': 'https://api.github.com/users/zengin', 'html_url': 'https://github.com/zengin', 'followers_url': 'https://api.github.com/users/zengin/followers', 'following_url': 'https://api.github.com/users/zengin/following{/other_user}', 'gists_url': 'https://api.github.com/users/zengin/gists{/gist_id}', 'starred_url': 'https://api.github.com/users/zengin/starred{/owner}{/repo}', 'subscriptions_url': 'https://api.github.com/users/zengin/subscriptions', 'organizations_url': 'https://api.github.com/users/zengin/orgs', 'repos_url': 'https://api.github.com/users/zengin/repos', 'events_url': 'https://api.github.com/users/zengin/events{/privacy}', 'received_events_url': 'https://api.github.com/users/zengin/received_events', 'type': 'User', 'site_admin': False}, {'login': 'peombwa', 'id': 7061532, 'node_id': 'MDQ6VXNlcjcwNjE1MzI=', 'avatar_url': 'https://avatars.githubusercontent.com/u/7061532?v=4', 'gravatar_id': '', 'url': 'https://api.github.com/users/peombwa', 'html_url': 'https://github.com/peombwa', 'followers_url': 'https://api.github.com/users/peombwa/followers', 'following_url': 'https://api.github.com/users/peombwa/following{/other_user}', 'gists_url': 'https://api.github.com/users/peombwa/gists{/gist_id}', 'starred_url': 'https://api.github.com/users/peombwa/starred{/owner}{/repo}', 'subscriptions_url': 'https://api.github.com/users/peombwa/subscriptions', 'organizations_url': 'https://api.github.com/users/peombwa/orgs', 'repos_url': 'https://api.github.com/users/peombwa/repos', 'events_url': 'https://api.github.com/users/peombwa/events{/privacy}', 'received_events_url': 'https://api.github.com/users/peombwa/received_events', 'type': 'User', 'site_admin': False}, {'login': 'baywet', 'id': 7905502, 'node_id': 'MDQ6VXNlcjc5MDU1MDI=', 'avatar_url': 'https://avatars.githubusercontent.com/u/7905502?v=4', 'gravatar_id': '', 'url': 'https://api.github.com/users/baywet', 'html_url': 'https://github.com/baywet', 'followers_url': 'https://api.github.com/users/baywet/followers', 'following_url': 'https://api.github.com/users/baywet/following{/other_user}', 'gists_url': 'https://api.github.com/users/baywet/gists{/gist_id}', 'starred_url': 'https://api.github.com/users/baywet/starred{/owner}{/repo}', 'subscriptions_url': 'https://api.github.com/users/baywet/subscriptions', 'organizations_url': 'https://api.github.com/users/baywet/orgs', 'repos_url': 'https://api.github.com/users/baywet/repos', 'events_url': 'https://api.github.com/users/baywet/events{/privacy}', 'received_events_url': 'https://api.github.com/users/baywet/received_events', 'type': 'User', 'site_admin': False}, {'login': 'MIchaelMainer', 'id': 8527305, 'node_id': 'MDQ6VXNlcjg1MjczMDU=', 'avatar_url': 'https://avatars.githubusercontent.com/u/8527305?v=4', 'gravatar_id': '', 'url': 'https://api.github.com/users/MIchaelMainer', 'html_url': 'https://github.com/MIchaelMainer', 'followers_url': 'https://api.github.com/users/MIchaelMainer/followers', 'following_url': 'https://api.github.com/users/MIchaelMainer/following{/other_user}', 'gists_url': 'https://api.github.com/users/MIchaelMainer/gists{/gist_id}', 'starred_url': 'https://api.github.com/users/MIchaelMainer/starred{/owner}{/repo}', 'subscriptions_url': 'https://api.github.com/users/MIchaelMainer/subscriptions', 'organizations_url': 'https://api.github.com/users/MIchaelMainer/orgs', 'repos_url': 'https://api.github.com/users/MIchaelMainer/repos', 'events_url': 'https://api.github.com/users/MIchaelMainer/events{/privacy}', 'received_events_url': 'https://api.github.com/users/MIchaelMainer/received_events', 'type': 'User', 'site_admin': False}, {'login': 'ddyett', 'id': 20829981, 'node_id': 'MDQ6VXNlcjIwODI5OTgx', 'avatar_url': 'https://avatars.githubusercontent.com/u/20829981?v=4', 'gravatar_id': '', 'url': 'https://api.github.com/users/ddyett', 'html_url': 'https://github.com/ddyett', 'followers_url': 'https://api.github.com/users/ddyett/followers', 'following_url': 'https://api.github.com/users/ddyett/following{/other_user}', 'gists_url': 'https://api.github.com/users/ddyett/gists{/gist_id}', 'starred_url': 'https://api.github.com/users/ddyett/starred{/owner}{/repo}', 'subscriptions_url': 'https://api.github.com/users/ddyett/subscriptions', 'organizations_url': 'https://api.github.com/users/ddyett/orgs', 'repos_url': 'https://api.github.com/users/ddyett/repos', 'events_url': 'https://api.github.com/users/ddyett/events{/privacy}', 'received_events_url': 'https://api.github.com/users/ddyett/received_events', 'type': 'User', 'site_admin': False}, {'login': 'nikithauc', 'id': 23219007, 'node_id': 'MDQ6VXNlcjIzMjE5MDA3', 'avatar_url': 'https://avatars.githubusercontent.com/u/23219007?v=4', 'gravatar_id': '', 'url': 'https://api.github.com/users/nikithauc', 'html_url': 'https://github.com/nikithauc', 'followers_url': 'https://api.github.com/users/nikithauc/followers', 'following_url': 'https://api.github.com/users/nikithauc/following{/other_user}', 'gists_url': 'https://api.github.com/users/nikithauc/gists{/gist_id}', 'starred_url': 'https://api.github.com/users/nikithauc/starred{/owner}{/repo}', 'subscriptions_url': 'https://api.github.com/users/nikithauc/subscriptions', 'organizations_url': 'https://api.github.com/users/nikithauc/orgs', 'repos_url': 'https://api.github.com/users/nikithauc/repos', 'events_url': 'https://api.github.com/users/nikithauc/events{/privacy}', 'received_events_url': 'https://api.github.com/users/nikithauc/received_events', 'type': 'User', 'site_admin': False}], 'requested_teams': [], 'labels': [], 'milestone': None, 'draft': False, 'commits_url': 'https://api.github.com/repos/microsoftgraph/msgraph-metadata/pulls/119/commits', 'review_comments_url': 'https://api.github.com/repos/microsoftgraph/msgraph-metadata/pulls/119/comments', 'review_comment_url': 'https://api.github.com/repos/microsoftgraph/msgraph-metadata/pulls/comments{/number}', 'comments_url': 'https://api.github.com/repos/microsoftgraph/msgraph-metadata/issues/119/comments', 'statuses_url': 'https://api.github.com/repos/microsoftgraph/msgraph-metadata/statuses/90ec68411d317d56fc77ed73b667398b2bd7696f', 'head': {'label': 'microsoftgraph:rsh/JavaBetaBuildFailure', 'ref': 'rsh/JavaBetaBuildFailure', 'sha': '90ec68411d317d56fc77ed73b667398b2bd7696f', 'user': {'login': 'microsoftgraph', 'id': 17304259, 'node_id': 'MDEyOk9yZ2FuaXphdGlvbjE3MzA0MjU5', 'avatar_url': 'https://avatars.githubusercontent.com/u/17304259?v=4', 'gravatar_id': '', 'url': 'https://api.github.com/users/microsoftgraph', 'html_url': 'https://github.com/microsoftgraph', 'followers_url': 'https://api.github.com/users/microsoftgraph/followers', 'following_url': 'https://api.github.com/users/microsoftgraph/following{/other_user}', 'gists_url': 'https://api.github.com/users/microsoftgraph/gists{/gist_id}', 'starred_url': 'https://api.github.com/users/microsoftgraph/starred{/owner}{/repo}', 'subscriptions_url': 'https://api.github.com/users/microsoftgraph/subscriptions', 'organizations_url': 'https://api.github.com/users/microsoftgraph/orgs', 'repos_url': 'https://api.github.com/users/microsoftgraph/repos', 'events_url': 'https://api.github.com/users/microsoftgraph/events{/privacy}', 'received_events_url': 'https://api.github.com/users/microsoftgraph/received_events', 'type': 'Organization', 'site_admin': False}, 'repo': {'id': 162355319, 'node_id': 'MDEwOlJlcG9zaXRvcnkxNjIzNTUzMTk=', 'name': 'msgraph-metadata', 'full_name': 'microsoftgraph/msgraph-metadata', 'private': False, 'owner': {'login': 'microsoftgraph', 'id': 17304259, 'node_id': 'MDEyOk9yZ2FuaXphdGlvbjE3MzA0MjU5', 'avatar_url': 'https://avatars.githubusercontent.com/u/17304259?v=4', 'gravatar_id': '', 'url': 'https://api.github.com/users/microsoftgraph', 'html_url': 'https://github.com/microsoftgraph', 'followers_url': 'https://api.github.com/users/microsoftgraph/followers', 'following_url': 'https://api.github.com/users/microsoftgraph/following{/other_user}', 'gists_url': 'https://api.github.com/users/microsoftgraph/gists{/gist_id}', 'starred_url': 'https://api.github.com/users/microsoftgraph/starred{/owner}{/repo}', 'subscriptions_url': 'https://api.github.com/users/microsoftgraph/subscriptions', 'organizations_url': 'https://api.github.com/users/microsoftgraph/orgs', 'repos_url': 'https://api.github.com/users/microsoftgraph/repos', 'events_url': 'https://api.github.com/users/microsoftgraph/events{/privacy}', 'received_events_url': 'https://api.github.com/users/microsoftgraph/received_events', 'type': 'Organization', 'site_admin': False}, 'html_url': 'https://github.com/microsoftgraph/msgraph-metadata', 'description': 'Metadata captured and used for generating client library code files.', 'fork': False, 'url': 'https://api.github.com/repos/microsoftgraph/msgraph-metadata', 'forks_url': 'https://api.github.com/repos/microsoftgraph/msgraph-metadata/forks', 'keys_url': 'https://api.github.com/repos/microsoftgraph/msgraph-metadata/keys{/key_id}', 'collaborators_url': 'https://api.github.com/repos/microsoftgraph/msgraph-metadata/collaborators{/collaborator}', 'teams_url': 'https://api.github.com/repos/microsoftgraph/msgraph-metadata/teams', 'hooks_url': 'https://api.github.com/repos/microsoftgraph/msgraph-metadata/hooks', 'issue_events_url': 'https://api.github.com/repos/microsoftgraph/msgraph-metadata/issues/events{/number}', 'events_url': 'https://api.github.com/repos/microsoftgraph/msgraph-metadata/events', 'assignees_url': 'https://api.github.com/repos/microsoftgraph/msgraph-metadata/assignees{/user}', 'branches_url': 'https://api.github.com/repos/microsoftgraph/msgraph-metadata/branches{/branch}', 'tags_url': 'https://api.github.com/repos/microsoftgraph/msgraph-metadata/tags', 'blobs_url': 'https://api.github.com/repos/microsoftgraph/msgraph-metadata/git/blobs{/sha}', 'git_tags_url': 'https://api.github.com/repos/microsoftgraph/msgraph-metadata/git/tags{/sha}', 'git_refs_url': 'https://api.github.com/repos/microsoftgraph/msgraph-metadata/git/refs{/sha}', 'trees_url': 'https://api.github.com/repos/microsoftgraph/msgraph-metadata/git/trees{/sha}', 'statuses_url': 'https://api.github.com/repos/microsoftgraph/msgraph-metadata/statuses/{sha}', 'languages_url': 'https://api.github.com/repos/microsoftgraph/msgraph-metadata/languages', 'stargazers_url': 'https://api.github.com/repos/microsoftgraph/msgraph-metadata/stargazers', 'contributors_url': 'https://api.github.com/repos/microsoftgraph/msgraph-metadata/contributors', 'subscribers_url': 'https://api.github.com/repos/microsoftgraph/msgraph-metadata/subscribers', 'subscription_url': 'https://api.github.com/repos/microsoftgraph/msgraph-metadata/subscription', 'commits_url': 'https://api.github.com/repos/microsoftgraph/msgraph-metadata/commits{/sha}', 'git_commits_url': 'https://api.github.com/repos/microsoftgraph/msgraph-metadata/git/commits{/sha}', 'comments_url': 'https://api.github.com/repos/microsoftgraph/msgraph-metadata/comments{/number}', 'issue_comment_url': 'https://api.github.com/repos/microsoftgraph/msgraph-metadata/issues/comments{/number}', 'contents_url': 'https://api.github.com/repos/microsoftgraph/msgraph-metadata/contents/{+path}', 'compare_url': 'https://api.github.com/repos/microsoftgraph/msgraph-metadata/compare/{base}...{head}', 'merges_url': 'https://api.github.com/repos/microsoftgraph/msgraph-metadata/merges', 'archive_url': 'https://api.github.com/repos/microsoftgraph/msgraph-metadata/{archive_format}{/ref}', 'downloads_url': 'https://api.github.com/repos/microsoftgraph/msgraph-metadata/downloads', 'issues_url': 'https://api.github.com/repos/microsoftgraph/msgraph-metadata/issues{/number}', 'pulls_url': 'https://api.github.com/repos/microsoftgraph/msgraph-metadata/pulls{/number}', 'milestones_url': 'https://api.github.com/repos/microsoftgraph/msgraph-metadata/milestones{/number}', 'notifications_url': 'https://api.github.com/repos/microsoftgraph/msgraph-metadata/notifications{?since,all,participating}', 'labels_url': 'https://api.github.com/repos/microsoftgraph/msgraph-metadata/labels{/name}', 'releases_url': 'https://api.github.com/repos/microsoftgraph/msgraph-metadata/releases{/id}', 'deployments_url': 'https://api.github.com/repos/microsoftgraph/msgraph-metadata/deployments', 'created_at': '2018-12-18T23:04:24Z', 'updated_at': '2022-02-20T17:10:38Z', 'pushed_at': '2022-03-01T21:44:38Z', 'git_url': 'git://github.com/microsoftgraph/msgraph-metadata.git', 'ssh_url': 'git@github.com:microsoftgraph/msgraph-metadata.git', 'clone_url': 'https://github.com/microsoftgraph/msgraph-metadata.git', 'svn_url': 'https://github.com/microsoftgraph/msgraph-metadata', 'homepage': None, 'size': 44609, 'stargazers_count': 43, 'watchers_count': 43, 'language': 'XSLT', 'has_issues': True, 'has_projects': True, 'has_downloads': True, 'has_wiki': True, 'has_pages': False, 'forks_count': 10, 'mirror_url': None, 'archived': False, 'disabled': False, 'open_issues_count': 34, 'license': {'key': 'mit', 'name': 'MIT License', 'spdx_id': 'MIT', 'url': 'https://api.github.com/licenses/mit', 'node_id': 'MDc6TGljZW5zZTEz'}, 'allow_forking': True, 'is_template': False, 'topics': [], 'visibility': 'public', 'forks': 10, 'open_issues': 34, 'watchers': 43, 'default_branch': 'master'}}, 'base': {'label': 'microsoftgraph:master', 'ref': 'master', 'sha': 'da4958302b55f684efeaac0b2bb8c7ddaf8c6abe', 'user': {'login': 'microsoftgraph', 'id': 17304259, 'node_id': 'MDEyOk9yZ2FuaXphdGlvbjE3MzA0MjU5', 'avatar_url': 'https://avatars.githubusercontent.com/u/17304259?v=4', 'gravatar_id': '', 'url': 'https://api.github.com/users/microsoftgraph', 'html_url': 'https://github.com/microsoftgraph', 'followers_url': 'https://api.github.com/users/microsoftgraph/followers', 'following_url': 'https://api.github.com/users/microsoftgraph/following{/other_user}', 'gists_url': 'https://api.github.com/users/microsoftgraph/gists{/gist_id}', 'starred_url': 'https://api.github.com/users/microsoftgraph/starred{/owner}{/repo}', 'subscriptions_url': 'https://api.github.com/users/microsoftgraph/subscriptions', 'organizations_url': 'https://api.github.com/users/microsoftgraph/orgs', 'repos_url': 'https://api.github.com/users/microsoftgraph/repos', 'events_url': 'https://api.github.com/users/microsoftgraph/events{/privacy}', 'received_events_url': 'https://api.github.com/users/microsoftgraph/received_events', 'type': 'Organization', 'site_admin': False}, 'repo': {'id': 162355319, 'node_id': 'MDEwOlJlcG9zaXRvcnkxNjIzNTUzMTk=', 'name': 'msgraph-metadata', 'full_name': 'microsoftgraph/msgraph-metadata', 'private': False, 'owner': {'login': 'microsoftgraph', 'id': 17304259, 'node_id': 'MDEyOk9yZ2FuaXphdGlvbjE3MzA0MjU5', 'avatar_url': 'https://avatars.githubusercontent.com/u/17304259?v=4', 'gravatar_id': '', 'url': 'https://api.github.com/users/microsoftgraph', 'html_url': 'https://github.com/microsoftgraph', 'followers_url': 'https://api.github.com/users/microsoftgraph/followers', 'following_url': 'https://api.github.com/users/microsoftgraph/following{/other_user}', 'gists_url': 'https://api.github.com/users/microsoftgraph/gists{/gist_id}', 'starred_url': 'https://api.github.com/users/microsoftgraph/starred{/owner}{/repo}', 'subscriptions_url': 'https://api.github.com/users/microsoftgraph/subscriptions', 'organizations_url': 'https://api.github.com/users/microsoftgraph/orgs', 'repos_url': 'https://api.github.com/users/microsoftgraph/repos', 'events_url': 'https://api.github.com/users/microsoftgraph/events{/privacy}', 'received_events_url': 'https://api.github.com/users/microsoftgraph/received_events', 'type': 'Organization', 'site_admin': False}, 'html_url': 'https://github.com/microsoftgraph/msgraph-metadata', 'description': 'Metadata captured and used for generating client library code files.', 'fork': False, 'url': 'https://api.github.com/repos/microsoftgraph/msgraph-metadata', 'forks_url': 'https://api.github.com/repos/microsoftgraph/msgraph-metadata/forks', 'keys_url': 'https://api.github.com/repos/microsoftgraph/msgraph-metadata/keys{/key_id}', 'collaborators_url': 'https://api.github.com/repos/microsoftgraph/msgraph-metadata/collaborators{/collaborator}', 'teams_url': 'https://api.github.com/repos/microsoftgraph/msgraph-metadata/teams', 'hooks_url': 'https://api.github.com/repos/microsoftgraph/msgraph-metadata/hooks', 'issue_events_url': 'https://api.github.com/repos/microsoftgraph/msgraph-metadata/issues/events{/number}', 'events_url': 'https://api.github.com/repos/microsoftgraph/msgraph-metadata/events', 'assignees_url': 'https://api.github.com/repos/microsoftgraph/msgraph-metadata/assignees{/user}', 'branches_url': 'https://api.github.com/repos/microsoftgraph/msgraph-metadata/branches{/branch}', 'tags_url': 'https://api.github.com/repos/microsoftgraph/msgraph-metadata/tags', 'blobs_url': 'https://api.github.com/repos/microsoftgraph/msgraph-metadata/git/blobs{/sha}', 'git_tags_url': 'https://api.github.com/repos/microsoftgraph/msgraph-metadata/git/tags{/sha}', 'git_refs_url': 'https://api.github.com/repos/microsoftgraph/msgraph-metadata/git/refs{/sha}', 'trees_url': 'https://api.github.com/repos/microsoftgraph/msgraph-metadata/git/trees{/sha}', 'statuses_url': 'https://api.github.com/repos/microsoftgraph/msgraph-metadata/statuses/{sha}', 'languages_url': 'https://api.github.com/repos/microsoftgraph/msgraph-metadata/languages', 'stargazers_url': 'https://api.github.com/repos/microsoftgraph/msgraph-metadata/stargazers', 'contributors_url': 'https://api.github.com/repos/microsoftgraph/msgraph-metadata/contributors', 'subscribers_url': 'https://api.github.com/repos/microsoftgraph/msgraph-metadata/subscribers', 'subscription_url': 'https://api.github.com/repos/microsoftgraph/msgraph-metadata/subscription', 'commits_url': 'https://api.github.com/repos/microsoftgraph/msgraph-metadata/commits{/sha}', 'git_commits_url': 'https://api.github.com/repos/microsoftgraph/msgraph-metadata/git/commits{/sha}', 'comments_url': 'https://api.github.com/repos/microsoftgraph/msgraph-metadata/comments{/number}', 'issue_comment_url': 'https://api.github.com/repos/microsoftgraph/msgraph-metadata/issues/comments{/number}', 'contents_url': 'https://api.github.com/repos/microsoftgraph/msgraph-metadata/contents/{+path}', 'compare_url': 'https://api.github.com/repos/microsoftgraph/msgraph-metadata/compare/{base}...{head}', 'merges_url': 'https://api.github.com/repos/microsoftgraph/msgraph-metadata/merges', 'archive_url': 'https://api.github.com/repos/microsoftgraph/msgraph-metadata/{archive_format}{/ref}', 'downloads_url': 'https://api.github.com/repos/microsoftgraph/msgraph-metadata/downloads', 'issues_url': 'https://api.github.com/repos/microsoftgraph/msgraph-metadata/issues{/number}', 'pulls_url': 'https://api.github.com/repos/microsoftgraph/msgraph-metadata/pulls{/number}', 'milestones_url': 'https://api.github.com/repos/microsoftgraph/msgraph-metadata/milestones{/number}', 'notifications_url': 'https://api.github.com/repos/microsoftgraph/msgraph-metadata/notifications{?since,all,participating}', 'labels_url': 'https://api.github.com/repos/microsoftgraph/msgraph-metadata/labels{/name}', 'releases_url': 'https://api.github.com/repos/microsoftgraph/msgraph-metadata/releases{/id}', 'deployments_url': 'https://api.github.com/repos/microsoftgraph/msgraph-metadata/deployments', 'created_at': '2018-12-18T23:04:24Z', 'updated_at': '2022-02-20T17:10:38Z', 'pushed_at': '2022-03-01T21:44:38Z', 'git_url': 'git://github.com/microsoftgraph/msgraph-metadata.git', 'ssh_url': 'git@github.com:microsoftgraph/msgraph-metadata.git', 'clone_url': 'https://github.com/microsoftgraph/msgraph-metadata.git', 'svn_url': 'https://github.com/microsoftgraph/msgraph-metadata', 'homepage': None, 'size': 44609, 'stargazers_count': 43, 'watchers_count': 43, 'language': 'XSLT', 'has_issues': True, 'has_projects': True, 'has_downloads': True, 'has_wiki': True, 'has_pages': False, 'forks_count': 10, 'mirror_url': None, 'archived': False, 'disabled': False, 'open_issues_count': 34, 'license': {'key': 'mit', 'name': 'MIT License', 'spdx_id': 'MIT', 'url': 'https://api.github.com/licenses/mit', 'node_id': 'MDc6TGljZW5zZTEz'}, 'allow_forking': True, 'is_template': False, 'topics': [], 'visibility': 'public', 'forks': 10, 'open_issues': 34, 'watchers': 43, 'default_branch': 'master'}}, '_links': {'self': {'href': 'https://api.github.com/repos/microsoftgraph/msgraph-metadata/pulls/119'}, 'html': {'href': 'https://github.com/microsoftgraph/msgraph-metadata/pull/119'}, 'issue': {'href': 'https://api.github.com/repos/microsoftgraph/msgraph-metadata/issues/119'}, 'comments': {'href': 'https://api.github.com/repos/microsoftgraph/msgraph-metadata/issues/119/comments'}, 'review_comments': {'href': 'https://api.github.com/repos/microsoftgraph/msgraph-metadata/pulls/119/comments'}, 'review_comment': {'href': 'https://api.github.com/repos/microsoftgraph/msgraph-metadata/pulls/comments{/number}'}, 'commits': {'href': 'https://api.github.com/repos/microsoftgraph/msgraph-metadata/pulls/119/commits'}, 'statuses': {'href': 'https://api.github.com/repos/microsoftgraph/msgraph-metadata/statuses/90ec68411d317d56fc77ed73b667398b2bd7696f'}}, 'author_association': 'CONTRIBUTOR', 'auto_merge': None, 'active_lock_reason': None, 'merged': True, 'mergeable': None, 'rebaseable': None, 'mergeable_state': 'unknown', 'merged_by': {'login': 'ramsessanchez', 'id': 63934382, 'node_id': 'MDQ6VXNlcjYzOTM0Mzgy', 'avatar_url': 'https://avatars.githubusercontent.com/u/63934382?v=4', 'gravatar_id': '', 'url': 'https://api.github.com/users/ramsessanchez', 'html_url': 'https://github.com/ramsessanchez', 'followers_url': 'https://api.github.com/users/ramsessanchez/followers', 'following_url': 'https://api.github.com/users/ramsessanchez/following{/other_user}', 'gists_url': 'https://api.github.com/users/ramsessanchez/gists{/gist_id}', 'starred_url': 'https://api.github.com/users/ramsessanchez/starred{/owner}{/repo}', 'subscriptions_url': 'https://api.github.com/users/ramsessanchez/subscriptions', 'organizations_url': 'https://api.github.com/users/ramsessanchez/orgs', 'repos_url': 'https://api.github.com/users/ramsessanchez/repos', 'events_url': 'https://api.github.com/users/ramsessanchez/events{/privacy}', 'received_events_url': 'https://api.github.com/users/ramsessanchez/received_events', 'type': 'User', 'site_admin': False}, 'comments': 0, 'review_comments': 0, 'maintainer_can_modify': False, 'commits': 1, 'additions': 1, 'deletions': 0, 'changed_files': 1}}",closed,XSLT
20526028858,IssueCommentEvent,microsoftgraph/msgraph-beta-sdk-java,0.0,2022-03-01T21:42:25Z,"{'action': 'created', 'issue': {'url': 'https://api.github.com/repos/microsoftgraph/msgraph-beta-sdk-java/issues/261', 'repository_url': 'https://api.github.com/repos/microsoftgraph/msgraph-beta-sdk-java', 'labels_url': 'https://api.github.com/repos/microsoftgraph/msgraph-beta-sdk-java/issues/261/labels{/name}', 'comments_url': 'https://api.github.com/repos/microsoftgraph/msgraph-beta-sdk-java/issues/261/comments', 'events_url': 'https://api.github.com/repos/microsoftgraph/msgraph-beta-sdk-java/issues/261/events', 'html_url': 'https://github.com/microsoftgraph/msgraph-beta-sdk-java/pull/261', 'id': 1155144591, 'node_id': 'PR_kwDODDF5Ls4zuADn', 'number': 261, 'title': 'Generated beta models and request builders using Typewriter', 'user': {'login': 'ramsessanchez', 'id': 63934382, 'node_id': 'MDQ6VXNlcjYzOTM0Mzgy', 'avatar_url': 'https://avatars.githubusercontent.com/u/63934382?v=4', 'gravatar_id': '', 'url': 'https://api.github.com/users/ramsessanchez', 'html_url': 'https://github.com/ramsessanchez', 'followers_url': 'https://api.github.com/users/ramsessanchez/followers', 'following_url': 'https://api.github.com/users/ramsessanchez/following{/other_user}', 'gists_url': 'https://api.github.com/users/ramsessanchez/gists{/gist_id}', 'starred_url': 'https://api.github.com/users/ramsessanchez/starred{/owner}{/repo}', 'subscriptions_url': 'https://api.github.com/users/ramsessanchez/subscriptions', 'organizations_url': 'https://api.github.com/users/ramsessanchez/orgs', 'repos_url': 'https://api.github.com/users/ramsessanchez/repos', 'events_url': 'https://api.github.com/users/ramsessanchez/events{/privacy}', 'received_events_url': 'https://api.github.com/users/ramsessanchez/received_events', 'type': 'User', 'site_admin': False}, 'labels': [{'id': 2333584516, 'node_id': 'MDU6TGFiZWwyMzMzNTg0NTE2', 'url': 'https://api.github.com/repos/microsoftgraph/msgraph-beta-sdk-java/labels/generated', 'name': 'generated', 'color': 'ededed', 'default': False, 'description': ''}, {'id': 2365674509, 'node_id': 'MDU6TGFiZWwyMzY1Njc0NTA5', 'url': 'https://api.github.com/repos/microsoftgraph/msgraph-beta-sdk-java/labels/Needs:%20author%20feedback', 'name': 'Needs: author feedback', 'color': '8c51c3', 'default': False, 'description': None}], 'state': 'open', 'locked': False, 'assignee': {'login': 'ramsessanchez', 'id': 63934382, 'node_id': 'MDQ6VXNlcjYzOTM0Mzgy', 'avatar_url': 'https://avatars.githubusercontent.com/u/63934382?v=4', 'gravatar_id': '', 'url': 'https://api.github.com/users/ramsessanchez', 'html_url': 'https://github.com/ramsessanchez', 'followers_url': 'https://api.github.com/users/ramsessanchez/followers', 'following_url': 'https://api.github.com/users/ramsessanchez/following{/other_user}', 'gists_url': 'https://api.github.com/users/ramsessanchez/gists{/gist_id}', 'starred_url': 'https://api.github.com/users/ramsessanchez/starred{/owner}{/repo}', 'subscriptions_url': 'https://api.github.com/users/ramsessanchez/subscriptions', 'organizations_url': 'https://api.github.com/users/ramsessanchez/orgs', 'repos_url': 'https://api.github.com/users/ramsessanchez/repos', 'events_url': 'https://api.github.com/users/ramsessanchez/events{/privacy}', 'received_events_url': 'https://api.github.com/users/ramsessanchez/received_events', 'type': 'User', 'site_admin': False}, 'assignees': [{'login': 'ramsessanchez', 'id': 63934382, 'node_id': 'MDQ6VXNlcjYzOTM0Mzgy', 'avatar_url': 'https://avatars.githubusercontent.com/u/63934382?v=4', 'gravatar_id': '', 'url': 'https://api.github.com/users/ramsessanchez', 'html_url': 'https://github.com/ramsessanchez', 'followers_url': 'https://api.github.com/users/ramsessanchez/followers', 'following_url': 'https://api.github.com/users/ramsessanchez/following{/other_user}', 'gists_url': 'https://api.github.com/users/ramsessanchez/gists{/gist_id}', 'starred_url': 'https://api.github.com/users/ramsessanchez/starred{/owner}{/repo}', 'subscriptions_url': 'https://api.github.com/users/ramsessanchez/subscriptions', 'organizations_url': 'https://api.github.com/users/ramsessanchez/orgs', 'repos_url': 'https://api.github.com/users/ramsessanchez/repos', 'events_url': 'https://api.github.com/users/ramsessanchez/events{/privacy}', 'received_events_url': 'https://api.github.com/users/ramsessanchez/received_events', 'type': 'User', 'site_admin': False}], 'milestone': None, 'comments': 0, 'created_at': '2022-03-01T10:14:44Z', 'updated_at': '2022-03-01T21:42:25Z', 'closed_at': None, 'author_association': 'CONTRIBUTOR', 'active_lock_reason': None, 'draft': False, 'pull_request': {'url': 'https://api.github.com/repos/microsoftgraph/msgraph-beta-sdk-java/pulls/261', 'html_url': 'https://github.com/microsoftgraph/msgraph-beta-sdk-java/pull/261', 'diff_url': 'https://github.com/microsoftgraph/msgraph-beta-sdk-java/pull/261.diff', 'patch_url': 'https://github.com/microsoftgraph/msgraph-beta-sdk-java/pull/261.patch', 'merged_at': None}, 'body': 'This pull request was automatically created by the GitHub Action, **create pull request**. \n\n The commit hash is _748bf8c0fb579bd3c6e453641e28cd503ae39fc3_. \n\n **Important** Check for unexpected deletions or changes in this PR.\n\n###### Microsoft Reviewers: [Open in CodeFlow](https://portal.fabricbot.ms/api/codeflow?pullrequest=https://github.com/microsoftgraph/msgraph-beta-sdk-java/pull/261)', 'reactions': {'url': 'https://api.github.com/repos/microsoftgraph/msgraph-beta-sdk-java/issues/261/reactions', 'total_count': 0, '+1': 0, '-1': 0, 'laugh': 0, 'hooray': 0, 'confused': 0, 'heart': 0, 'rocket': 0, 'eyes': 0}, 'timeline_url': 'https://api.github.com/repos/microsoftgraph/msgraph-beta-sdk-java/issues/261/timeline', 'performed_via_github_app': None}, 'comment': {'url': 'https://api.github.com/repos/microsoftgraph/msgraph-beta-sdk-java/issues/comments/1055888815', 'html_url': 'https://github.com/microsoftgraph/msgraph-beta-sdk-java/pull/261#issuecomment-1055888815', 'issue_url': 'https://api.github.com/repos/microsoftgraph/msgraph-beta-sdk-java/issues/261', 'id': 1055888815, 'node_id': 'IC_kwDODDF5Ls4-75Wv', 'user': {'login': 'ramsessanchez', 'id': 63934382, 'node_id': 'MDQ6VXNlcjYzOTM0Mzgy', 'avatar_url': 'https://avatars.githubusercontent.com/u/63934382?v=4', 'gravatar_id': '', 'url': 'https://api.github.com/users/ramsessanchez', 'html_url': 'https://github.com/ramsessanchez', 'followers_url': 'https://api.github.com/users/ramsessanchez/followers', 'following_url': 'https://api.github.com/users/ramsessanchez/following{/other_user}', 'gists_url': 'https://api.github.com/users/ramsessanchez/gists{/gist_id}', 'starred_url': 'https://api.github.com/users/ramsessanchez/starred{/owner}{/repo}', 'subscriptions_url': 'https://api.github.com/users/ramsessanchez/subscriptions', 'organizations_url': 'https://api.github.com/users/ramsessanchez/orgs', 'repos_url': 'https://api.github.com/users/ramsessanchez/repos', 'events_url': 'https://api.github.com/users/ramsessanchez/events{/privacy}', 'received_events_url': 'https://api.github.com/users/ramsessanchez/received_events', 'type': 'User', 'site_admin': False}, 'created_at': '2022-03-01T21:42:25Z', 'updated_at': '2022-03-01T21:42:25Z', 'author_association': 'CONTRIBUTOR', 'body': ""@baywet The alerts team responded, it seems they are planning on deprecation of the current alerts api, not sure how long that will take to be completed fully. On the bright side they've hidden the entities in the new security namespace for the time being while they test. That being said the fix for this weeks build failure is a case of a missing 'contains target' line. Pushing the fix here: https://github.com/microsoftgraph/msgraph-metadata/pull/119\r\n"", 'reactions': {'url': 'https://api.github.com/repos/microsoftgraph/msgraph-beta-sdk-java/issues/comments/1055888815/reactions', 'total_count': 0, '+1': 0, '-1': 0, 'laugh': 0, 'hooray': 0, 'confused': 0, 'heart': 0, 'rocket': 0, 'eyes': 0}, 'performed_via_github_app': None}}",created,Java
20525989146,PullRequestEvent,microsoftgraph/msgraph-metadata,0.0,2022-03-01T21:39:31Z,"{'action': 'opened', 'number': 119, 'pull_request': {'url': 'https://api.github.com/repos/microsoftgraph/msgraph-metadata/pulls/119', 'id': 868304613, 'node_id': 'PR_kwDOCa1Yd84zwUbl', 'html_url': 'https://github.com/microsoftgraph/msgraph-metadata/pull/119', 'diff_url': 'https://github.com/microsoftgraph/msgraph-metadata/pull/119.diff', 'patch_url': 'https://github.com/microsoftgraph/msgraph-metadata/pull/119.patch', 'issue_url': 'https://api.github.com/repos/microsoftgraph/msgraph-metadata/issues/119', 'number': 119, 'state': 'open', 'locked': False, 'title': 'Add contains target to  customExtensionHandlers', 'user': {'login': 'ramsessanchez', 'id': 63934382, 'node_id': 'MDQ6VXNlcjYzOTM0Mzgy', 'avatar_url': 'https://avatars.githubusercontent.com/u/63934382?v=4', 'gravatar_id': '', 'url': 'https://api.github.com/users/ramsessanchez', 'html_url': 'https://github.com/ramsessanchez', 'followers_url': 'https://api.github.com/users/ramsessanchez/followers', 'following_url': 'https://api.github.com/users/ramsessanchez/following{/other_user}', 'gists_url': 'https://api.github.com/users/ramsessanchez/gists{/gist_id}', 'starred_url': 'https://api.github.com/users/ramsessanchez/starred{/owner}{/repo}', 'subscriptions_url': 'https://api.github.com/users/ramsessanchez/subscriptions', 'organizations_url': 'https://api.github.com/users/ramsessanchez/orgs', 'repos_url': 'https://api.github.com/users/ramsessanchez/repos', 'events_url': 'https://api.github.com/users/ramsessanchez/events{/privacy}', 'received_events_url': 'https://api.github.com/users/ramsessanchez/received_events', 'type': 'User', 'site_admin': False}, 'body': 'Fix for build failure:\r\nhttps://github.com/microsoftgraph/msgraph-beta-sdk-java/runs/5373506337?check_suite_focus=true', 'created_at': '2022-03-01T21:39:30Z', 'updated_at': '2022-03-01T21:39:30Z', 'closed_at': None, 'merged_at': None, 'merge_commit_sha': None, 'assignee': None, 'assignees': [], 'requested_reviewers': [], 'requested_teams': [], 'labels': [], 'milestone': None, 'draft': False, 'commits_url': 'https://api.github.com/repos/microsoftgraph/msgraph-metadata/pulls/119/commits', 'review_comments_url': 'https://api.github.com/repos/microsoftgraph/msgraph-metadata/pulls/119/comments', 'review_comment_url': 'https://api.github.com/repos/microsoftgraph/msgraph-metadata/pulls/comments{/number}', 'comments_url': 'https://api.github.com/repos/microsoftgraph/msgraph-metadata/issues/119/comments', 'statuses_url': 'https://api.github.com/repos/microsoftgraph/msgraph-metadata/statuses/90ec68411d317d56fc77ed73b667398b2bd7696f', 'head': {'label': 'microsoftgraph:rsh/JavaBetaBuildFailure', 'ref': 'rsh/JavaBetaBuildFailure', 'sha': '90ec68411d317d56fc77ed73b667398b2bd7696f', 'user': {'login': 'microsoftgraph', 'id': 17304259, 'node_id': 'MDEyOk9yZ2FuaXphdGlvbjE3MzA0MjU5', 'avatar_url': 'https://avatars.githubusercontent.com/u/17304259?v=4', 'gravatar_id': '', 'url': 'https://api.github.com/users/microsoftgraph', 'html_url': 'https://github.com/microsoftgraph', 'followers_url': 'https://api.github.com/users/microsoftgraph/followers', 'following_url': 'https://api.github.com/users/microsoftgraph/following{/other_user}', 'gists_url': 'https://api.github.com/users/microsoftgraph/gists{/gist_id}', 'starred_url': 'https://api.github.com/users/microsoftgraph/starred{/owner}{/repo}', 'subscriptions_url': 'https://api.github.com/users/microsoftgraph/subscriptions', 'organizations_url': 'https://api.github.com/users/microsoftgraph/orgs', 'repos_url': 'https://api.github.com/users/microsoftgraph/repos', 'events_url': 'https://api.github.com/users/microsoftgraph/events{/privacy}', 'received_events_url': 'https://api.github.com/users/microsoftgraph/received_events', 'type': 'Organization', 'site_admin': False}, 'repo': {'id': 162355319, 'node_id': 'MDEwOlJlcG9zaXRvcnkxNjIzNTUzMTk=', 'name': 'msgraph-metadata', 'full_name': 'microsoftgraph/msgraph-metadata', 'private': False, 'owner': {'login': 'microsoftgraph', 'id': 17304259, 'node_id': 'MDEyOk9yZ2FuaXphdGlvbjE3MzA0MjU5', 'avatar_url': 'https://avatars.githubusercontent.com/u/17304259?v=4', 'gravatar_id': '', 'url': 'https://api.github.com/users/microsoftgraph', 'html_url': 'https://github.com/microsoftgraph', 'followers_url': 'https://api.github.com/users/microsoftgraph/followers', 'following_url': 'https://api.github.com/users/microsoftgraph/following{/other_user}', 'gists_url': 'https://api.github.com/users/microsoftgraph/gists{/gist_id}', 'starred_url': 'https://api.github.com/users/microsoftgraph/starred{/owner}{/repo}', 'subscriptions_url': 'https://api.github.com/users/microsoftgraph/subscriptions', 'organizations_url': 'https://api.github.com/users/microsoftgraph/orgs', 'repos_url': 'https://api.github.com/users/microsoftgraph/repos', 'events_url': 'https://api.github.com/users/microsoftgraph/events{/privacy}', 'received_events_url': 'https://api.github.com/users/microsoftgraph/received_events', 'type': 'Organization', 'site_admin': False}, 'html_url': 'https://github.com/microsoftgraph/msgraph-metadata', 'description': 'Metadata captured and used for generating client library code files.', 'fork': False, 'url': 'https://api.github.com/repos/microsoftgraph/msgraph-metadata', 'forks_url': 'https://api.github.com/repos/microsoftgraph/msgraph-metadata/forks', 'keys_url': 'https://api.github.com/repos/microsoftgraph/msgraph-metadata/keys{/key_id}', 'collaborators_url': 'https://api.github.com/repos/microsoftgraph/msgraph-metadata/collaborators{/collaborator}', 'teams_url': 'https://api.github.com/repos/microsoftgraph/msgraph-metadata/teams', 'hooks_url': 'https://api.github.com/repos/microsoftgraph/msgraph-metadata/hooks', 'issue_events_url': 'https://api.github.com/repos/microsoftgraph/msgraph-metadata/issues/events{/number}', 'events_url': 'https://api.github.com/repos/microsoftgraph/msgraph-metadata/events', 'assignees_url': 'https://api.github.com/repos/microsoftgraph/msgraph-metadata/assignees{/user}', 'branches_url': 'https://api.github.com/repos/microsoftgraph/msgraph-metadata/branches{/branch}', 'tags_url': 'https://api.github.com/repos/microsoftgraph/msgraph-metadata/tags', 'blobs_url': 'https://api.github.com/repos/microsoftgraph/msgraph-metadata/git/blobs{/sha}', 'git_tags_url': 'https://api.github.com/repos/microsoftgraph/msgraph-metadata/git/tags{/sha}', 'git_refs_url': 'https://api.github.com/repos/microsoftgraph/msgraph-metadata/git/refs{/sha}', 'trees_url': 'https://api.github.com/repos/microsoftgraph/msgraph-metadata/git/trees{/sha}', 'statuses_url': 'https://api.github.com/repos/microsoftgraph/msgraph-metadata/statuses/{sha}', 'languages_url': 'https://api.github.com/repos/microsoftgraph/msgraph-metadata/languages', 'stargazers_url': 'https://api.github.com/repos/microsoftgraph/msgraph-metadata/stargazers', 'contributors_url': 'https://api.github.com/repos/microsoftgraph/msgraph-metadata/contributors', 'subscribers_url': 'https://api.github.com/repos/microsoftgraph/msgraph-metadata/subscribers', 'subscription_url': 'https://api.github.com/repos/microsoftgraph/msgraph-metadata/subscription', 'commits_url': 'https://api.github.com/repos/microsoftgraph/msgraph-metadata/commits{/sha}', 'git_commits_url': 'https://api.github.com/repos/microsoftgraph/msgraph-metadata/git/commits{/sha}', 'comments_url': 'https://api.github.com/repos/microsoftgraph/msgraph-metadata/comments{/number}', 'issue_comment_url': 'https://api.github.com/repos/microsoftgraph/msgraph-metadata/issues/comments{/number}', 'contents_url': 'https://api.github.com/repos/microsoftgraph/msgraph-metadata/contents/{+path}', 'compare_url': 'https://api.github.com/repos/microsoftgraph/msgraph-metadata/compare/{base}...{head}', 'merges_url': 'https://api.github.com/repos/microsoftgraph/msgraph-metadata/merges', 'archive_url': 'https://api.github.com/repos/microsoftgraph/msgraph-metadata/{archive_format}{/ref}', 'downloads_url': 'https://api.github.com/repos/microsoftgraph/msgraph-metadata/downloads', 'issues_url': 'https://api.github.com/repos/microsoftgraph/msgraph-metadata/issues{/number}', 'pulls_url': 'https://api.github.com/repos/microsoftgraph/msgraph-metadata/pulls{/number}', 'milestones_url': 'https://api.github.com/repos/microsoftgraph/msgraph-metadata/milestones{/number}', 'notifications_url': 'https://api.github.com/repos/microsoftgraph/msgraph-metadata/notifications{?since,all,participating}', 'labels_url': 'https://api.github.com/repos/microsoftgraph/msgraph-metadata/labels{/name}', 'releases_url': 'https://api.github.com/repos/microsoftgraph/msgraph-metadata/releases{/id}', 'deployments_url': 'https://api.github.com/repos/microsoftgraph/msgraph-metadata/deployments', 'created_at': '2018-12-18T23:04:24Z', 'updated_at': '2022-02-20T17:10:38Z', 'pushed_at': '2022-03-01T21:38:30Z', 'git_url': 'git://github.com/microsoftgraph/msgraph-metadata.git', 'ssh_url': 'git@github.com:microsoftgraph/msgraph-metadata.git', 'clone_url': 'https://github.com/microsoftgraph/msgraph-metadata.git', 'svn_url': 'https://github.com/microsoftgraph/msgraph-metadata', 'homepage': None, 'size': 44609, 'stargazers_count': 43, 'watchers_count': 43, 'language': 'XSLT', 'has_issues': True, 'has_projects': True, 'has_downloads': True, 'has_wiki': True, 'has_pages': False, 'forks_count': 10, 'mirror_url': None, 'archived': False, 'disabled': False, 'open_issues_count': 35, 'license': {'key': 'mit', 'name': 'MIT License', 'spdx_id': 'MIT', 'url': 'https://api.github.com/licenses/mit', 'node_id': 'MDc6TGljZW5zZTEz'}, 'allow_forking': True, 'is_template': False, 'topics': [], 'visibility': 'public', 'forks': 10, 'open_issues': 35, 'watchers': 43, 'default_branch': 'master'}}, 'base': {'label': 'microsoftgraph:master', 'ref': 'master', 'sha': 'da4958302b55f684efeaac0b2bb8c7ddaf8c6abe', 'user': {'login': 'microsoftgraph', 'id': 17304259, 'node_id': 'MDEyOk9yZ2FuaXphdGlvbjE3MzA0MjU5', 'avatar_url': 'https://avatars.githubusercontent.com/u/17304259?v=4', 'gravatar_id': '', 'url': 'https://api.github.com/users/microsoftgraph', 'html_url': 'https://github.com/microsoftgraph', 'followers_url': 'https://api.github.com/users/microsoftgraph/followers', 'following_url': 'https://api.github.com/users/microsoftgraph/following{/other_user}', 'gists_url': 'https://api.github.com/users/microsoftgraph/gists{/gist_id}', 'starred_url': 'https://api.github.com/users/microsoftgraph/starred{/owner}{/repo}', 'subscriptions_url': 'https://api.github.com/users/microsoftgraph/subscriptions', 'organizations_url': 'https://api.github.com/users/microsoftgraph/orgs', 'repos_url': 'https://api.github.com/users/microsoftgraph/repos', 'events_url': 'https://api.github.com/users/microsoftgraph/events{/privacy}', 'received_events_url': 'https://api.github.com/users/microsoftgraph/received_events', 'type': 'Organization', 'site_admin': False}, 'repo': {'id': 162355319, 'node_id': 'MDEwOlJlcG9zaXRvcnkxNjIzNTUzMTk=', 'name': 'msgraph-metadata', 'full_name': 'microsoftgraph/msgraph-metadata', 'private': False, 'owner': {'login': 'microsoftgraph', 'id': 17304259, 'node_id': 'MDEyOk9yZ2FuaXphdGlvbjE3MzA0MjU5', 'avatar_url': 'https://avatars.githubusercontent.com/u/17304259?v=4', 'gravatar_id': '', 'url': 'https://api.github.com/users/microsoftgraph', 'html_url': 'https://github.com/microsoftgraph', 'followers_url': 'https://api.github.com/users/microsoftgraph/followers', 'following_url': 'https://api.github.com/users/microsoftgraph/following{/other_user}', 'gists_url': 'https://api.github.com/users/microsoftgraph/gists{/gist_id}', 'starred_url': 'https://api.github.com/users/microsoftgraph/starred{/owner}{/repo}', 'subscriptions_url': 'https://api.github.com/users/microsoftgraph/subscriptions', 'organizations_url': 'https://api.github.com/users/microsoftgraph/orgs', 'repos_url': 'https://api.github.com/users/microsoftgraph/repos', 'events_url': 'https://api.github.com/users/microsoftgraph/events{/privacy}', 'received_events_url': 'https://api.github.com/users/microsoftgraph/received_events', 'type': 'Organization', 'site_admin': False}, 'html_url': 'https://github.com/microsoftgraph/msgraph-metadata', 'description': 'Metadata captured and used for generating client library code files.', 'fork': False, 'url': 'https://api.github.com/repos/microsoftgraph/msgraph-metadata', 'forks_url': 'https://api.github.com/repos/microsoftgraph/msgraph-metadata/forks', 'keys_url': 'https://api.github.com/repos/microsoftgraph/msgraph-metadata/keys{/key_id}', 'collaborators_url': 'https://api.github.com/repos/microsoftgraph/msgraph-metadata/collaborators{/collaborator}', 'teams_url': 'https://api.github.com/repos/microsoftgraph/msgraph-metadata/teams', 'hooks_url': 'https://api.github.com/repos/microsoftgraph/msgraph-metadata/hooks', 'issue_events_url': 'https://api.github.com/repos/microsoftgraph/msgraph-metadata/issues/events{/number}', 'events_url': 'https://api.github.com/repos/microsoftgraph/msgraph-metadata/events', 'assignees_url': 'https://api.github.com/repos/microsoftgraph/msgraph-metadata/assignees{/user}', 'branches_url': 'https://api.github.com/repos/microsoftgraph/msgraph-metadata/branches{/branch}', 'tags_url': 'https://api.github.com/repos/microsoftgraph/msgraph-metadata/tags', 'blobs_url': 'https://api.github.com/repos/microsoftgraph/msgraph-metadata/git/blobs{/sha}', 'git_tags_url': 'https://api.github.com/repos/microsoftgraph/msgraph-metadata/git/tags{/sha}', 'git_refs_url': 'https://api.github.com/repos/microsoftgraph/msgraph-metadata/git/refs{/sha}', 'trees_url': 'https://api.github.com/repos/microsoftgraph/msgraph-metadata/git/trees{/sha}', 'statuses_url': 'https://api.github.com/repos/microsoftgraph/msgraph-metadata/statuses/{sha}', 'languages_url': 'https://api.github.com/repos/microsoftgraph/msgraph-metadata/languages', 'stargazers_url': 'https://api.github.com/repos/microsoftgraph/msgraph-metadata/stargazers', 'contributors_url': 'https://api.github.com/repos/microsoftgraph/msgraph-metadata/contributors', 'subscribers_url': 'https://api.github.com/repos/microsoftgraph/msgraph-metadata/subscribers', 'subscription_url': 'https://api.github.com/repos/microsoftgraph/msgraph-metadata/subscription', 'commits_url': 'https://api.github.com/repos/microsoftgraph/msgraph-metadata/commits{/sha}', 'git_commits_url': 'https://api.github.com/repos/microsoftgraph/msgraph-metadata/git/commits{/sha}', 'comments_url': 'https://api.github.com/repos/microsoftgraph/msgraph-metadata/comments{/number}', 'issue_comment_url': 'https://api.github.com/repos/microsoftgraph/msgraph-metadata/issues/comments{/number}', 'contents_url': 'https://api.github.com/repos/microsoftgraph/msgraph-metadata/contents/{+path}', 'compare_url': 'https://api.github.com/repos/microsoftgraph/msgraph-metadata/compare/{base}...{head}', 'merges_url': 'https://api.github.com/repos/microsoftgraph/msgraph-metadata/merges', 'archive_url': 'https://api.github.com/repos/microsoftgraph/msgraph-metadata/{archive_format}{/ref}', 'downloads_url': 'https://api.github.com/repos/microsoftgraph/msgraph-metadata/downloads', 'issues_url': 'https://api.github.com/repos/microsoftgraph/msgraph-metadata/issues{/number}', 'pulls_url': 'https://api.github.com/repos/microsoftgraph/msgraph-metadata/pulls{/number}', 'milestones_url': 'https://api.github.com/repos/microsoftgraph/msgraph-metadata/milestones{/number}', 'notifications_url': 'https://api.github.com/repos/microsoftgraph/msgraph-metadata/notifications{?since,all,participating}', 'labels_url': 'https://api.github.com/repos/microsoftgraph/msgraph-metadata/labels{/name}', 'releases_url': 'https://api.github.com/repos/microsoftgraph/msgraph-metadata/releases{/id}', 'deployments_url': 'https://api.github.com/repos/microsoftgraph/msgraph-metadata/deployments', 'created_at': '2018-12-18T23:04:24Z', 'updated_at': '2022-02-20T17:10:38Z', 'pushed_at': '2022-03-01T21:38:30Z', 'git_url': 'git://github.com/microsoftgraph/msgraph-metadata.git', 'ssh_url': 'git@github.com:microsoftgraph/msgraph-metadata.git', 'clone_url': 'https://github.com/microsoftgraph/msgraph-metadata.git', 'svn_url': 'https://github.com/microsoftgraph/msgraph-metadata', 'homepage': None, 'size': 44609, 'stargazers_count': 43, 'watchers_count': 43, 'language': 'XSLT', 'has_issues': True, 'has_projects': True, 'has_downloads': True, 'has_wiki': True, 'has_pages': False, 'forks_count': 10, 'mirror_url': None, 'archived': False, 'disabled': False, 'open_issues_count': 35, 'license': {'key': 'mit', 'name': 'MIT License', 'spdx_id': 'MIT', 'url': 'https://api.github.com/licenses/mit', 'node_id': 'MDc6TGljZW5zZTEz'}, 'allow_forking': True, 'is_template': False, 'topics': [], 'visibility': 'public', 'forks': 10, 'open_issues': 35, 'watchers': 43, 'default_branch': 'master'}}, '_links': {'self': {'href': 'https://api.github.com/repos/microsoftgraph/msgraph-metadata/pulls/119'}, 'html': {'href': 'https://github.com/microsoftgraph/msgraph-metadata/pull/119'}, 'issue': {'href': 'https://api.github.com/repos/microsoftgraph/msgraph-metadata/issues/119'}, 'comments': {'href': 'https://api.github.com/repos/microsoftgraph/msgraph-metadata/issues/119/comments'}, 'review_comments': {'href': 'https://api.github.com/repos/microsoftgraph/msgraph-metadata/pulls/119/comments'}, 'review_comment': {'href': 'https://api.github.com/repos/microsoftgraph/msgraph-metadata/pulls/comments{/number}'}, 'commits': {'href': 'https://api.github.com/repos/microsoftgraph/msgraph-metadata/pulls/119/commits'}, 'statuses': {'href': 'https://api.github.com/repos/microsoftgraph/msgraph-metadata/statuses/90ec68411d317d56fc77ed73b667398b2bd7696f'}}, 'author_association': 'CONTRIBUTOR', 'auto_merge': None, 'active_lock_reason': None, 'merged': False, 'mergeable': None, 'rebaseable': None, 'mergeable_state': 'unknown', 'merged_by': None, 'comments': 0, 'review_comments': 0, 'maintainer_can_modify': False, 'commits': 1, 'additions': 1, 'deletions': 0, 'changed_files': 1}}",opened,XSLT
20525975598,CreateEvent,microsoftgraph/msgraph-metadata,0.0,2022-03-01T21:38:31Z,"{'ref': 'rsh/JavaBetaBuildFailure', 'ref_type': 'branch', 'master_branch': 'master', 'description': 'Metadata captured and used for generating client library code files.', 'pusher_type': 'user'}",,XSLT
20514424761,PullRequestEvent,microsoftgraph/msgraph-beta-sdk-java,0.0,2022-03-01T10:14:45Z,"{'action': 'opened', 'number': 261, 'pull_request': {'url': 'https://api.github.com/repos/microsoftgraph/msgraph-beta-sdk-java/pulls/261', 'id': 867696871, 'node_id': 'PR_kwDODDF5Ls4zuADn', 'html_url': 'https://github.com/microsoftgraph/msgraph-beta-sdk-java/pull/261', 'diff_url': 'https://github.com/microsoftgraph/msgraph-beta-sdk-java/pull/261.diff', 'patch_url': 'https://github.com/microsoftgraph/msgraph-beta-sdk-java/pull/261.patch', 'issue_url': 'https://api.github.com/repos/microsoftgraph/msgraph-beta-sdk-java/issues/261', 'number': 261, 'state': 'open', 'locked': False, 'title': 'Generated beta models and request builders using Typewriter', 'user': {'login': 'ramsessanchez', 'id': 63934382, 'node_id': 'MDQ6VXNlcjYzOTM0Mzgy', 'avatar_url': 'https://avatars.githubusercontent.com/u/63934382?v=4', 'gravatar_id': '', 'url': 'https://api.github.com/users/ramsessanchez', 'html_url': 'https://github.com/ramsessanchez', 'followers_url': 'https://api.github.com/users/ramsessanchez/followers', 'following_url': 'https://api.github.com/users/ramsessanchez/following{/other_user}', 'gists_url': 'https://api.github.com/users/ramsessanchez/gists{/gist_id}', 'starred_url': 'https://api.github.com/users/ramsessanchez/starred{/owner}{/repo}', 'subscriptions_url': 'https://api.github.com/users/ramsessanchez/subscriptions', 'organizations_url': 'https://api.github.com/users/ramsessanchez/orgs', 'repos_url': 'https://api.github.com/users/ramsessanchez/repos', 'events_url': 'https://api.github.com/users/ramsessanchez/events{/privacy}', 'received_events_url': 'https://api.github.com/users/ramsessanchez/received_events', 'type': 'User', 'site_admin': False}, 'body': 'This pull request was automatically created by the GitHub Action, **create pull request**. \n\n The commit hash is _748bf8c0fb579bd3c6e453641e28cd503ae39fc3_. \n\n **Important** Check for unexpected deletions or changes in this PR.', 'created_at': '2022-03-01T10:14:44Z', 'updated_at': '2022-03-01T10:14:44Z', 'closed_at': None, 'merged_at': None, 'merge_commit_sha': None, 'assignee': None, 'assignees': [], 'requested_reviewers': [], 'requested_teams': [], 'labels': [], 'milestone': None, 'draft': False, 'commits_url': 'https://api.github.com/repos/microsoftgraph/msgraph-beta-sdk-java/pulls/261/commits', 'review_comments_url': 'https://api.github.com/repos/microsoftgraph/msgraph-beta-sdk-java/pulls/261/comments', 'review_comment_url': 'https://api.github.com/repos/microsoftgraph/msgraph-beta-sdk-java/pulls/comments{/number}', 'comments_url': 'https://api.github.com/repos/microsoftgraph/msgraph-beta-sdk-java/issues/261/comments', 'statuses_url': 'https://api.github.com/repos/microsoftgraph/msgraph-beta-sdk-java/statuses/748bf8c0fb579bd3c6e453641e28cd503ae39fc3', 'head': {'label': 'microsoftgraph:beta/pipelinebuild/68751', 'ref': 'beta/pipelinebuild/68751', 'sha': '748bf8c0fb579bd3c6e453641e28cd503ae39fc3', 'user': {'login': 'microsoftgraph', 'id': 17304259, 'node_id': 'MDEyOk9yZ2FuaXphdGlvbjE3MzA0MjU5', 'avatar_url': 'https://avatars.githubusercontent.com/u/17304259?v=4', 'gravatar_id': '', 'url': 'https://api.github.com/users/microsoftgraph', 'html_url': 'https://github.com/microsoftgraph', 'followers_url': 'https://api.github.com/users/microsoftgraph/followers', 'following_url': 'https://api.github.com/users/microsoftgraph/following{/other_user}', 'gists_url': 'https://api.github.com/users/microsoftgraph/gists{/gist_id}', 'starred_url': 'https://api.github.com/users/microsoftgraph/starred{/owner}{/repo}', 'subscriptions_url': 'https://api.github.com/users/microsoftgraph/subscriptions', 'organizations_url': 'https://api.github.com/users/microsoftgraph/orgs', 'repos_url': 'https://api.github.com/users/microsoftgraph/repos', 'events_url': 'https://api.github.com/users/microsoftgraph/events{/privacy}', 'received_events_url': 'https://api.github.com/users/microsoftgraph/received_events', 'type': 'Organization', 'site_admin': False}, 'repo': {'id': 204568878, 'node_id': 'MDEwOlJlcG9zaXRvcnkyMDQ1Njg4Nzg=', 'name': 'msgraph-beta-sdk-java', 'full_name': 'microsoftgraph/msgraph-beta-sdk-java', 'private': False, 'owner': {'login': 'microsoftgraph', 'id': 17304259, 'node_id': 'MDEyOk9yZ2FuaXphdGlvbjE3MzA0MjU5', 'avatar_url': 'https://avatars.githubusercontent.com/u/17304259?v=4', 'gravatar_id': '', 'url': 'https://api.github.com/users/microsoftgraph', 'html_url': 'https://github.com/microsoftgraph', 'followers_url': 'https://api.github.com/users/microsoftgraph/followers', 'following_url': 'https://api.github.com/users/microsoftgraph/following{/other_user}', 'gists_url': 'https://api.github.com/users/microsoftgraph/gists{/gist_id}', 'starred_url': 'https://api.github.com/users/microsoftgraph/starred{/owner}{/repo}', 'subscriptions_url': 'https://api.github.com/users/microsoftgraph/subscriptions', 'organizations_url': 'https://api.github.com/users/microsoftgraph/orgs', 'repos_url': 'https://api.github.com/users/microsoftgraph/repos', 'events_url': 'https://api.github.com/users/microsoftgraph/events{/privacy}', 'received_events_url': 'https://api.github.com/users/microsoftgraph/received_events', 'type': 'Organization', 'site_admin': False}, 'html_url': 'https://github.com/microsoftgraph/msgraph-beta-sdk-java', 'description': 'Microsoft Graph Beta Java SDK', 'fork': False, 'url': 'https://api.github.com/repos/microsoftgraph/msgraph-beta-sdk-java', 'forks_url': 'https://api.github.com/repos/microsoftgraph/msgraph-beta-sdk-java/forks', 'keys_url': 'https://api.github.com/repos/microsoftgraph/msgraph-beta-sdk-java/keys{/key_id}', 'collaborators_url': 'https://api.github.com/repos/microsoftgraph/msgraph-beta-sdk-java/collaborators{/collaborator}', 'teams_url': 'https://api.github.com/repos/microsoftgraph/msgraph-beta-sdk-java/teams', 'hooks_url': 'https://api.github.com/repos/microsoftgraph/msgraph-beta-sdk-java/hooks', 'issue_events_url': 'https://api.github.com/repos/microsoftgraph/msgraph-beta-sdk-java/issues/events{/number}', 'events_url': 'https://api.github.com/repos/microsoftgraph/msgraph-beta-sdk-java/events', 'assignees_url': 'https://api.github.com/repos/microsoftgraph/msgraph-beta-sdk-java/assignees{/user}', 'branches_url': 'https://api.github.com/repos/microsoftgraph/msgraph-beta-sdk-java/branches{/branch}', 'tags_url': 'https://api.github.com/repos/microsoftgraph/msgraph-beta-sdk-java/tags', 'blobs_url': 'https://api.github.com/repos/microsoftgraph/msgraph-beta-sdk-java/git/blobs{/sha}', 'git_tags_url': 'https://api.github.com/repos/microsoftgraph/msgraph-beta-sdk-java/git/tags{/sha}', 'git_refs_url': 'https://api.github.com/repos/microsoftgraph/msgraph-beta-sdk-java/git/refs{/sha}', 'trees_url': 'https://api.github.com/repos/microsoftgraph/msgraph-beta-sdk-java/git/trees{/sha}', 'statuses_url': 'https://api.github.com/repos/microsoftgraph/msgraph-beta-sdk-java/statuses/{sha}', 'languages_url': 'https://api.github.com/repos/microsoftgraph/msgraph-beta-sdk-java/languages', 'stargazers_url': 'https://api.github.com/repos/microsoftgraph/msgraph-beta-sdk-java/stargazers', 'contributors_url': 'https://api.github.com/repos/microsoftgraph/msgraph-beta-sdk-java/contributors', 'subscribers_url': 'https://api.github.com/repos/microsoftgraph/msgraph-beta-sdk-java/subscribers', 'subscription_url': 'https://api.github.com/repos/microsoftgraph/msgraph-beta-sdk-java/subscription', 'commits_url': 'https://api.github.com/repos/microsoftgraph/msgraph-beta-sdk-java/commits{/sha}', 'git_commits_url': 'https://api.github.com/repos/microsoftgraph/msgraph-beta-sdk-java/git/commits{/sha}', 'comments_url': 'https://api.github.com/repos/microsoftgraph/msgraph-beta-sdk-java/comments{/number}', 'issue_comment_url': 'https://api.github.com/repos/microsoftgraph/msgraph-beta-sdk-java/issues/comments{/number}', 'contents_url': 'https://api.github.com/repos/microsoftgraph/msgraph-beta-sdk-java/contents/{+path}', 'compare_url': 'https://api.github.com/repos/microsoftgraph/msgraph-beta-sdk-java/compare/{base}...{head}', 'merges_url': 'https://api.github.com/repos/microsoftgraph/msgraph-beta-sdk-java/merges', 'archive_url': 'https://api.github.com/repos/microsoftgraph/msgraph-beta-sdk-java/{archive_format}{/ref}', 'downloads_url': 'https://api.github.com/repos/microsoftgraph/msgraph-beta-sdk-java/downloads', 'issues_url': 'https://api.github.com/repos/microsoftgraph/msgraph-beta-sdk-java/issues{/number}', 'pulls_url': 'https://api.github.com/repos/microsoftgraph/msgraph-beta-sdk-java/pulls{/number}', 'milestones_url': 'https://api.github.com/repos/microsoftgraph/msgraph-beta-sdk-java/milestones{/number}', 'notifications_url': 'https://api.github.com/repos/microsoftgraph/msgraph-beta-sdk-java/notifications{?since,all,participating}', 'labels_url': 'https://api.github.com/repos/microsoftgraph/msgraph-beta-sdk-java/labels{/name}', 'releases_url': 'https://api.github.com/repos/microsoftgraph/msgraph-beta-sdk-java/releases{/id}', 'deployments_url': 'https://api.github.com/repos/microsoftgraph/msgraph-beta-sdk-java/deployments', 'created_at': '2019-08-26T21:59:24Z', 'updated_at': '2022-02-23T21:45:26Z', 'pushed_at': '2022-03-01T10:14:44Z', 'git_url': 'git://github.com/microsoftgraph/msgraph-beta-sdk-java.git', 'ssh_url': 'git@github.com:microsoftgraph/msgraph-beta-sdk-java.git', 'clone_url': 'https://github.com/microsoftgraph/msgraph-beta-sdk-java.git', 'svn_url': 'https://github.com/microsoftgraph/msgraph-beta-sdk-java', 'homepage': 'https://docs.microsoft.com/en-us/graph/sdks/use-beta?tabs=Java', 'size': 50381, 'stargazers_count': 8, 'watchers_count': 8, 'language': 'Java', 'has_issues': True, 'has_projects': True, 'has_downloads': True, 'has_wiki': False, 'has_pages': False, 'forks_count': 5, 'mirror_url': None, 'archived': False, 'disabled': False, 'open_issues_count': 6, 'license': {'key': 'mit', 'name': 'MIT License', 'spdx_id': 'MIT', 'url': 'https://api.github.com/licenses/mit', 'node_id': 'MDc6TGljZW5zZTEz'}, 'allow_forking': True, 'is_template': False, 'topics': ['java', 'microsoft-graph', 'sdk'], 'visibility': 'public', 'forks': 5, 'open_issues': 6, 'watchers': 8, 'default_branch': 'dev'}}, 'base': {'label': 'microsoftgraph:dev', 'ref': 'dev', 'sha': 'b42ce0b56e9099037ccafdd1e726e07e5cff05b2', 'user': {'login': 'microsoftgraph', 'id': 17304259, 'node_id': 'MDEyOk9yZ2FuaXphdGlvbjE3MzA0MjU5', 'avatar_url': 'https://avatars.githubusercontent.com/u/17304259?v=4', 'gravatar_id': '', 'url': 'https://api.github.com/users/microsoftgraph', 'html_url': 'https://github.com/microsoftgraph', 'followers_url': 'https://api.github.com/users/microsoftgraph/followers', 'following_url': 'https://api.github.com/users/microsoftgraph/following{/other_user}', 'gists_url': 'https://api.github.com/users/microsoftgraph/gists{/gist_id}', 'starred_url': 'https://api.github.com/users/microsoftgraph/starred{/owner}{/repo}', 'subscriptions_url': 'https://api.github.com/users/microsoftgraph/subscriptions', 'organizations_url': 'https://api.github.com/users/microsoftgraph/orgs', 'repos_url': 'https://api.github.com/users/microsoftgraph/repos', 'events_url': 'https://api.github.com/users/microsoftgraph/events{/privacy}', 'received_events_url': 'https://api.github.com/users/microsoftgraph/received_events', 'type': 'Organization', 'site_admin': False}, 'repo': {'id': 204568878, 'node_id': 'MDEwOlJlcG9zaXRvcnkyMDQ1Njg4Nzg=', 'name': 'msgraph-beta-sdk-java', 'full_name': 'microsoftgraph/msgraph-beta-sdk-java', 'private': False, 'owner': {'login': 'microsoftgraph', 'id': 17304259, 'node_id': 'MDEyOk9yZ2FuaXphdGlvbjE3MzA0MjU5', 'avatar_url': 'https://avatars.githubusercontent.com/u/17304259?v=4', 'gravatar_id': '', 'url': 'https://api.github.com/users/microsoftgraph', 'html_url': 'https://github.com/microsoftgraph', 'followers_url': 'https://api.github.com/users/microsoftgraph/followers', 'following_url': 'https://api.github.com/users/microsoftgraph/following{/other_user}', 'gists_url': 'https://api.github.com/users/microsoftgraph/gists{/gist_id}', 'starred_url': 'https://api.github.com/users/microsoftgraph/starred{/owner}{/repo}', 'subscriptions_url': 'https://api.github.com/users/microsoftgraph/subscriptions', 'organizations_url': 'https://api.github.com/users/microsoftgraph/orgs', 'repos_url': 'https://api.github.com/users/microsoftgraph/repos', 'events_url': 'https://api.github.com/users/microsoftgraph/events{/privacy}', 'received_events_url': 'https://api.github.com/users/microsoftgraph/received_events', 'type': 'Organization', 'site_admin': False}, 'html_url': 'https://github.com/microsoftgraph/msgraph-beta-sdk-java', 'description': 'Microsoft Graph Beta Java SDK', 'fork': False, 'url': 'https://api.github.com/repos/microsoftgraph/msgraph-beta-sdk-java', 'forks_url': 'https://api.github.com/repos/microsoftgraph/msgraph-beta-sdk-java/forks', 'keys_url': 'https://api.github.com/repos/microsoftgraph/msgraph-beta-sdk-java/keys{/key_id}', 'collaborators_url': 'https://api.github.com/repos/microsoftgraph/msgraph-beta-sdk-java/collaborators{/collaborator}', 'teams_url': 'https://api.github.com/repos/microsoftgraph/msgraph-beta-sdk-java/teams', 'hooks_url': 'https://api.github.com/repos/microsoftgraph/msgraph-beta-sdk-java/hooks', 'issue_events_url': 'https://api.github.com/repos/microsoftgraph/msgraph-beta-sdk-java/issues/events{/number}', 'events_url': 'https://api.github.com/repos/microsoftgraph/msgraph-beta-sdk-java/events', 'assignees_url': 'https://api.github.com/repos/microsoftgraph/msgraph-beta-sdk-java/assignees{/user}', 'branches_url': 'https://api.github.com/repos/microsoftgraph/msgraph-beta-sdk-java/branches{/branch}', 'tags_url': 'https://api.github.com/repos/microsoftgraph/msgraph-beta-sdk-java/tags', 'blobs_url': 'https://api.github.com/repos/microsoftgraph/msgraph-beta-sdk-java/git/blobs{/sha}', 'git_tags_url': 'https://api.github.com/repos/microsoftgraph/msgraph-beta-sdk-java/git/tags{/sha}', 'git_refs_url': 'https://api.github.com/repos/microsoftgraph/msgraph-beta-sdk-java/git/refs{/sha}', 'trees_url': 'https://api.github.com/repos/microsoftgraph/msgraph-beta-sdk-java/git/trees{/sha}', 'statuses_url': 'https://api.github.com/repos/microsoftgraph/msgraph-beta-sdk-java/statuses/{sha}', 'languages_url': 'https://api.github.com/repos/microsoftgraph/msgraph-beta-sdk-java/languages', 'stargazers_url': 'https://api.github.com/repos/microsoftgraph/msgraph-beta-sdk-java/stargazers', 'contributors_url': 'https://api.github.com/repos/microsoftgraph/msgraph-beta-sdk-java/contributors', 'subscribers_url': 'https://api.github.com/repos/microsoftgraph/msgraph-beta-sdk-java/subscribers', 'subscription_url': 'https://api.github.com/repos/microsoftgraph/msgraph-beta-sdk-java/subscription', 'commits_url': 'https://api.github.com/repos/microsoftgraph/msgraph-beta-sdk-java/commits{/sha}', 'git_commits_url': 'https://api.github.com/repos/microsoftgraph/msgraph-beta-sdk-java/git/commits{/sha}', 'comments_url': 'https://api.github.com/repos/microsoftgraph/msgraph-beta-sdk-java/comments{/number}', 'issue_comment_url': 'https://api.github.com/repos/microsoftgraph/msgraph-beta-sdk-java/issues/comments{/number}', 'contents_url': 'https://api.github.com/repos/microsoftgraph/msgraph-beta-sdk-java/contents/{+path}', 'compare_url': 'https://api.github.com/repos/microsoftgraph/msgraph-beta-sdk-java/compare/{base}...{head}', 'merges_url': 'https://api.github.com/repos/microsoftgraph/msgraph-beta-sdk-java/merges', 'archive_url': 'https://api.github.com/repos/microsoftgraph/msgraph-beta-sdk-java/{archive_format}{/ref}', 'downloads_url': 'https://api.github.com/repos/microsoftgraph/msgraph-beta-sdk-java/downloads', 'issues_url': 'https://api.github.com/repos/microsoftgraph/msgraph-beta-sdk-java/issues{/number}', 'pulls_url': 'https://api.github.com/repos/microsoftgraph/msgraph-beta-sdk-java/pulls{/number}', 'milestones_url': 'https://api.github.com/repos/microsoftgraph/msgraph-beta-sdk-java/milestones{/number}', 'notifications_url': 'https://api.github.com/repos/microsoftgraph/msgraph-beta-sdk-java/notifications{?since,all,participating}', 'labels_url': 'https://api.github.com/repos/microsoftgraph/msgraph-beta-sdk-java/labels{/name}', 'releases_url': 'https://api.github.com/repos/microsoftgraph/msgraph-beta-sdk-java/releases{/id}', 'deployments_url': 'https://api.github.com/repos/microsoftgraph/msgraph-beta-sdk-java/deployments', 'created_at': '2019-08-26T21:59:24Z', 'updated_at': '2022-02-23T21:45:26Z', 'pushed_at': '2022-03-01T10:14:44Z', 'git_url': 'git://github.com/microsoftgraph/msgraph-beta-sdk-java.git', 'ssh_url': 'git@github.com:microsoftgraph/msgraph-beta-sdk-java.git', 'clone_url': 'https://github.com/microsoftgraph/msgraph-beta-sdk-java.git', 'svn_url': 'https://github.com/microsoftgraph/msgraph-beta-sdk-java', 'homepage': 'https://docs.microsoft.com/en-us/graph/sdks/use-beta?tabs=Java', 'size': 50381, 'stargazers_count': 8, 'watchers_count': 8, 'language': 'Java', 'has_issues': True, 'has_projects': True, 'has_downloads': True, 'has_wiki': False, 'has_pages': False, 'forks_count': 5, 'mirror_url': None, 'archived': False, 'disabled': False, 'open_issues_count': 6, 'license': {'key': 'mit', 'name': 'MIT License', 'spdx_id': 'MIT', 'url': 'https://api.github.com/licenses/mit', 'node_id': 'MDc6TGljZW5zZTEz'}, 'allow_forking': True, 'is_template': False, 'topics': ['java', 'microsoft-graph', 'sdk'], 'visibility': 'public', 'forks': 5, 'open_issues': 6, 'watchers': 8, 'default_branch': 'dev'}}, '_links': {'self': {'href': 'https://api.github.com/repos/microsoftgraph/msgraph-beta-sdk-java/pulls/261'}, 'html': {'href': 'https://github.com/microsoftgraph/msgraph-beta-sdk-java/pull/261'}, 'issue': {'href': 'https://api.github.com/repos/microsoftgraph/msgraph-beta-sdk-java/issues/261'}, 'comments': {'href': 'https://api.github.com/repos/microsoftgraph/msgraph-beta-sdk-java/issues/261/comments'}, 'review_comments': {'href': 'https://api.github.com/repos/microsoftgraph/msgraph-beta-sdk-java/pulls/261/comments'}, 'review_comment': {'href': 'https://api.github.com/repos/microsoftgraph/msgraph-beta-sdk-java/pulls/comments{/number}'}, 'commits': {'href': 'https://api.github.com/repos/microsoftgraph/msgraph-beta-sdk-java/pulls/261/commits'}, 'statuses': {'href': 'https://api.github.com/repos/microsoftgraph/msgraph-beta-sdk-java/statuses/748bf8c0fb579bd3c6e453641e28cd503ae39fc3'}}, 'author_association': 'CONTRIBUTOR', 'auto_merge': None, 'active_lock_reason': None, 'merged': False, 'mergeable': None, 'rebaseable': None, 'mergeable_state': 'unknown', 'merged_by': None, 'comments': 0, 'review_comments': 0, 'maintainer_can_modify': False, 'commits': 1, 'additions': 20628, 'deletions': 3098, 'changed_files': 700}}",opened,Java
20514378759,PullRequestEvent,microsoftgraph/msgraph-sdk-java,0.0,2022-03-01T10:12:12Z,"{'action': 'opened', 'number': 1020, 'pull_request': {'url': 'https://api.github.com/repos/microsoftgraph/msgraph-sdk-java/pulls/1020', 'id': 867694433, 'node_id': 'PR_kwDOBig9Oc4zt_dh', 'html_url': 'https://github.com/microsoftgraph/msgraph-sdk-java/pull/1020', 'diff_url': 'https://github.com/microsoftgraph/msgraph-sdk-java/pull/1020.diff', 'patch_url': 'https://github.com/microsoftgraph/msgraph-sdk-java/pull/1020.patch', 'issue_url': 'https://api.github.com/repos/microsoftgraph/msgraph-sdk-java/issues/1020', 'number': 1020, 'state': 'open', 'locked': False, 'title': 'Generated v1.0 models and request builders using Typewriter', 'user': {'login': 'ramsessanchez', 'id': 63934382, 'node_id': 'MDQ6VXNlcjYzOTM0Mzgy', 'avatar_url': 'https://avatars.githubusercontent.com/u/63934382?v=4', 'gravatar_id': '', 'url': 'https://api.github.com/users/ramsessanchez', 'html_url': 'https://github.com/ramsessanchez', 'followers_url': 'https://api.github.com/users/ramsessanchez/followers', 'following_url': 'https://api.github.com/users/ramsessanchez/following{/other_user}', 'gists_url': 'https://api.github.com/users/ramsessanchez/gists{/gist_id}', 'starred_url': 'https://api.github.com/users/ramsessanchez/starred{/owner}{/repo}', 'subscriptions_url': 'https://api.github.com/users/ramsessanchez/subscriptions', 'organizations_url': 'https://api.github.com/users/ramsessanchez/orgs', 'repos_url': 'https://api.github.com/users/ramsessanchez/repos', 'events_url': 'https://api.github.com/users/ramsessanchez/events{/privacy}', 'received_events_url': 'https://api.github.com/users/ramsessanchez/received_events', 'type': 'User', 'site_admin': False}, 'body': 'This pull request was automatically created by the GitHub Action, **create pull request**. \n\n The commit hash is _8c07c5d6c2f2e7d6123f374052812a10e3bcb3e4_. \n\n **Important** Check for unexpected deletions or changes in this PR.', 'created_at': '2022-03-01T10:12:12Z', 'updated_at': '2022-03-01T10:12:12Z', 'closed_at': None, 'merged_at': None, 'merge_commit_sha': None, 'assignee': None, 'assignees': [], 'requested_reviewers': [], 'requested_teams': [], 'labels': [], 'milestone': None, 'draft': False, 'commits_url': 'https://api.github.com/repos/microsoftgraph/msgraph-sdk-java/pulls/1020/commits', 'review_comments_url': 'https://api.github.com/repos/microsoftgraph/msgraph-sdk-java/pulls/1020/comments', 'review_comment_url': 'https://api.github.com/repos/microsoftgraph/msgraph-sdk-java/pulls/comments{/number}', 'comments_url': 'https://api.github.com/repos/microsoftgraph/msgraph-sdk-java/issues/1020/comments', 'statuses_url': 'https://api.github.com/repos/microsoftgraph/msgraph-sdk-java/statuses/8c07c5d6c2f2e7d6123f374052812a10e3bcb3e4', 'head': {'label': 'microsoftgraph:v1.0/pipelinebuild/68751', 'ref': 'v1.0/pipelinebuild/68751', 'sha': '8c07c5d6c2f2e7d6123f374052812a10e3bcb3e4', 'user': {'login': 'microsoftgraph', 'id': 17304259, 'node_id': 'MDEyOk9yZ2FuaXphdGlvbjE3MzA0MjU5', 'avatar_url': 'https://avatars.githubusercontent.com/u/17304259?v=4', 'gravatar_id': '', 'url': 'https://api.github.com/users/microsoftgraph', 'html_url': 'https://github.com/microsoftgraph', 'followers_url': 'https://api.github.com/users/microsoftgraph/followers', 'following_url': 'https://api.github.com/users/microsoftgraph/following{/other_user}', 'gists_url': 'https://api.github.com/users/microsoftgraph/gists{/gist_id}', 'starred_url': 'https://api.github.com/users/microsoftgraph/starred{/owner}{/repo}', 'subscriptions_url': 'https://api.github.com/users/microsoftgraph/subscriptions', 'organizations_url': 'https://api.github.com/users/microsoftgraph/orgs', 'repos_url': 'https://api.github.com/users/microsoftgraph/repos', 'events_url': 'https://api.github.com/users/microsoftgraph/events{/privacy}', 'received_events_url': 'https://api.github.com/users/microsoftgraph/received_events', 'type': 'Organization', 'site_admin': False}, 'repo': {'id': 103300409, 'node_id': 'MDEwOlJlcG9zaXRvcnkxMDMzMDA0MDk=', 'name': 'msgraph-sdk-java', 'full_name': 'microsoftgraph/msgraph-sdk-java', 'private': False, 'owner': {'login': 'microsoftgraph', 'id': 17304259, 'node_id': 'MDEyOk9yZ2FuaXphdGlvbjE3MzA0MjU5', 'avatar_url': 'https://avatars.githubusercontent.com/u/17304259?v=4', 'gravatar_id': '', 'url': 'https://api.github.com/users/microsoftgraph', 'html_url': 'https://github.com/microsoftgraph', 'followers_url': 'https://api.github.com/users/microsoftgraph/followers', 'following_url': 'https://api.github.com/users/microsoftgraph/following{/other_user}', 'gists_url': 'https://api.github.com/users/microsoftgraph/gists{/gist_id}', 'starred_url': 'https://api.github.com/users/microsoftgraph/starred{/owner}{/repo}', 'subscriptions_url': 'https://api.github.com/users/microsoftgraph/subscriptions', 'organizations_url': 'https://api.github.com/users/microsoftgraph/orgs', 'repos_url': 'https://api.github.com/users/microsoftgraph/repos', 'events_url': 'https://api.github.com/users/microsoftgraph/events{/privacy}', 'received_events_url': 'https://api.github.com/users/microsoftgraph/received_events', 'type': 'Organization', 'site_admin': False}, 'html_url': 'https://github.com/microsoftgraph/msgraph-sdk-java', 'description': 'Microsoft Graph SDK for Java', 'fork': False, 'url': 'https://api.github.com/repos/microsoftgraph/msgraph-sdk-java', 'forks_url': 'https://api.github.com/repos/microsoftgraph/msgraph-sdk-java/forks', 'keys_url': 'https://api.github.com/repos/microsoftgraph/msgraph-sdk-java/keys{/key_id}', 'collaborators_url': 'https://api.github.com/repos/microsoftgraph/msgraph-sdk-java/collaborators{/collaborator}', 'teams_url': 'https://api.github.com/repos/microsoftgraph/msgraph-sdk-java/teams', 'hooks_url': 'https://api.github.com/repos/microsoftgraph/msgraph-sdk-java/hooks', 'issue_events_url': 'https://api.github.com/repos/microsoftgraph/msgraph-sdk-java/issues/events{/number}', 'events_url': 'https://api.github.com/repos/microsoftgraph/msgraph-sdk-java/events', 'assignees_url': 'https://api.github.com/repos/microsoftgraph/msgraph-sdk-java/assignees{/user}', 'branches_url': 'https://api.github.com/repos/microsoftgraph/msgraph-sdk-java/branches{/branch}', 'tags_url': 'https://api.github.com/repos/microsoftgraph/msgraph-sdk-java/tags', 'blobs_url': 'https://api.github.com/repos/microsoftgraph/msgraph-sdk-java/git/blobs{/sha}', 'git_tags_url': 'https://api.github.com/repos/microsoftgraph/msgraph-sdk-java/git/tags{/sha}', 'git_refs_url': 'https://api.github.com/repos/microsoftgraph/msgraph-sdk-java/git/refs{/sha}', 'trees_url': 'https://api.github.com/repos/microsoftgraph/msgraph-sdk-java/git/trees{/sha}', 'statuses_url': 'https://api.github.com/repos/microsoftgraph/msgraph-sdk-java/statuses/{sha}', 'languages_url': 'https://api.github.com/repos/microsoftgraph/msgraph-sdk-java/languages', 'stargazers_url': 'https://api.github.com/repos/microsoftgraph/msgraph-sdk-java/stargazers', 'contributors_url': 'https://api.github.com/repos/microsoftgraph/msgraph-sdk-java/contributors', 'subscribers_url': 'https://api.github.com/repos/microsoftgraph/msgraph-sdk-java/subscribers', 'subscription_url': 'https://api.github.com/repos/microsoftgraph/msgraph-sdk-java/subscription', 'commits_url': 'https://api.github.com/repos/microsoftgraph/msgraph-sdk-java/commits{/sha}', 'git_commits_url': 'https://api.github.com/repos/microsoftgraph/msgraph-sdk-java/git/commits{/sha}', 'comments_url': 'https://api.github.com/repos/microsoftgraph/msgraph-sdk-java/comments{/number}', 'issue_comment_url': 'https://api.github.com/repos/microsoftgraph/msgraph-sdk-java/issues/comments{/number}', 'contents_url': 'https://api.github.com/repos/microsoftgraph/msgraph-sdk-java/contents/{+path}', 'compare_url': 'https://api.github.com/repos/microsoftgraph/msgraph-sdk-java/compare/{base}...{head}', 'merges_url': 'https://api.github.com/repos/microsoftgraph/msgraph-sdk-java/merges', 'archive_url': 'https://api.github.com/repos/microsoftgraph/msgraph-sdk-java/{archive_format}{/ref}', 'downloads_url': 'https://api.github.com/repos/microsoftgraph/msgraph-sdk-java/downloads', 'issues_url': 'https://api.github.com/repos/microsoftgraph/msgraph-sdk-java/issues{/number}', 'pulls_url': 'https://api.github.com/repos/microsoftgraph/msgraph-sdk-java/pulls{/number}', 'milestones_url': 'https://api.github.com/repos/microsoftgraph/msgraph-sdk-java/milestones{/number}', 'notifications_url': 'https://api.github.com/repos/microsoftgraph/msgraph-sdk-java/notifications{?since,all,participating}', 'labels_url': 'https://api.github.com/repos/microsoftgraph/msgraph-sdk-java/labels{/name}', 'releases_url': 'https://api.github.com/repos/microsoftgraph/msgraph-sdk-java/releases{/id}', 'deployments_url': 'https://api.github.com/repos/microsoftgraph/msgraph-sdk-java/deployments', 'created_at': '2017-09-12T17:20:15Z', 'updated_at': '2022-02-28T18:16:06Z', 'pushed_at': '2022-03-01T10:12:12Z', 'git_url': 'git://github.com/microsoftgraph/msgraph-sdk-java.git', 'ssh_url': 'git@github.com:microsoftgraph/msgraph-sdk-java.git', 'clone_url': 'https://github.com/microsoftgraph/msgraph-sdk-java.git', 'svn_url': 'https://github.com/microsoftgraph/msgraph-sdk-java', 'homepage': 'https://docs.microsoft.com/en-us/graph/sdks/sdks-overview', 'size': 58496, 'stargazers_count': 239, 'watchers_count': 239, 'language': 'Java', 'has_issues': True, 'has_projects': True, 'has_downloads': True, 'has_wiki': False, 'has_pages': False, 'forks_count': 100, 'mirror_url': None, 'archived': False, 'disabled': False, 'open_issues_count': 6, 'license': {'key': 'mit', 'name': 'MIT License', 'spdx_id': 'MIT', 'url': 'https://api.github.com/licenses/mit', 'node_id': 'MDc6TGljZW5zZTEz'}, 'allow_forking': True, 'is_template': False, 'topics': ['java', 'microsoft-graph', 'microsoft-graph-sdk', 'sdk'], 'visibility': 'public', 'forks': 100, 'open_issues': 6, 'watchers': 239, 'default_branch': 'dev'}}, 'base': {'label': 'microsoftgraph:dev', 'ref': 'dev', 'sha': 'f2c4507e7df07ee64831141c5101671fb9195d43', 'user': {'login': 'microsoftgraph', 'id': 17304259, 'node_id': 'MDEyOk9yZ2FuaXphdGlvbjE3MzA0MjU5', 'avatar_url': 'https://avatars.githubusercontent.com/u/17304259?v=4', 'gravatar_id': '', 'url': 'https://api.github.com/users/microsoftgraph', 'html_url': 'https://github.com/microsoftgraph', 'followers_url': 'https://api.github.com/users/microsoftgraph/followers', 'following_url': 'https://api.github.com/users/microsoftgraph/following{/other_user}', 'gists_url': 'https://api.github.com/users/microsoftgraph/gists{/gist_id}', 'starred_url': 'https://api.github.com/users/microsoftgraph/starred{/owner}{/repo}', 'subscriptions_url': 'https://api.github.com/users/microsoftgraph/subscriptions', 'organizations_url': 'https://api.github.com/users/microsoftgraph/orgs', 'repos_url': 'https://api.github.com/users/microsoftgraph/repos', 'events_url': 'https://api.github.com/users/microsoftgraph/events{/privacy}', 'received_events_url': 'https://api.github.com/users/microsoftgraph/received_events', 'type': 'Organization', 'site_admin': False}, 'repo': {'id': 103300409, 'node_id': 'MDEwOlJlcG9zaXRvcnkxMDMzMDA0MDk=', 'name': 'msgraph-sdk-java', 'full_name': 'microsoftgraph/msgraph-sdk-java', 'private': False, 'owner': {'login': 'microsoftgraph', 'id': 17304259, 'node_id': 'MDEyOk9yZ2FuaXphdGlvbjE3MzA0MjU5', 'avatar_url': 'https://avatars.githubusercontent.com/u/17304259?v=4', 'gravatar_id': '', 'url': 'https://api.github.com/users/microsoftgraph', 'html_url': 'https://github.com/microsoftgraph', 'followers_url': 'https://api.github.com/users/microsoftgraph/followers', 'following_url': 'https://api.github.com/users/microsoftgraph/following{/other_user}', 'gists_url': 'https://api.github.com/users/microsoftgraph/gists{/gist_id}', 'starred_url': 'https://api.github.com/users/microsoftgraph/starred{/owner}{/repo}', 'subscriptions_url': 'https://api.github.com/users/microsoftgraph/subscriptions', 'organizations_url': 'https://api.github.com/users/microsoftgraph/orgs', 'repos_url': 'https://api.github.com/users/microsoftgraph/repos', 'events_url': 'https://api.github.com/users/microsoftgraph/events{/privacy}', 'received_events_url': 'https://api.github.com/users/microsoftgraph/received_events', 'type': 'Organization', 'site_admin': False}, 'html_url': 'https://github.com/microsoftgraph/msgraph-sdk-java', 'description': 'Microsoft Graph SDK for Java', 'fork': False, 'url': 'https://api.github.com/repos/microsoftgraph/msgraph-sdk-java', 'forks_url': 'https://api.github.com/repos/microsoftgraph/msgraph-sdk-java/forks', 'keys_url': 'https://api.github.com/repos/microsoftgraph/msgraph-sdk-java/keys{/key_id}', 'collaborators_url': 'https://api.github.com/repos/microsoftgraph/msgraph-sdk-java/collaborators{/collaborator}', 'teams_url': 'https://api.github.com/repos/microsoftgraph/msgraph-sdk-java/teams', 'hooks_url': 'https://api.github.com/repos/microsoftgraph/msgraph-sdk-java/hooks', 'issue_events_url': 'https://api.github.com/repos/microsoftgraph/msgraph-sdk-java/issues/events{/number}', 'events_url': 'https://api.github.com/repos/microsoftgraph/msgraph-sdk-java/events', 'assignees_url': 'https://api.github.com/repos/microsoftgraph/msgraph-sdk-java/assignees{/user}', 'branches_url': 'https://api.github.com/repos/microsoftgraph/msgraph-sdk-java/branches{/branch}', 'tags_url': 'https://api.github.com/repos/microsoftgraph/msgraph-sdk-java/tags', 'blobs_url': 'https://api.github.com/repos/microsoftgraph/msgraph-sdk-java/git/blobs{/sha}', 'git_tags_url': 'https://api.github.com/repos/microsoftgraph/msgraph-sdk-java/git/tags{/sha}', 'git_refs_url': 'https://api.github.com/repos/microsoftgraph/msgraph-sdk-java/git/refs{/sha}', 'trees_url': 'https://api.github.com/repos/microsoftgraph/msgraph-sdk-java/git/trees{/sha}', 'statuses_url': 'https://api.github.com/repos/microsoftgraph/msgraph-sdk-java/statuses/{sha}', 'languages_url': 'https://api.github.com/repos/microsoftgraph/msgraph-sdk-java/languages', 'stargazers_url': 'https://api.github.com/repos/microsoftgraph/msgraph-sdk-java/stargazers', 'contributors_url': 'https://api.github.com/repos/microsoftgraph/msgraph-sdk-java/contributors', 'subscribers_url': 'https://api.github.com/repos/microsoftgraph/msgraph-sdk-java/subscribers', 'subscription_url': 'https://api.github.com/repos/microsoftgraph/msgraph-sdk-java/subscription', 'commits_url': 'https://api.github.com/repos/microsoftgraph/msgraph-sdk-java/commits{/sha}', 'git_commits_url': 'https://api.github.com/repos/microsoftgraph/msgraph-sdk-java/git/commits{/sha}', 'comments_url': 'https://api.github.com/repos/microsoftgraph/msgraph-sdk-java/comments{/number}', 'issue_comment_url': 'https://api.github.com/repos/microsoftgraph/msgraph-sdk-java/issues/comments{/number}', 'contents_url': 'https://api.github.com/repos/microsoftgraph/msgraph-sdk-java/contents/{+path}', 'compare_url': 'https://api.github.com/repos/microsoftgraph/msgraph-sdk-java/compare/{base}...{head}', 'merges_url': 'https://api.github.com/repos/microsoftgraph/msgraph-sdk-java/merges', 'archive_url': 'https://api.github.com/repos/microsoftgraph/msgraph-sdk-java/{archive_format}{/ref}', 'downloads_url': 'https://api.github.com/repos/microsoftgraph/msgraph-sdk-java/downloads', 'issues_url': 'https://api.github.com/repos/microsoftgraph/msgraph-sdk-java/issues{/number}', 'pulls_url': 'https://api.github.com/repos/microsoftgraph/msgraph-sdk-java/pulls{/number}', 'milestones_url': 'https://api.github.com/repos/microsoftgraph/msgraph-sdk-java/milestones{/number}', 'notifications_url': 'https://api.github.com/repos/microsoftgraph/msgraph-sdk-java/notifications{?since,all,participating}', 'labels_url': 'https://api.github.com/repos/microsoftgraph/msgraph-sdk-java/labels{/name}', 'releases_url': 'https://api.github.com/repos/microsoftgraph/msgraph-sdk-java/releases{/id}', 'deployments_url': 'https://api.github.com/repos/microsoftgraph/msgraph-sdk-java/deployments', 'created_at': '2017-09-12T17:20:15Z', 'updated_at': '2022-02-28T18:16:06Z', 'pushed_at': '2022-03-01T10:12:12Z', 'git_url': 'git://github.com/microsoftgraph/msgraph-sdk-java.git', 'ssh_url': 'git@github.com:microsoftgraph/msgraph-sdk-java.git', 'clone_url': 'https://github.com/microsoftgraph/msgraph-sdk-java.git', 'svn_url': 'https://github.com/microsoftgraph/msgraph-sdk-java', 'homepage': 'https://docs.microsoft.com/en-us/graph/sdks/sdks-overview', 'size': 58496, 'stargazers_count': 239, 'watchers_count': 239, 'language': 'Java', 'has_issues': True, 'has_projects': True, 'has_downloads': True, 'has_wiki': False, 'has_pages': False, 'forks_count': 100, 'mirror_url': None, 'archived': False, 'disabled': False, 'open_issues_count': 6, 'license': {'key': 'mit', 'name': 'MIT License', 'spdx_id': 'MIT', 'url': 'https://api.github.com/licenses/mit', 'node_id': 'MDc6TGljZW5zZTEz'}, 'allow_forking': True, 'is_template': False, 'topics': ['java', 'microsoft-graph', 'microsoft-graph-sdk', 'sdk'], 'visibility': 'public', 'forks': 100, 'open_issues': 6, 'watchers': 239, 'default_branch': 'dev'}}, '_links': {'self': {'href': 'https://api.github.com/repos/microsoftgraph/msgraph-sdk-java/pulls/1020'}, 'html': {'href': 'https://github.com/microsoftgraph/msgraph-sdk-java/pull/1020'}, 'issue': {'href': 'https://api.github.com/repos/microsoftgraph/msgraph-sdk-java/issues/1020'}, 'comments': {'href': 'https://api.github.com/repos/microsoftgraph/msgraph-sdk-java/issues/1020/comments'}, 'review_comments': {'href': 'https://api.github.com/repos/microsoftgraph/msgraph-sdk-java/pulls/1020/comments'}, 'review_comment': {'href': 'https://api.github.com/repos/microsoftgraph/msgraph-sdk-java/pulls/comments{/number}'}, 'commits': {'href': 'https://api.github.com/repos/microsoftgraph/msgraph-sdk-java/pulls/1020/commits'}, 'statuses': {'href': 'https://api.github.com/repos/microsoftgraph/msgraph-sdk-java/statuses/8c07c5d6c2f2e7d6123f374052812a10e3bcb3e4'}}, 'author_association': 'CONTRIBUTOR', 'auto_merge': None, 'active_lock_reason': None, 'merged': False, 'mergeable': None, 'rebaseable': None, 'mergeable_state': 'unknown', 'merged_by': None, 'comments': 0, 'review_comments': 0, 'maintainer_can_modify': False, 'commits': 1, 'additions': 14, 'deletions': 11, 'changed_files': 7}}",opened,Java
20444024297,CreateEvent,microsoftgraph/MSGraph-SDK-Code-Generator,0.0,2022-02-25T00:27:50Z,"{'ref': 'rsh/entityNameCollisionFix', 'ref_type': 'branch', 'master_branch': 'dev', 'description': 'MSGraph SDK Code Generator', 'pusher_type': 'user'}",,C#
20442266310,PullRequestEvent,microsoftgraph/msgraph-beta-sdk-java,0.0,2022-02-24T21:49:56Z,"{'action': 'opened', 'number': 258, 'pull_request': {'url': 'https://api.github.com/repos/microsoftgraph/msgraph-beta-sdk-java/pulls/258', 'id': 862869785, 'node_id': 'PR_kwDODDF5Ls4zblkZ', 'html_url': 'https://github.com/microsoftgraph/msgraph-beta-sdk-java/pull/258', 'diff_url': 'https://github.com/microsoftgraph/msgraph-beta-sdk-java/pull/258.diff', 'patch_url': 'https://github.com/microsoftgraph/msgraph-beta-sdk-java/pull/258.patch', 'issue_url': 'https://api.github.com/repos/microsoftgraph/msgraph-beta-sdk-java/issues/258', 'number': 258, 'state': 'open', 'locked': False, 'title': 'Replicate v1 changes to proguard rules', 'user': {'login': 'ramsessanchez', 'id': 63934382, 'node_id': 'MDQ6VXNlcjYzOTM0Mzgy', 'avatar_url': 'https://avatars.githubusercontent.com/u/63934382?v=4', 'gravatar_id': '', 'url': 'https://api.github.com/users/ramsessanchez', 'html_url': 'https://github.com/ramsessanchez', 'followers_url': 'https://api.github.com/users/ramsessanchez/followers', 'following_url': 'https://api.github.com/users/ramsessanchez/following{/other_user}', 'gists_url': 'https://api.github.com/users/ramsessanchez/gists{/gist_id}', 'starred_url': 'https://api.github.com/users/ramsessanchez/starred{/owner}{/repo}', 'subscriptions_url': 'https://api.github.com/users/ramsessanchez/subscriptions', 'organizations_url': 'https://api.github.com/users/ramsessanchez/orgs', 'repos_url': 'https://api.github.com/users/ramsessanchez/repos', 'events_url': 'https://api.github.com/users/ramsessanchez/events{/privacy}', 'received_events_url': 'https://api.github.com/users/ramsessanchez/received_events', 'type': 'User', 'site_admin': False}, 'body': ""<!-- Read me before you submit this pull request\r\n\r\nFirst off, thank you for opening this pull request! We do appreciate it.\r\n\r\nThe requests and models for this client library are generated. We won't be accepting pull requests for those code files. With that said, we do appreciate\r\nit when you open pull requests with the proposed file changes, as we'll use that to help guide us in updating our template files.\r\n\r\n-->\r\n\r\n<!-- Optional. Set the issues that this pull request fixes. Delete 'Fixes #' if there isn't an issue associated with this pull request. -->\r\nFixes #\r\n\r\n<!-- Required. Provide specifics about what the changes are and why you're proposing these changes. -->\r\n### Changes proposed in this pull request\r\n-\r\n\r\n<!-- Optional. Provide related links. This might be other pull requests, code files, StackOverflow posts. Delete this section if it is not used. -->\r\n### Other links\r\n\r\n<!-- Is this PR adding a new hand crafted extension class? If so, please update $filesThatShouldNotBeDeleted variable in .azure-pipelines/generate-beta-models.yml file, so that it doesn't get deleted by auto generation pipeline.-->\r\n-\r\n"", 'created_at': '2022-02-24T21:49:55Z', 'updated_at': '2022-02-24T21:49:55Z', 'closed_at': None, 'merged_at': None, 'merge_commit_sha': None, 'assignee': None, 'assignees': [], 'requested_reviewers': [], 'requested_teams': [], 'labels': [], 'milestone': None, 'draft': False, 'commits_url': 'https://api.github.com/repos/microsoftgraph/msgraph-beta-sdk-java/pulls/258/commits', 'review_comments_url': 'https://api.github.com/repos/microsoftgraph/msgraph-beta-sdk-java/pulls/258/comments', 'review_comment_url': 'https://api.github.com/repos/microsoftgraph/msgraph-beta-sdk-java/pulls/comments{/number}', 'comments_url': 'https://api.github.com/repos/microsoftgraph/msgraph-beta-sdk-java/issues/258/comments', 'statuses_url': 'https://api.github.com/repos/microsoftgraph/msgraph-beta-sdk-java/statuses/cb32b8bd7e354e16470d407914d2a5870a221eed', 'head': {'label': 'microsoftgraph:ramsessanchez-patch-1', 'ref': 'ramsessanchez-patch-1', 'sha': 'cb32b8bd7e354e16470d407914d2a5870a221eed', 'user': {'login': 'microsoftgraph', 'id': 17304259, 'node_id': 'MDEyOk9yZ2FuaXphdGlvbjE3MzA0MjU5', 'avatar_url': 'https://avatars.githubusercontent.com/u/17304259?v=4', 'gravatar_id': '', 'url': 'https://api.github.com/users/microsoftgraph', 'html_url': 'https://github.com/microsoftgraph', 'followers_url': 'https://api.github.com/users/microsoftgraph/followers', 'following_url': 'https://api.github.com/users/microsoftgraph/following{/other_user}', 'gists_url': 'https://api.github.com/users/microsoftgraph/gists{/gist_id}', 'starred_url': 'https://api.github.com/users/microsoftgraph/starred{/owner}{/repo}', 'subscriptions_url': 'https://api.github.com/users/microsoftgraph/subscriptions', 'organizations_url': 'https://api.github.com/users/microsoftgraph/orgs', 'repos_url': 'https://api.github.com/users/microsoftgraph/repos', 'events_url': 'https://api.github.com/users/microsoftgraph/events{/privacy}', 'received_events_url': 'https://api.github.com/users/microsoftgraph/received_events', 'type': 'Organization', 'site_admin': False}, 'repo': {'id': 204568878, 'node_id': 'MDEwOlJlcG9zaXRvcnkyMDQ1Njg4Nzg=', 'name': 'msgraph-beta-sdk-java', 'full_name': 'microsoftgraph/msgraph-beta-sdk-java', 'private': False, 'owner': {'login': 'microsoftgraph', 'id': 17304259, 'node_id': 'MDEyOk9yZ2FuaXphdGlvbjE3MzA0MjU5', 'avatar_url': 'https://avatars.githubusercontent.com/u/17304259?v=4', 'gravatar_id': '', 'url': 'https://api.github.com/users/microsoftgraph', 'html_url': 'https://github.com/microsoftgraph', 'followers_url': 'https://api.github.com/users/microsoftgraph/followers', 'following_url': 'https://api.github.com/users/microsoftgraph/following{/other_user}', 'gists_url': 'https://api.github.com/users/microsoftgraph/gists{/gist_id}', 'starred_url': 'https://api.github.com/users/microsoftgraph/starred{/owner}{/repo}', 'subscriptions_url': 'https://api.github.com/users/microsoftgraph/subscriptions', 'organizations_url': 'https://api.github.com/users/microsoftgraph/orgs', 'repos_url': 'https://api.github.com/users/microsoftgraph/repos', 'events_url': 'https://api.github.com/users/microsoftgraph/events{/privacy}', 'received_events_url': 'https://api.github.com/users/microsoftgraph/received_events', 'type': 'Organization', 'site_admin': False}, 'html_url': 'https://github.com/microsoftgraph/msgraph-beta-sdk-java', 'description': 'Microsoft Graph Beta Java SDK', 'fork': False, 'url': 'https://api.github.com/repos/microsoftgraph/msgraph-beta-sdk-java', 'forks_url': 'https://api.github.com/repos/microsoftgraph/msgraph-beta-sdk-java/forks', 'keys_url': 'https://api.github.com/repos/microsoftgraph/msgraph-beta-sdk-java/keys{/key_id}', 'collaborators_url': 'https://api.github.com/repos/microsoftgraph/msgraph-beta-sdk-java/collaborators{/collaborator}', 'teams_url': 'https://api.github.com/repos/microsoftgraph/msgraph-beta-sdk-java/teams', 'hooks_url': 'https://api.github.com/repos/microsoftgraph/msgraph-beta-sdk-java/hooks', 'issue_events_url': 'https://api.github.com/repos/microsoftgraph/msgraph-beta-sdk-java/issues/events{/number}', 'events_url': 'https://api.github.com/repos/microsoftgraph/msgraph-beta-sdk-java/events', 'assignees_url': 'https://api.github.com/repos/microsoftgraph/msgraph-beta-sdk-java/assignees{/user}', 'branches_url': 'https://api.github.com/repos/microsoftgraph/msgraph-beta-sdk-java/branches{/branch}', 'tags_url': 'https://api.github.com/repos/microsoftgraph/msgraph-beta-sdk-java/tags', 'blobs_url': 'https://api.github.com/repos/microsoftgraph/msgraph-beta-sdk-java/git/blobs{/sha}', 'git_tags_url': 'https://api.github.com/repos/microsoftgraph/msgraph-beta-sdk-java/git/tags{/sha}', 'git_refs_url': 'https://api.github.com/repos/microsoftgraph/msgraph-beta-sdk-java/git/refs{/sha}', 'trees_url': 'https://api.github.com/repos/microsoftgraph/msgraph-beta-sdk-java/git/trees{/sha}', 'statuses_url': 'https://api.github.com/repos/microsoftgraph/msgraph-beta-sdk-java/statuses/{sha}', 'languages_url': 'https://api.github.com/repos/microsoftgraph/msgraph-beta-sdk-java/languages', 'stargazers_url': 'https://api.github.com/repos/microsoftgraph/msgraph-beta-sdk-java/stargazers', 'contributors_url': 'https://api.github.com/repos/microsoftgraph/msgraph-beta-sdk-java/contributors', 'subscribers_url': 'https://api.github.com/repos/microsoftgraph/msgraph-beta-sdk-java/subscribers', 'subscription_url': 'https://api.github.com/repos/microsoftgraph/msgraph-beta-sdk-java/subscription', 'commits_url': 'https://api.github.com/repos/microsoftgraph/msgraph-beta-sdk-java/commits{/sha}', 'git_commits_url': 'https://api.github.com/repos/microsoftgraph/msgraph-beta-sdk-java/git/commits{/sha}', 'comments_url': 'https://api.github.com/repos/microsoftgraph/msgraph-beta-sdk-java/comments{/number}', 'issue_comment_url': 'https://api.github.com/repos/microsoftgraph/msgraph-beta-sdk-java/issues/comments{/number}', 'contents_url': 'https://api.github.com/repos/microsoftgraph/msgraph-beta-sdk-java/contents/{+path}', 'compare_url': 'https://api.github.com/repos/microsoftgraph/msgraph-beta-sdk-java/compare/{base}...{head}', 'merges_url': 'https://api.github.com/repos/microsoftgraph/msgraph-beta-sdk-java/merges', 'archive_url': 'https://api.github.com/repos/microsoftgraph/msgraph-beta-sdk-java/{archive_format}{/ref}', 'downloads_url': 'https://api.github.com/repos/microsoftgraph/msgraph-beta-sdk-java/downloads', 'issues_url': 'https://api.github.com/repos/microsoftgraph/msgraph-beta-sdk-java/issues{/number}', 'pulls_url': 'https://api.github.com/repos/microsoftgraph/msgraph-beta-sdk-java/pulls{/number}', 'milestones_url': 'https://api.github.com/repos/microsoftgraph/msgraph-beta-sdk-java/milestones{/number}', 'notifications_url': 'https://api.github.com/repos/microsoftgraph/msgraph-beta-sdk-java/notifications{?since,all,participating}', 'labels_url': 'https://api.github.com/repos/microsoftgraph/msgraph-beta-sdk-java/labels{/name}', 'releases_url': 'https://api.github.com/repos/microsoftgraph/msgraph-beta-sdk-java/releases{/id}', 'deployments_url': 'https://api.github.com/repos/microsoftgraph/msgraph-beta-sdk-java/deployments', 'created_at': '2019-08-26T21:59:24Z', 'updated_at': '2022-02-23T21:45:26Z', 'pushed_at': '2022-02-24T21:49:50Z', 'git_url': 'git://github.com/microsoftgraph/msgraph-beta-sdk-java.git', 'ssh_url': 'git@github.com:microsoftgraph/msgraph-beta-sdk-java.git', 'clone_url': 'https://github.com/microsoftgraph/msgraph-beta-sdk-java.git', 'svn_url': 'https://github.com/microsoftgraph/msgraph-beta-sdk-java', 'homepage': 'https://docs.microsoft.com/en-us/graph/sdks/use-beta?tabs=Java', 'size': 50375, 'stargazers_count': 8, 'watchers_count': 8, 'language': 'Java', 'has_issues': True, 'has_projects': True, 'has_downloads': True, 'has_wiki': False, 'has_pages': False, 'forks_count': 5, 'mirror_url': None, 'archived': False, 'disabled': False, 'open_issues_count': 4, 'license': {'key': 'mit', 'name': 'MIT License', 'spdx_id': 'MIT', 'url': 'https://api.github.com/licenses/mit', 'node_id': 'MDc6TGljZW5zZTEz'}, 'allow_forking': True, 'is_template': False, 'topics': ['java', 'microsoft-graph', 'sdk'], 'visibility': 'public', 'forks': 5, 'open_issues': 4, 'watchers': 8, 'default_branch': 'dev'}}, 'base': {'label': 'microsoftgraph:dev', 'ref': 'dev', 'sha': '5ca7011c0c5e9ceeaa9ce469a0c8cedeca14c8c5', 'user': {'login': 'microsoftgraph', 'id': 17304259, 'node_id': 'MDEyOk9yZ2FuaXphdGlvbjE3MzA0MjU5', 'avatar_url': 'https://avatars.githubusercontent.com/u/17304259?v=4', 'gravatar_id': '', 'url': 'https://api.github.com/users/microsoftgraph', 'html_url': 'https://github.com/microsoftgraph', 'followers_url': 'https://api.github.com/users/microsoftgraph/followers', 'following_url': 'https://api.github.com/users/microsoftgraph/following{/other_user}', 'gists_url': 'https://api.github.com/users/microsoftgraph/gists{/gist_id}', 'starred_url': 'https://api.github.com/users/microsoftgraph/starred{/owner}{/repo}', 'subscriptions_url': 'https://api.github.com/users/microsoftgraph/subscriptions', 'organizations_url': 'https://api.github.com/users/microsoftgraph/orgs', 'repos_url': 'https://api.github.com/users/microsoftgraph/repos', 'events_url': 'https://api.github.com/users/microsoftgraph/events{/privacy}', 'received_events_url': 'https://api.github.com/users/microsoftgraph/received_events', 'type': 'Organization', 'site_admin': False}, 'repo': {'id': 204568878, 'node_id': 'MDEwOlJlcG9zaXRvcnkyMDQ1Njg4Nzg=', 'name': 'msgraph-beta-sdk-java', 'full_name': 'microsoftgraph/msgraph-beta-sdk-java', 'private': False, 'owner': {'login': 'microsoftgraph', 'id': 17304259, 'node_id': 'MDEyOk9yZ2FuaXphdGlvbjE3MzA0MjU5', 'avatar_url': 'https://avatars.githubusercontent.com/u/17304259?v=4', 'gravatar_id': '', 'url': 'https://api.github.com/users/microsoftgraph', 'html_url': 'https://github.com/microsoftgraph', 'followers_url': 'https://api.github.com/users/microsoftgraph/followers', 'following_url': 'https://api.github.com/users/microsoftgraph/following{/other_user}', 'gists_url': 'https://api.github.com/users/microsoftgraph/gists{/gist_id}', 'starred_url': 'https://api.github.com/users/microsoftgraph/starred{/owner}{/repo}', 'subscriptions_url': 'https://api.github.com/users/microsoftgraph/subscriptions', 'organizations_url': 'https://api.github.com/users/microsoftgraph/orgs', 'repos_url': 'https://api.github.com/users/microsoftgraph/repos', 'events_url': 'https://api.github.com/users/microsoftgraph/events{/privacy}', 'received_events_url': 'https://api.github.com/users/microsoftgraph/received_events', 'type': 'Organization', 'site_admin': False}, 'html_url': 'https://github.com/microsoftgraph/msgraph-beta-sdk-java', 'description': 'Microsoft Graph Beta Java SDK', 'fork': False, 'url': 'https://api.github.com/repos/microsoftgraph/msgraph-beta-sdk-java', 'forks_url': 'https://api.github.com/repos/microsoftgraph/msgraph-beta-sdk-java/forks', 'keys_url': 'https://api.github.com/repos/microsoftgraph/msgraph-beta-sdk-java/keys{/key_id}', 'collaborators_url': 'https://api.github.com/repos/microsoftgraph/msgraph-beta-sdk-java/collaborators{/collaborator}', 'teams_url': 'https://api.github.com/repos/microsoftgraph/msgraph-beta-sdk-java/teams', 'hooks_url': 'https://api.github.com/repos/microsoftgraph/msgraph-beta-sdk-java/hooks', 'issue_events_url': 'https://api.github.com/repos/microsoftgraph/msgraph-beta-sdk-java/issues/events{/number}', 'events_url': 'https://api.github.com/repos/microsoftgraph/msgraph-beta-sdk-java/events', 'assignees_url': 'https://api.github.com/repos/microsoftgraph/msgraph-beta-sdk-java/assignees{/user}', 'branches_url': 'https://api.github.com/repos/microsoftgraph/msgraph-beta-sdk-java/branches{/branch}', 'tags_url': 'https://api.github.com/repos/microsoftgraph/msgraph-beta-sdk-java/tags', 'blobs_url': 'https://api.github.com/repos/microsoftgraph/msgraph-beta-sdk-java/git/blobs{/sha}', 'git_tags_url': 'https://api.github.com/repos/microsoftgraph/msgraph-beta-sdk-java/git/tags{/sha}', 'git_refs_url': 'https://api.github.com/repos/microsoftgraph/msgraph-beta-sdk-java/git/refs{/sha}', 'trees_url': 'https://api.github.com/repos/microsoftgraph/msgraph-beta-sdk-java/git/trees{/sha}', 'statuses_url': 'https://api.github.com/repos/microsoftgraph/msgraph-beta-sdk-java/statuses/{sha}', 'languages_url': 'https://api.github.com/repos/microsoftgraph/msgraph-beta-sdk-java/languages', 'stargazers_url': 'https://api.github.com/repos/microsoftgraph/msgraph-beta-sdk-java/stargazers', 'contributors_url': 'https://api.github.com/repos/microsoftgraph/msgraph-beta-sdk-java/contributors', 'subscribers_url': 'https://api.github.com/repos/microsoftgraph/msgraph-beta-sdk-java/subscribers', 'subscription_url': 'https://api.github.com/repos/microsoftgraph/msgraph-beta-sdk-java/subscription', 'commits_url': 'https://api.github.com/repos/microsoftgraph/msgraph-beta-sdk-java/commits{/sha}', 'git_commits_url': 'https://api.github.com/repos/microsoftgraph/msgraph-beta-sdk-java/git/commits{/sha}', 'comments_url': 'https://api.github.com/repos/microsoftgraph/msgraph-beta-sdk-java/comments{/number}', 'issue_comment_url': 'https://api.github.com/repos/microsoftgraph/msgraph-beta-sdk-java/issues/comments{/number}', 'contents_url': 'https://api.github.com/repos/microsoftgraph/msgraph-beta-sdk-java/contents/{+path}', 'compare_url': 'https://api.github.com/repos/microsoftgraph/msgraph-beta-sdk-java/compare/{base}...{head}', 'merges_url': 'https://api.github.com/repos/microsoftgraph/msgraph-beta-sdk-java/merges', 'archive_url': 'https://api.github.com/repos/microsoftgraph/msgraph-beta-sdk-java/{archive_format}{/ref}', 'downloads_url': 'https://api.github.com/repos/microsoftgraph/msgraph-beta-sdk-java/downloads', 'issues_url': 'https://api.github.com/repos/microsoftgraph/msgraph-beta-sdk-java/issues{/number}', 'pulls_url': 'https://api.github.com/repos/microsoftgraph/msgraph-beta-sdk-java/pulls{/number}', 'milestones_url': 'https://api.github.com/repos/microsoftgraph/msgraph-beta-sdk-java/milestones{/number}', 'notifications_url': 'https://api.github.com/repos/microsoftgraph/msgraph-beta-sdk-java/notifications{?since,all,participating}', 'labels_url': 'https://api.github.com/repos/microsoftgraph/msgraph-beta-sdk-java/labels{/name}', 'releases_url': 'https://api.github.com/repos/microsoftgraph/msgraph-beta-sdk-java/releases{/id}', 'deployments_url': 'https://api.github.com/repos/microsoftgraph/msgraph-beta-sdk-java/deployments', 'created_at': '2019-08-26T21:59:24Z', 'updated_at': '2022-02-23T21:45:26Z', 'pushed_at': '2022-02-24T21:49:50Z', 'git_url': 'git://github.com/microsoftgraph/msgraph-beta-sdk-java.git', 'ssh_url': 'git@github.com:microsoftgraph/msgraph-beta-sdk-java.git', 'clone_url': 'https://github.com/microsoftgraph/msgraph-beta-sdk-java.git', 'svn_url': 'https://github.com/microsoftgraph/msgraph-beta-sdk-java', 'homepage': 'https://docs.microsoft.com/en-us/graph/sdks/use-beta?tabs=Java', 'size': 50375, 'stargazers_count': 8, 'watchers_count': 8, 'language': 'Java', 'has_issues': True, 'has_projects': True, 'has_downloads': True, 'has_wiki': False, 'has_pages': False, 'forks_count': 5, 'mirror_url': None, 'archived': False, 'disabled': False, 'open_issues_count': 4, 'license': {'key': 'mit', 'name': 'MIT License', 'spdx_id': 'MIT', 'url': 'https://api.github.com/licenses/mit', 'node_id': 'MDc6TGljZW5zZTEz'}, 'allow_forking': True, 'is_template': False, 'topics': ['java', 'microsoft-graph', 'sdk'], 'visibility': 'public', 'forks': 5, 'open_issues': 4, 'watchers': 8, 'default_branch': 'dev'}}, '_links': {'self': {'href': 'https://api.github.com/repos/microsoftgraph/msgraph-beta-sdk-java/pulls/258'}, 'html': {'href': 'https://github.com/microsoftgraph/msgraph-beta-sdk-java/pull/258'}, 'issue': {'href': 'https://api.github.com/repos/microsoftgraph/msgraph-beta-sdk-java/issues/258'}, 'comments': {'href': 'https://api.github.com/repos/microsoftgraph/msgraph-beta-sdk-java/issues/258/comments'}, 'review_comments': {'href': 'https://api.github.com/repos/microsoftgraph/msgraph-beta-sdk-java/pulls/258/comments'}, 'review_comment': {'href': 'https://api.github.com/repos/microsoftgraph/msgraph-beta-sdk-java/pulls/comments{/number}'}, 'commits': {'href': 'https://api.github.com/repos/microsoftgraph/msgraph-beta-sdk-java/pulls/258/commits'}, 'statuses': {'href': 'https://api.github.com/repos/microsoftgraph/msgraph-beta-sdk-java/statuses/cb32b8bd7e354e16470d407914d2a5870a221eed'}}, 'author_association': 'CONTRIBUTOR', 'auto_merge': None, 'active_lock_reason': None, 'merged': False, 'mergeable': None, 'rebaseable': None, 'mergeable_state': 'unknown', 'merged_by': None, 'comments': 0, 'review_comments': 0, 'maintainer_can_modify': False, 'commits': 1, 'additions': 2, 'deletions': 1, 'changed_files': 1}}",opened,Java
20442265480,CreateEvent,microsoftgraph/msgraph-beta-sdk-java,0.0,2022-02-24T21:49:52Z,"{'ref': 'ramsessanchez-patch-1', 'ref_type': 'branch', 'master_branch': 'dev', 'description': 'Microsoft Graph Beta Java SDK', 'pusher_type': 'user'}",,Java
20438110130,PushEvent,microsoft/kiota,0.0,2022-02-24T17:10:56Z,"{'push_id': 9193365209, 'size': 1, 'distinct_size': 1, 'ref': 'refs/heads/rsh/java-core-migration', 'head': 'a38312dc0cee2b876411b8c5f163f25298f5062d', 'before': '12fec50bb59d67db79bb3d2dddce973be997f730', 'commits': [{'sha': 'a38312dc0cee2b876411b8c5f163f25298f5062d', 'author': {'email': '63934382+ramsessanchez@users.noreply.github.com', 'name': 'ramsessanchez'}, 'message': 'Get changes on desktop', 'distinct': True, 'url': 'https://api.github.com/repos/microsoft/kiota/commits/a38312dc0cee2b876411b8c5f163f25298f5062d'}]}",,C#
20433399653,PushEvent,microsoftgraph/msgraph-sdk-java,0.0,2022-02-24T13:01:36Z,"{'push_id': 9191106932, 'size': 3, 'distinct_size': 3, 'ref': 'refs/heads/dev', 'head': '4e099ce7ab42a228d9eec9abdef28db789d33b64', 'before': '1aeb6dacf745a73af439c27d1c905b7c02afd232', 'commits': [{'sha': '410409209ffcf9439504ce5d0ec090ae77889857', 'author': {'email': 'GraphTooling@service.microsoft.com', 'name': 'Microsoft Graph DevX Tooling'}, 'message': 'Update generated files with build 68218', 'distinct': True, 'url': 'https://api.github.com/repos/microsoftgraph/msgraph-sdk-java/commits/410409209ffcf9439504ce5d0ec090ae77889857'}, {'sha': '067ba0a13f82bea2213bd450f86f27ab0a33fc29', 'author': {'email': '63934382+ramsessanchez@users.noreply.github.com', 'name': 'ramsessanchez'}, 'message': 'Update CHANGELOG.md', 'distinct': True, 'url': 'https://api.github.com/repos/microsoftgraph/msgraph-sdk-java/commits/067ba0a13f82bea2213bd450f86f27ab0a33fc29'}, {'sha': '4e099ce7ab42a228d9eec9abdef28db789d33b64', 'author': {'email': '63934382+ramsessanchez@users.noreply.github.com', 'name': 'ramsessanchez'}, 'message': 'Merge pull request #1012 from microsoftgraph/v1.0/pipelinebuild/68218\n\nGenerated v1.0 models and request builders using Typewriter', 'distinct': True, 'url': 'https://api.github.com/repos/microsoftgraph/msgraph-sdk-java/commits/4e099ce7ab42a228d9eec9abdef28db789d33b64'}]}",,Java
20433399639,DeleteEvent,microsoftgraph/msgraph-sdk-java,0.0,2022-02-24T13:01:36Z,"{'ref': 'v1.0/pipelinebuild/68218', 'ref_type': 'branch', 'pusher_type': 'user'}",,Java
20433399346,PullRequestEvent,microsoftgraph/msgraph-sdk-java,0.0,2022-02-24T13:01:35Z,"{'action': 'closed', 'number': 1012, 'pull_request': {'url': 'https://api.github.com/repos/microsoftgraph/msgraph-sdk-java/pulls/1012', 'id': 860248450, 'node_id': 'PR_kwDOBig9Oc4zRlmC', 'html_url': 'https://github.com/microsoftgraph/msgraph-sdk-java/pull/1012', 'diff_url': 'https://github.com/microsoftgraph/msgraph-sdk-java/pull/1012.diff', 'patch_url': 'https://github.com/microsoftgraph/msgraph-sdk-java/pull/1012.patch', 'issue_url': 'https://api.github.com/repos/microsoftgraph/msgraph-sdk-java/issues/1012', 'number': 1012, 'state': 'closed', 'locked': False, 'title': 'Generated v1.0 models and request builders using Typewriter', 'user': {'login': 'ramsessanchez', 'id': 63934382, 'node_id': 'MDQ6VXNlcjYzOTM0Mzgy', 'avatar_url': 'https://avatars.githubusercontent.com/u/63934382?v=4', 'gravatar_id': '', 'url': 'https://api.github.com/users/ramsessanchez', 'html_url': 'https://github.com/ramsessanchez', 'followers_url': 'https://api.github.com/users/ramsessanchez/followers', 'following_url': 'https://api.github.com/users/ramsessanchez/following{/other_user}', 'gists_url': 'https://api.github.com/users/ramsessanchez/gists{/gist_id}', 'starred_url': 'https://api.github.com/users/ramsessanchez/starred{/owner}{/repo}', 'subscriptions_url': 'https://api.github.com/users/ramsessanchez/subscriptions', 'organizations_url': 'https://api.github.com/users/ramsessanchez/orgs', 'repos_url': 'https://api.github.com/users/ramsessanchez/repos', 'events_url': 'https://api.github.com/users/ramsessanchez/events{/privacy}', 'received_events_url': 'https://api.github.com/users/ramsessanchez/received_events', 'type': 'User', 'site_admin': False}, 'body': 'This pull request was automatically created by the GitHub Action, **create pull request**. \n\n The commit hash is _410409209ffcf9439504ce5d0ec090ae77889857_. \n\n **Important** Check for unexpected deletions or changes in this PR.', 'created_at': '2022-02-22T10:07:53Z', 'updated_at': '2022-02-24T13:01:34Z', 'closed_at': '2022-02-24T13:01:34Z', 'merged_at': '2022-02-24T13:01:34Z', 'merge_commit_sha': '4e099ce7ab42a228d9eec9abdef28db789d33b64', 'assignee': {'login': 'ramsessanchez', 'id': 63934382, 'node_id': 'MDQ6VXNlcjYzOTM0Mzgy', 'avatar_url': 'https://avatars.githubusercontent.com/u/63934382?v=4', 'gravatar_id': '', 'url': 'https://api.github.com/users/ramsessanchez', 'html_url': 'https://github.com/ramsessanchez', 'followers_url': 'https://api.github.com/users/ramsessanchez/followers', 'following_url': 'https://api.github.com/users/ramsessanchez/following{/other_user}', 'gists_url': 'https://api.github.com/users/ramsessanchez/gists{/gist_id}', 'starred_url': 'https://api.github.com/users/ramsessanchez/starred{/owner}{/repo}', 'subscriptions_url': 'https://api.github.com/users/ramsessanchez/subscriptions', 'organizations_url': 'https://api.github.com/users/ramsessanchez/orgs', 'repos_url': 'https://api.github.com/users/ramsessanchez/repos', 'events_url': 'https://api.github.com/users/ramsessanchez/events{/privacy}', 'received_events_url': 'https://api.github.com/users/ramsessanchez/received_events', 'type': 'User', 'site_admin': False}, 'assignees': [{'login': 'ramsessanchez', 'id': 63934382, 'node_id': 'MDQ6VXNlcjYzOTM0Mzgy', 'avatar_url': 'https://avatars.githubusercontent.com/u/63934382?v=4', 'gravatar_id': '', 'url': 'https://api.github.com/users/ramsessanchez', 'html_url': 'https://github.com/ramsessanchez', 'followers_url': 'https://api.github.com/users/ramsessanchez/followers', 'following_url': 'https://api.github.com/users/ramsessanchez/following{/other_user}', 'gists_url': 'https://api.github.com/users/ramsessanchez/gists{/gist_id}', 'starred_url': 'https://api.github.com/users/ramsessanchez/starred{/owner}{/repo}', 'subscriptions_url': 'https://api.github.com/users/ramsessanchez/subscriptions', 'organizations_url': 'https://api.github.com/users/ramsessanchez/orgs', 'repos_url': 'https://api.github.com/users/ramsessanchez/repos', 'events_url': 'https://api.github.com/users/ramsessanchez/events{/privacy}', 'received_events_url': 'https://api.github.com/users/ramsessanchez/received_events', 'type': 'User', 'site_admin': False}], 'requested_reviewers': [{'login': 'zengin', 'id': 803311, 'node_id': 'MDQ6VXNlcjgwMzMxMQ==', 'avatar_url': 'https://avatars.githubusercontent.com/u/803311?v=4', 'gravatar_id': '', 'url': 'https://api.github.com/users/zengin', 'html_url': 'https://github.com/zengin', 'followers_url': 'https://api.github.com/users/zengin/followers', 'following_url': 'https://api.github.com/users/zengin/following{/other_user}', 'gists_url': 'https://api.github.com/users/zengin/gists{/gist_id}', 'starred_url': 'https://api.github.com/users/zengin/starred{/owner}{/repo}', 'subscriptions_url': 'https://api.github.com/users/zengin/subscriptions', 'organizations_url': 'https://api.github.com/users/zengin/orgs', 'repos_url': 'https://api.github.com/users/zengin/repos', 'events_url': 'https://api.github.com/users/zengin/events{/privacy}', 'received_events_url': 'https://api.github.com/users/zengin/received_events', 'type': 'User', 'site_admin': False}, {'login': 'peombwa', 'id': 7061532, 'node_id': 'MDQ6VXNlcjcwNjE1MzI=', 'avatar_url': 'https://avatars.githubusercontent.com/u/7061532?v=4', 'gravatar_id': '', 'url': 'https://api.github.com/users/peombwa', 'html_url': 'https://github.com/peombwa', 'followers_url': 'https://api.github.com/users/peombwa/followers', 'following_url': 'https://api.github.com/users/peombwa/following{/other_user}', 'gists_url': 'https://api.github.com/users/peombwa/gists{/gist_id}', 'starred_url': 'https://api.github.com/users/peombwa/starred{/owner}{/repo}', 'subscriptions_url': 'https://api.github.com/users/peombwa/subscriptions', 'organizations_url': 'https://api.github.com/users/peombwa/orgs', 'repos_url': 'https://api.github.com/users/peombwa/repos', 'events_url': 'https://api.github.com/users/peombwa/events{/privacy}', 'received_events_url': 'https://api.github.com/users/peombwa/received_events', 'type': 'User', 'site_admin': False}, {'login': 'MIchaelMainer', 'id': 8527305, 'node_id': 'MDQ6VXNlcjg1MjczMDU=', 'avatar_url': 'https://avatars.githubusercontent.com/u/8527305?v=4', 'gravatar_id': '', 'url': 'https://api.github.com/users/MIchaelMainer', 'html_url': 'https://github.com/MIchaelMainer', 'followers_url': 'https://api.github.com/users/MIchaelMainer/followers', 'following_url': 'https://api.github.com/users/MIchaelMainer/following{/other_user}', 'gists_url': 'https://api.github.com/users/MIchaelMainer/gists{/gist_id}', 'starred_url': 'https://api.github.com/users/MIchaelMainer/starred{/owner}{/repo}', 'subscriptions_url': 'https://api.github.com/users/MIchaelMainer/subscriptions', 'organizations_url': 'https://api.github.com/users/MIchaelMainer/orgs', 'repos_url': 'https://api.github.com/users/MIchaelMainer/repos', 'events_url': 'https://api.github.com/users/MIchaelMainer/events{/privacy}', 'received_events_url': 'https://api.github.com/users/MIchaelMainer/received_events', 'type': 'User', 'site_admin': False}, {'login': 'ddyett', 'id': 20829981, 'node_id': 'MDQ6VXNlcjIwODI5OTgx', 'avatar_url': 'https://avatars.githubusercontent.com/u/20829981?v=4', 'gravatar_id': '', 'url': 'https://api.github.com/users/ddyett', 'html_url': 'https://github.com/ddyett', 'followers_url': 'https://api.github.com/users/ddyett/followers', 'following_url': 'https://api.github.com/users/ddyett/following{/other_user}', 'gists_url': 'https://api.github.com/users/ddyett/gists{/gist_id}', 'starred_url': 'https://api.github.com/users/ddyett/starred{/owner}{/repo}', 'subscriptions_url': 'https://api.github.com/users/ddyett/subscriptions', 'organizations_url': 'https://api.github.com/users/ddyett/orgs', 'repos_url': 'https://api.github.com/users/ddyett/repos', 'events_url': 'https://api.github.com/users/ddyett/events{/privacy}', 'received_events_url': 'https://api.github.com/users/ddyett/received_events', 'type': 'User', 'site_admin': False}, {'login': 'nikithauc', 'id': 23219007, 'node_id': 'MDQ6VXNlcjIzMjE5MDA3', 'avatar_url': 'https://avatars.githubusercontent.com/u/23219007?v=4', 'gravatar_id': '', 'url': 'https://api.github.com/users/nikithauc', 'html_url': 'https://github.com/nikithauc', 'followers_url': 'https://api.github.com/users/nikithauc/followers', 'following_url': 'https://api.github.com/users/nikithauc/following{/other_user}', 'gists_url': 'https://api.github.com/users/nikithauc/gists{/gist_id}', 'starred_url': 'https://api.github.com/users/nikithauc/starred{/owner}{/repo}', 'subscriptions_url': 'https://api.github.com/users/nikithauc/subscriptions', 'organizations_url': 'https://api.github.com/users/nikithauc/orgs', 'repos_url': 'https://api.github.com/users/nikithauc/repos', 'events_url': 'https://api.github.com/users/nikithauc/events{/privacy}', 'received_events_url': 'https://api.github.com/users/nikithauc/received_events', 'type': 'User', 'site_admin': False}], 'requested_teams': [], 'labels': [{'id': 1160728929, 'node_id': 'MDU6TGFiZWwxMTYwNzI4OTI5', 'url': 'https://api.github.com/repos/microsoftgraph/msgraph-sdk-java/labels/generated', 'name': 'generated', 'color': 'ededed', 'default': False, 'description': None}], 'milestone': {'url': 'https://api.github.com/repos/microsoftgraph/msgraph-sdk-java/milestones/45', 'html_url': 'https://github.com/microsoftgraph/msgraph-sdk-java/milestone/45', 'labels_url': 'https://api.github.com/repos/microsoftgraph/msgraph-sdk-java/milestones/45/labels', 'id': 7680430, 'node_id': 'MI_kwDOBig9Oc4AdTGu', 'number': 45, 'title': '5.15.0', 'description': '', 'creator': {'login': 'baywet', 'id': 7905502, 'node_id': 'MDQ6VXNlcjc5MDU1MDI=', 'avatar_url': 'https://avatars.githubusercontent.com/u/7905502?v=4', 'gravatar_id': '', 'url': 'https://api.github.com/users/baywet', 'html_url': 'https://github.com/baywet', 'followers_url': 'https://api.github.com/users/baywet/followers', 'following_url': 'https://api.github.com/users/baywet/following{/other_user}', 'gists_url': 'https://api.github.com/users/baywet/gists{/gist_id}', 'starred_url': 'https://api.github.com/users/baywet/starred{/owner}{/repo}', 'subscriptions_url': 'https://api.github.com/users/baywet/subscriptions', 'organizations_url': 'https://api.github.com/users/baywet/orgs', 'repos_url': 'https://api.github.com/users/baywet/repos', 'events_url': 'https://api.github.com/users/baywet/events{/privacy}', 'received_events_url': 'https://api.github.com/users/baywet/received_events', 'type': 'User', 'site_admin': False}, 'open_issues': 0, 'closed_issues': 6, 'state': 'open', 'created_at': '2022-02-15T14:00:21Z', 'updated_at': '2022-02-24T13:01:34Z', 'due_on': '2022-02-25T08:00:00Z', 'closed_at': None}, 'draft': False, 'commits_url': 'https://api.github.com/repos/microsoftgraph/msgraph-sdk-java/pulls/1012/commits', 'review_comments_url': 'https://api.github.com/repos/microsoftgraph/msgraph-sdk-java/pulls/1012/comments', 'review_comment_url': 'https://api.github.com/repos/microsoftgraph/msgraph-sdk-java/pulls/comments{/number}', 'comments_url': 'https://api.github.com/repos/microsoftgraph/msgraph-sdk-java/issues/1012/comments', 'statuses_url': 'https://api.github.com/repos/microsoftgraph/msgraph-sdk-java/statuses/067ba0a13f82bea2213bd450f86f27ab0a33fc29', 'head': {'label': 'microsoftgraph:v1.0/pipelinebuild/68218', 'ref': 'v1.0/pipelinebuild/68218', 'sha': '067ba0a13f82bea2213bd450f86f27ab0a33fc29', 'user': {'login': 'microsoftgraph', 'id': 17304259, 'node_id': 'MDEyOk9yZ2FuaXphdGlvbjE3MzA0MjU5', 'avatar_url': 'https://avatars.githubusercontent.com/u/17304259?v=4', 'gravatar_id': '', 'url': 'https://api.github.com/users/microsoftgraph', 'html_url': 'https://github.com/microsoftgraph', 'followers_url': 'https://api.github.com/users/microsoftgraph/followers', 'following_url': 'https://api.github.com/users/microsoftgraph/following{/other_user}', 'gists_url': 'https://api.github.com/users/microsoftgraph/gists{/gist_id}', 'starred_url': 'https://api.github.com/users/microsoftgraph/starred{/owner}{/repo}', 'subscriptions_url': 'https://api.github.com/users/microsoftgraph/subscriptions', 'organizations_url': 'https://api.github.com/users/microsoftgraph/orgs', 'repos_url': 'https://api.github.com/users/microsoftgraph/repos', 'events_url': 'https://api.github.com/users/microsoftgraph/events{/privacy}', 'received_events_url': 'https://api.github.com/users/microsoftgraph/received_events', 'type': 'Organization', 'site_admin': False}, 'repo': {'id': 103300409, 'node_id': 'MDEwOlJlcG9zaXRvcnkxMDMzMDA0MDk=', 'name': 'msgraph-sdk-java', 'full_name': 'microsoftgraph/msgraph-sdk-java', 'private': False, 'owner': {'login': 'microsoftgraph', 'id': 17304259, 'node_id': 'MDEyOk9yZ2FuaXphdGlvbjE3MzA0MjU5', 'avatar_url': 'https://avatars.githubusercontent.com/u/17304259?v=4', 'gravatar_id': '', 'url': 'https://api.github.com/users/microsoftgraph', 'html_url': 'https://github.com/microsoftgraph', 'followers_url': 'https://api.github.com/users/microsoftgraph/followers', 'following_url': 'https://api.github.com/users/microsoftgraph/following{/other_user}', 'gists_url': 'https://api.github.com/users/microsoftgraph/gists{/gist_id}', 'starred_url': 'https://api.github.com/users/microsoftgraph/starred{/owner}{/repo}', 'subscriptions_url': 'https://api.github.com/users/microsoftgraph/subscriptions', 'organizations_url': 'https://api.github.com/users/microsoftgraph/orgs', 'repos_url': 'https://api.github.com/users/microsoftgraph/repos', 'events_url': 'https://api.github.com/users/microsoftgraph/events{/privacy}', 'received_events_url': 'https://api.github.com/users/microsoftgraph/received_events', 'type': 'Organization', 'site_admin': False}, 'html_url': 'https://github.com/microsoftgraph/msgraph-sdk-java', 'description': 'Microsoft Graph SDK for Java', 'fork': False, 'url': 'https://api.github.com/repos/microsoftgraph/msgraph-sdk-java', 'forks_url': 'https://api.github.com/repos/microsoftgraph/msgraph-sdk-java/forks', 'keys_url': 'https://api.github.com/repos/microsoftgraph/msgraph-sdk-java/keys{/key_id}', 'collaborators_url': 'https://api.github.com/repos/microsoftgraph/msgraph-sdk-java/collaborators{/collaborator}', 'teams_url': 'https://api.github.com/repos/microsoftgraph/msgraph-sdk-java/teams', 'hooks_url': 'https://api.github.com/repos/microsoftgraph/msgraph-sdk-java/hooks', 'issue_events_url': 'https://api.github.com/repos/microsoftgraph/msgraph-sdk-java/issues/events{/number}', 'events_url': 'https://api.github.com/repos/microsoftgraph/msgraph-sdk-java/events', 'assignees_url': 'https://api.github.com/repos/microsoftgraph/msgraph-sdk-java/assignees{/user}', 'branches_url': 'https://api.github.com/repos/microsoftgraph/msgraph-sdk-java/branches{/branch}', 'tags_url': 'https://api.github.com/repos/microsoftgraph/msgraph-sdk-java/tags', 'blobs_url': 'https://api.github.com/repos/microsoftgraph/msgraph-sdk-java/git/blobs{/sha}', 'git_tags_url': 'https://api.github.com/repos/microsoftgraph/msgraph-sdk-java/git/tags{/sha}', 'git_refs_url': 'https://api.github.com/repos/microsoftgraph/msgraph-sdk-java/git/refs{/sha}', 'trees_url': 'https://api.github.com/repos/microsoftgraph/msgraph-sdk-java/git/trees{/sha}', 'statuses_url': 'https://api.github.com/repos/microsoftgraph/msgraph-sdk-java/statuses/{sha}', 'languages_url': 'https://api.github.com/repos/microsoftgraph/msgraph-sdk-java/languages', 'stargazers_url': 'https://api.github.com/repos/microsoftgraph/msgraph-sdk-java/stargazers', 'contributors_url': 'https://api.github.com/repos/microsoftgraph/msgraph-sdk-java/contributors', 'subscribers_url': 'https://api.github.com/repos/microsoftgraph/msgraph-sdk-java/subscribers', 'subscription_url': 'https://api.github.com/repos/microsoftgraph/msgraph-sdk-java/subscription', 'commits_url': 'https://api.github.com/repos/microsoftgraph/msgraph-sdk-java/commits{/sha}', 'git_commits_url': 'https://api.github.com/repos/microsoftgraph/msgraph-sdk-java/git/commits{/sha}', 'comments_url': 'https://api.github.com/repos/microsoftgraph/msgraph-sdk-java/comments{/number}', 'issue_comment_url': 'https://api.github.com/repos/microsoftgraph/msgraph-sdk-java/issues/comments{/number}', 'contents_url': 'https://api.github.com/repos/microsoftgraph/msgraph-sdk-java/contents/{+path}', 'compare_url': 'https://api.github.com/repos/microsoftgraph/msgraph-sdk-java/compare/{base}...{head}', 'merges_url': 'https://api.github.com/repos/microsoftgraph/msgraph-sdk-java/merges', 'archive_url': 'https://api.github.com/repos/microsoftgraph/msgraph-sdk-java/{archive_format}{/ref}', 'downloads_url': 'https://api.github.com/repos/microsoftgraph/msgraph-sdk-java/downloads', 'issues_url': 'https://api.github.com/repos/microsoftgraph/msgraph-sdk-java/issues{/number}', 'pulls_url': 'https://api.github.com/repos/microsoftgraph/msgraph-sdk-java/pulls{/number}', 'milestones_url': 'https://api.github.com/repos/microsoftgraph/msgraph-sdk-java/milestones{/number}', 'notifications_url': 'https://api.github.com/repos/microsoftgraph/msgraph-sdk-java/notifications{?since,all,participating}', 'labels_url': 'https://api.github.com/repos/microsoftgraph/msgraph-sdk-java/labels{/name}', 'releases_url': 'https://api.github.com/repos/microsoftgraph/msgraph-sdk-java/releases{/id}', 'deployments_url': 'https://api.github.com/repos/microsoftgraph/msgraph-sdk-java/deployments', 'created_at': '2017-09-12T17:20:15Z', 'updated_at': '2022-02-23T15:35:38Z', 'pushed_at': '2022-02-24T13:01:34Z', 'git_url': 'git://github.com/microsoftgraph/msgraph-sdk-java.git', 'ssh_url': 'git@github.com:microsoftgraph/msgraph-sdk-java.git', 'clone_url': 'https://github.com/microsoftgraph/msgraph-sdk-java.git', 'svn_url': 'https://github.com/microsoftgraph/msgraph-sdk-java', 'homepage': 'https://docs.microsoft.com/en-us/graph/sdks/sdks-overview', 'size': 58480, 'stargazers_count': 238, 'watchers_count': 238, 'language': 'Java', 'has_issues': True, 'has_projects': True, 'has_downloads': True, 'has_wiki': False, 'has_pages': False, 'forks_count': 101, 'mirror_url': None, 'archived': False, 'disabled': False, 'open_issues_count': 4, 'license': {'key': 'mit', 'name': 'MIT License', 'spdx_id': 'MIT', 'url': 'https://api.github.com/licenses/mit', 'node_id': 'MDc6TGljZW5zZTEz'}, 'allow_forking': True, 'is_template': False, 'topics': ['java', 'microsoft-graph', 'microsoft-graph-sdk', 'sdk'], 'visibility': 'public', 'forks': 101, 'open_issues': 4, 'watchers': 238, 'default_branch': 'dev'}}, 'base': {'label': 'microsoftgraph:dev', 'ref': 'dev', 'sha': '04f169a27d7337f7e5a974e78dade8d502b82e28', 'user': {'login': 'microsoftgraph', 'id': 17304259, 'node_id': 'MDEyOk9yZ2FuaXphdGlvbjE3MzA0MjU5', 'avatar_url': 'https://avatars.githubusercontent.com/u/17304259?v=4', 'gravatar_id': '', 'url': 'https://api.github.com/users/microsoftgraph', 'html_url': 'https://github.com/microsoftgraph', 'followers_url': 'https://api.github.com/users/microsoftgraph/followers', 'following_url': 'https://api.github.com/users/microsoftgraph/following{/other_user}', 'gists_url': 'https://api.github.com/users/microsoftgraph/gists{/gist_id}', 'starred_url': 'https://api.github.com/users/microsoftgraph/starred{/owner}{/repo}', 'subscriptions_url': 'https://api.github.com/users/microsoftgraph/subscriptions', 'organizations_url': 'https://api.github.com/users/microsoftgraph/orgs', 'repos_url': 'https://api.github.com/users/microsoftgraph/repos', 'events_url': 'https://api.github.com/users/microsoftgraph/events{/privacy}', 'received_events_url': 'https://api.github.com/users/microsoftgraph/received_events', 'type': 'Organization', 'site_admin': False}, 'repo': {'id': 103300409, 'node_id': 'MDEwOlJlcG9zaXRvcnkxMDMzMDA0MDk=', 'name': 'msgraph-sdk-java', 'full_name': 'microsoftgraph/msgraph-sdk-java', 'private': False, 'owner': {'login': 'microsoftgraph', 'id': 17304259, 'node_id': 'MDEyOk9yZ2FuaXphdGlvbjE3MzA0MjU5', 'avatar_url': 'https://avatars.githubusercontent.com/u/17304259?v=4', 'gravatar_id': '', 'url': 'https://api.github.com/users/microsoftgraph', 'html_url': 'https://github.com/microsoftgraph', 'followers_url': 'https://api.github.com/users/microsoftgraph/followers', 'following_url': 'https://api.github.com/users/microsoftgraph/following{/other_user}', 'gists_url': 'https://api.github.com/users/microsoftgraph/gists{/gist_id}', 'starred_url': 'https://api.github.com/users/microsoftgraph/starred{/owner}{/repo}', 'subscriptions_url': 'https://api.github.com/users/microsoftgraph/subscriptions', 'organizations_url': 'https://api.github.com/users/microsoftgraph/orgs', 'repos_url': 'https://api.github.com/users/microsoftgraph/repos', 'events_url': 'https://api.github.com/users/microsoftgraph/events{/privacy}', 'received_events_url': 'https://api.github.com/users/microsoftgraph/received_events', 'type': 'Organization', 'site_admin': False}, 'html_url': 'https://github.com/microsoftgraph/msgraph-sdk-java', 'description': 'Microsoft Graph SDK for Java', 'fork': False, 'url': 'https://api.github.com/repos/microsoftgraph/msgraph-sdk-java', 'forks_url': 'https://api.github.com/repos/microsoftgraph/msgraph-sdk-java/forks', 'keys_url': 'https://api.github.com/repos/microsoftgraph/msgraph-sdk-java/keys{/key_id}', 'collaborators_url': 'https://api.github.com/repos/microsoftgraph/msgraph-sdk-java/collaborators{/collaborator}', 'teams_url': 'https://api.github.com/repos/microsoftgraph/msgraph-sdk-java/teams', 'hooks_url': 'https://api.github.com/repos/microsoftgraph/msgraph-sdk-java/hooks', 'issue_events_url': 'https://api.github.com/repos/microsoftgraph/msgraph-sdk-java/issues/events{/number}', 'events_url': 'https://api.github.com/repos/microsoftgraph/msgraph-sdk-java/events', 'assignees_url': 'https://api.github.com/repos/microsoftgraph/msgraph-sdk-java/assignees{/user}', 'branches_url': 'https://api.github.com/repos/microsoftgraph/msgraph-sdk-java/branches{/branch}', 'tags_url': 'https://api.github.com/repos/microsoftgraph/msgraph-sdk-java/tags', 'blobs_url': 'https://api.github.com/repos/microsoftgraph/msgraph-sdk-java/git/blobs{/sha}', 'git_tags_url': 'https://api.github.com/repos/microsoftgraph/msgraph-sdk-java/git/tags{/sha}', 'git_refs_url': 'https://api.github.com/repos/microsoftgraph/msgraph-sdk-java/git/refs{/sha}', 'trees_url': 'https://api.github.com/repos/microsoftgraph/msgraph-sdk-java/git/trees{/sha}', 'statuses_url': 'https://api.github.com/repos/microsoftgraph/msgraph-sdk-java/statuses/{sha}', 'languages_url': 'https://api.github.com/repos/microsoftgraph/msgraph-sdk-java/languages', 'stargazers_url': 'https://api.github.com/repos/microsoftgraph/msgraph-sdk-java/stargazers', 'contributors_url': 'https://api.github.com/repos/microsoftgraph/msgraph-sdk-java/contributors', 'subscribers_url': 'https://api.github.com/repos/microsoftgraph/msgraph-sdk-java/subscribers', 'subscription_url': 'https://api.github.com/repos/microsoftgraph/msgraph-sdk-java/subscription', 'commits_url': 'https://api.github.com/repos/microsoftgraph/msgraph-sdk-java/commits{/sha}', 'git_commits_url': 'https://api.github.com/repos/microsoftgraph/msgraph-sdk-java/git/commits{/sha}', 'comments_url': 'https://api.github.com/repos/microsoftgraph/msgraph-sdk-java/comments{/number}', 'issue_comment_url': 'https://api.github.com/repos/microsoftgraph/msgraph-sdk-java/issues/comments{/number}', 'contents_url': 'https://api.github.com/repos/microsoftgraph/msgraph-sdk-java/contents/{+path}', 'compare_url': 'https://api.github.com/repos/microsoftgraph/msgraph-sdk-java/compare/{base}...{head}', 'merges_url': 'https://api.github.com/repos/microsoftgraph/msgraph-sdk-java/merges', 'archive_url': 'https://api.github.com/repos/microsoftgraph/msgraph-sdk-java/{archive_format}{/ref}', 'downloads_url': 'https://api.github.com/repos/microsoftgraph/msgraph-sdk-java/downloads', 'issues_url': 'https://api.github.com/repos/microsoftgraph/msgraph-sdk-java/issues{/number}', 'pulls_url': 'https://api.github.com/repos/microsoftgraph/msgraph-sdk-java/pulls{/number}', 'milestones_url': 'https://api.github.com/repos/microsoftgraph/msgraph-sdk-java/milestones{/number}', 'notifications_url': 'https://api.github.com/repos/microsoftgraph/msgraph-sdk-java/notifications{?since,all,participating}', 'labels_url': 'https://api.github.com/repos/microsoftgraph/msgraph-sdk-java/labels{/name}', 'releases_url': 'https://api.github.com/repos/microsoftgraph/msgraph-sdk-java/releases{/id}', 'deployments_url': 'https://api.github.com/repos/microsoftgraph/msgraph-sdk-java/deployments', 'created_at': '2017-09-12T17:20:15Z', 'updated_at': '2022-02-23T15:35:38Z', 'pushed_at': '2022-02-24T13:01:34Z', 'git_url': 'git://github.com/microsoftgraph/msgraph-sdk-java.git', 'ssh_url': 'git@github.com:microsoftgraph/msgraph-sdk-java.git', 'clone_url': 'https://github.com/microsoftgraph/msgraph-sdk-java.git', 'svn_url': 'https://github.com/microsoftgraph/msgraph-sdk-java', 'homepage': 'https://docs.microsoft.com/en-us/graph/sdks/sdks-overview', 'size': 58480, 'stargazers_count': 238, 'watchers_count': 238, 'language': 'Java', 'has_issues': True, 'has_projects': True, 'has_downloads': True, 'has_wiki': False, 'has_pages': False, 'forks_count': 101, 'mirror_url': None, 'archived': False, 'disabled': False, 'open_issues_count': 4, 'license': {'key': 'mit', 'name': 'MIT License', 'spdx_id': 'MIT', 'url': 'https://api.github.com/licenses/mit', 'node_id': 'MDc6TGljZW5zZTEz'}, 'allow_forking': True, 'is_template': False, 'topics': ['java', 'microsoft-graph', 'microsoft-graph-sdk', 'sdk'], 'visibility': 'public', 'forks': 101, 'open_issues': 4, 'watchers': 238, 'default_branch': 'dev'}}, '_links': {'self': {'href': 'https://api.github.com/repos/microsoftgraph/msgraph-sdk-java/pulls/1012'}, 'html': {'href': 'https://github.com/microsoftgraph/msgraph-sdk-java/pull/1012'}, 'issue': {'href': 'https://api.github.com/repos/microsoftgraph/msgraph-sdk-java/issues/1012'}, 'comments': {'href': 'https://api.github.com/repos/microsoftgraph/msgraph-sdk-java/issues/1012/comments'}, 'review_comments': {'href': 'https://api.github.com/repos/microsoftgraph/msgraph-sdk-java/pulls/1012/comments'}, 'review_comment': {'href': 'https://api.github.com/repos/microsoftgraph/msgraph-sdk-java/pulls/comments{/number}'}, 'commits': {'href': 'https://api.github.com/repos/microsoftgraph/msgraph-sdk-java/pulls/1012/commits'}, 'statuses': {'href': 'https://api.github.com/repos/microsoftgraph/msgraph-sdk-java/statuses/067ba0a13f82bea2213bd450f86f27ab0a33fc29'}}, 'author_association': 'CONTRIBUTOR', 'auto_merge': {'enabled_by': {'login': 'ramsessanchez', 'id': 63934382, 'node_id': 'MDQ6VXNlcjYzOTM0Mzgy', 'avatar_url': 'https://avatars.githubusercontent.com/u/63934382?v=4', 'gravatar_id': '', 'url': 'https://api.github.com/users/ramsessanchez', 'html_url': 'https://github.com/ramsessanchez', 'followers_url': 'https://api.github.com/users/ramsessanchez/followers', 'following_url': 'https://api.github.com/users/ramsessanchez/following{/other_user}', 'gists_url': 'https://api.github.com/users/ramsessanchez/gists{/gist_id}', 'starred_url': 'https://api.github.com/users/ramsessanchez/starred{/owner}{/repo}', 'subscriptions_url': 'https://api.github.com/users/ramsessanchez/subscriptions', 'organizations_url': 'https://api.github.com/users/ramsessanchez/orgs', 'repos_url': 'https://api.github.com/users/ramsessanchez/repos', 'events_url': 'https://api.github.com/users/ramsessanchez/events{/privacy}', 'received_events_url': 'https://api.github.com/users/ramsessanchez/received_events', 'type': 'User', 'site_admin': False}, 'merge_method': 'merge', 'commit_title': 'Merge pull request #1012 from microsoftgraph/v1.0/pipelinebuild/68218', 'commit_message': 'Generated v1.0 models and request builders using Typewriter'}, 'active_lock_reason': None, 'merged': True, 'mergeable': None, 'rebaseable': None, 'mergeable_state': 'unknown', 'merged_by': {'login': 'ramsessanchez', 'id': 63934382, 'node_id': 'MDQ6VXNlcjYzOTM0Mzgy', 'avatar_url': 'https://avatars.githubusercontent.com/u/63934382?v=4', 'gravatar_id': '', 'url': 'https://api.github.com/users/ramsessanchez', 'html_url': 'https://github.com/ramsessanchez', 'followers_url': 'https://api.github.com/users/ramsessanchez/followers', 'following_url': 'https://api.github.com/users/ramsessanchez/following{/other_user}', 'gists_url': 'https://api.github.com/users/ramsessanchez/gists{/gist_id}', 'starred_url': 'https://api.github.com/users/ramsessanchez/starred{/owner}{/repo}', 'subscriptions_url': 'https://api.github.com/users/ramsessanchez/subscriptions', 'organizations_url': 'https://api.github.com/users/ramsessanchez/orgs', 'repos_url': 'https://api.github.com/users/ramsessanchez/repos', 'events_url': 'https://api.github.com/users/ramsessanchez/events{/privacy}', 'received_events_url': 'https://api.github.com/users/ramsessanchez/received_events', 'type': 'User', 'site_admin': False}, 'comments': 2, 'review_comments': 0, 'maintainer_can_modify': False, 'commits': 2, 'additions': 90, 'deletions': 21, 'changed_files': 18}}",closed,Java
20433290118,PushEvent,microsoftgraph/msgraph-sdk-java,0.0,2022-02-24T12:55:18Z,"{'push_id': 9191050117, 'size': 1, 'distinct_size': 1, 'ref': 'refs/heads/v1.0/pipelinebuild/68218', 'head': '067ba0a13f82bea2213bd450f86f27ab0a33fc29', 'before': '410409209ffcf9439504ce5d0ec090ae77889857', 'commits': [{'sha': '067ba0a13f82bea2213bd450f86f27ab0a33fc29', 'author': {'email': '63934382+ramsessanchez@users.noreply.github.com', 'name': 'ramsessanchez'}, 'message': 'Update CHANGELOG.md', 'distinct': True, 'url': 'https://api.github.com/repos/microsoftgraph/msgraph-sdk-java/commits/067ba0a13f82bea2213bd450f86f27ab0a33fc29'}]}",,Java
20389237765,PullRequestEvent,microsoftgraph/msgraph-beta-sdk-java,0.0,2022-02-22T10:15:55Z,"{'action': 'opened', 'number': 256, 'pull_request': {'url': 'https://api.github.com/repos/microsoftgraph/msgraph-beta-sdk-java/pulls/256', 'id': 860256355, 'node_id': 'PR_kwDODDF5Ls4zRnhj', 'html_url': 'https://github.com/microsoftgraph/msgraph-beta-sdk-java/pull/256', 'diff_url': 'https://github.com/microsoftgraph/msgraph-beta-sdk-java/pull/256.diff', 'patch_url': 'https://github.com/microsoftgraph/msgraph-beta-sdk-java/pull/256.patch', 'issue_url': 'https://api.github.com/repos/microsoftgraph/msgraph-beta-sdk-java/issues/256', 'number': 256, 'state': 'open', 'locked': False, 'title': 'Generated beta models and request builders using Typewriter', 'user': {'login': 'ramsessanchez', 'id': 63934382, 'node_id': 'MDQ6VXNlcjYzOTM0Mzgy', 'avatar_url': 'https://avatars.githubusercontent.com/u/63934382?v=4', 'gravatar_id': '', 'url': 'https://api.github.com/users/ramsessanchez', 'html_url': 'https://github.com/ramsessanchez', 'followers_url': 'https://api.github.com/users/ramsessanchez/followers', 'following_url': 'https://api.github.com/users/ramsessanchez/following{/other_user}', 'gists_url': 'https://api.github.com/users/ramsessanchez/gists{/gist_id}', 'starred_url': 'https://api.github.com/users/ramsessanchez/starred{/owner}{/repo}', 'subscriptions_url': 'https://api.github.com/users/ramsessanchez/subscriptions', 'organizations_url': 'https://api.github.com/users/ramsessanchez/orgs', 'repos_url': 'https://api.github.com/users/ramsessanchez/repos', 'events_url': 'https://api.github.com/users/ramsessanchez/events{/privacy}', 'received_events_url': 'https://api.github.com/users/ramsessanchez/received_events', 'type': 'User', 'site_admin': False}, 'body': 'This pull request was automatically created by the GitHub Action, **create pull request**. \n\n The commit hash is _71fc3b671414bb35f584603abde6ac30d02d06de_. \n\n **Important** Check for unexpected deletions or changes in this PR.', 'created_at': '2022-02-22T10:15:54Z', 'updated_at': '2022-02-22T10:15:54Z', 'closed_at': None, 'merged_at': None, 'merge_commit_sha': None, 'assignee': None, 'assignees': [], 'requested_reviewers': [], 'requested_teams': [], 'labels': [], 'milestone': None, 'draft': False, 'commits_url': 'https://api.github.com/repos/microsoftgraph/msgraph-beta-sdk-java/pulls/256/commits', 'review_comments_url': 'https://api.github.com/repos/microsoftgraph/msgraph-beta-sdk-java/pulls/256/comments', 'review_comment_url': 'https://api.github.com/repos/microsoftgraph/msgraph-beta-sdk-java/pulls/comments{/number}', 'comments_url': 'https://api.github.com/repos/microsoftgraph/msgraph-beta-sdk-java/issues/256/comments', 'statuses_url': 'https://api.github.com/repos/microsoftgraph/msgraph-beta-sdk-java/statuses/71fc3b671414bb35f584603abde6ac30d02d06de', 'head': {'label': 'microsoftgraph:beta/pipelinebuild/68218', 'ref': 'beta/pipelinebuild/68218', 'sha': '71fc3b671414bb35f584603abde6ac30d02d06de', 'user': {'login': 'microsoftgraph', 'id': 17304259, 'node_id': 'MDEyOk9yZ2FuaXphdGlvbjE3MzA0MjU5', 'avatar_url': 'https://avatars.githubusercontent.com/u/17304259?v=4', 'gravatar_id': '', 'url': 'https://api.github.com/users/microsoftgraph', 'html_url': 'https://github.com/microsoftgraph', 'followers_url': 'https://api.github.com/users/microsoftgraph/followers', 'following_url': 'https://api.github.com/users/microsoftgraph/following{/other_user}', 'gists_url': 'https://api.github.com/users/microsoftgraph/gists{/gist_id}', 'starred_url': 'https://api.github.com/users/microsoftgraph/starred{/owner}{/repo}', 'subscriptions_url': 'https://api.github.com/users/microsoftgraph/subscriptions', 'organizations_url': 'https://api.github.com/users/microsoftgraph/orgs', 'repos_url': 'https://api.github.com/users/microsoftgraph/repos', 'events_url': 'https://api.github.com/users/microsoftgraph/events{/privacy}', 'received_events_url': 'https://api.github.com/users/microsoftgraph/received_events', 'type': 'Organization', 'site_admin': False}, 'repo': {'id': 204568878, 'node_id': 'MDEwOlJlcG9zaXRvcnkyMDQ1Njg4Nzg=', 'name': 'msgraph-beta-sdk-java', 'full_name': 'microsoftgraph/msgraph-beta-sdk-java', 'private': False, 'owner': {'login': 'microsoftgraph', 'id': 17304259, 'node_id': 'MDEyOk9yZ2FuaXphdGlvbjE3MzA0MjU5', 'avatar_url': 'https://avatars.githubusercontent.com/u/17304259?v=4', 'gravatar_id': '', 'url': 'https://api.github.com/users/microsoftgraph', 'html_url': 'https://github.com/microsoftgraph', 'followers_url': 'https://api.github.com/users/microsoftgraph/followers', 'following_url': 'https://api.github.com/users/microsoftgraph/following{/other_user}', 'gists_url': 'https://api.github.com/users/microsoftgraph/gists{/gist_id}', 'starred_url': 'https://api.github.com/users/microsoftgraph/starred{/owner}{/repo}', 'subscriptions_url': 'https://api.github.com/users/microsoftgraph/subscriptions', 'organizations_url': 'https://api.github.com/users/microsoftgraph/orgs', 'repos_url': 'https://api.github.com/users/microsoftgraph/repos', 'events_url': 'https://api.github.com/users/microsoftgraph/events{/privacy}', 'received_events_url': 'https://api.github.com/users/microsoftgraph/received_events', 'type': 'Organization', 'site_admin': False}, 'html_url': 'https://github.com/microsoftgraph/msgraph-beta-sdk-java', 'description': 'Microsoft Graph Beta Java SDK', 'fork': False, 'url': 'https://api.github.com/repos/microsoftgraph/msgraph-beta-sdk-java', 'forks_url': 'https://api.github.com/repos/microsoftgraph/msgraph-beta-sdk-java/forks', 'keys_url': 'https://api.github.com/repos/microsoftgraph/msgraph-beta-sdk-java/keys{/key_id}', 'collaborators_url': 'https://api.github.com/repos/microsoftgraph/msgraph-beta-sdk-java/collaborators{/collaborator}', 'teams_url': 'https://api.github.com/repos/microsoftgraph/msgraph-beta-sdk-java/teams', 'hooks_url': 'https://api.github.com/repos/microsoftgraph/msgraph-beta-sdk-java/hooks', 'issue_events_url': 'https://api.github.com/repos/microsoftgraph/msgraph-beta-sdk-java/issues/events{/number}', 'events_url': 'https://api.github.com/repos/microsoftgraph/msgraph-beta-sdk-java/events', 'assignees_url': 'https://api.github.com/repos/microsoftgraph/msgraph-beta-sdk-java/assignees{/user}', 'branches_url': 'https://api.github.com/repos/microsoftgraph/msgraph-beta-sdk-java/branches{/branch}', 'tags_url': 'https://api.github.com/repos/microsoftgraph/msgraph-beta-sdk-java/tags', 'blobs_url': 'https://api.github.com/repos/microsoftgraph/msgraph-beta-sdk-java/git/blobs{/sha}', 'git_tags_url': 'https://api.github.com/repos/microsoftgraph/msgraph-beta-sdk-java/git/tags{/sha}', 'git_refs_url': 'https://api.github.com/repos/microsoftgraph/msgraph-beta-sdk-java/git/refs{/sha}', 'trees_url': 'https://api.github.com/repos/microsoftgraph/msgraph-beta-sdk-java/git/trees{/sha}', 'statuses_url': 'https://api.github.com/repos/microsoftgraph/msgraph-beta-sdk-java/statuses/{sha}', 'languages_url': 'https://api.github.com/repos/microsoftgraph/msgraph-beta-sdk-java/languages', 'stargazers_url': 'https://api.github.com/repos/microsoftgraph/msgraph-beta-sdk-java/stargazers', 'contributors_url': 'https://api.github.com/repos/microsoftgraph/msgraph-beta-sdk-java/contributors', 'subscribers_url': 'https://api.github.com/repos/microsoftgraph/msgraph-beta-sdk-java/subscribers', 'subscription_url': 'https://api.github.com/repos/microsoftgraph/msgraph-beta-sdk-java/subscription', 'commits_url': 'https://api.github.com/repos/microsoftgraph/msgraph-beta-sdk-java/commits{/sha}', 'git_commits_url': 'https://api.github.com/repos/microsoftgraph/msgraph-beta-sdk-java/git/commits{/sha}', 'comments_url': 'https://api.github.com/repos/microsoftgraph/msgraph-beta-sdk-java/comments{/number}', 'issue_comment_url': 'https://api.github.com/repos/microsoftgraph/msgraph-beta-sdk-java/issues/comments{/number}', 'contents_url': 'https://api.github.com/repos/microsoftgraph/msgraph-beta-sdk-java/contents/{+path}', 'compare_url': 'https://api.github.com/repos/microsoftgraph/msgraph-beta-sdk-java/compare/{base}...{head}', 'merges_url': 'https://api.github.com/repos/microsoftgraph/msgraph-beta-sdk-java/merges', 'archive_url': 'https://api.github.com/repos/microsoftgraph/msgraph-beta-sdk-java/{archive_format}{/ref}', 'downloads_url': 'https://api.github.com/repos/microsoftgraph/msgraph-beta-sdk-java/downloads', 'issues_url': 'https://api.github.com/repos/microsoftgraph/msgraph-beta-sdk-java/issues{/number}', 'pulls_url': 'https://api.github.com/repos/microsoftgraph/msgraph-beta-sdk-java/pulls{/number}', 'milestones_url': 'https://api.github.com/repos/microsoftgraph/msgraph-beta-sdk-java/milestones{/number}', 'notifications_url': 'https://api.github.com/repos/microsoftgraph/msgraph-beta-sdk-java/notifications{?since,all,participating}', 'labels_url': 'https://api.github.com/repos/microsoftgraph/msgraph-beta-sdk-java/labels{/name}', 'releases_url': 'https://api.github.com/repos/microsoftgraph/msgraph-beta-sdk-java/releases{/id}', 'deployments_url': 'https://api.github.com/repos/microsoftgraph/msgraph-beta-sdk-java/deployments', 'created_at': '2019-08-26T21:59:24Z', 'updated_at': '2022-01-06T17:44:15Z', 'pushed_at': '2022-02-22T10:15:34Z', 'git_url': 'git://github.com/microsoftgraph/msgraph-beta-sdk-java.git', 'ssh_url': 'git@github.com:microsoftgraph/msgraph-beta-sdk-java.git', 'clone_url': 'https://github.com/microsoftgraph/msgraph-beta-sdk-java.git', 'svn_url': 'https://github.com/microsoftgraph/msgraph-beta-sdk-java', 'homepage': 'https://docs.microsoft.com/en-us/graph/sdks/use-beta?tabs=Java', 'size': 50863, 'stargazers_count': 7, 'watchers_count': 7, 'language': 'Java', 'has_issues': True, 'has_projects': True, 'has_downloads': True, 'has_wiki': False, 'has_pages': False, 'forks_count': 5, 'mirror_url': None, 'archived': False, 'disabled': False, 'open_issues_count': 4, 'license': {'key': 'mit', 'name': 'MIT License', 'spdx_id': 'MIT', 'url': 'https://api.github.com/licenses/mit', 'node_id': 'MDc6TGljZW5zZTEz'}, 'allow_forking': True, 'is_template': False, 'topics': ['java', 'microsoft-graph', 'sdk'], 'visibility': 'public', 'forks': 5, 'open_issues': 4, 'watchers': 7, 'default_branch': 'dev'}}, 'base': {'label': 'microsoftgraph:dev', 'ref': 'dev', 'sha': 'f422abd6e4b59e20f4545c3077d2e57c5efe1091', 'user': {'login': 'microsoftgraph', 'id': 17304259, 'node_id': 'MDEyOk9yZ2FuaXphdGlvbjE3MzA0MjU5', 'avatar_url': 'https://avatars.githubusercontent.com/u/17304259?v=4', 'gravatar_id': '', 'url': 'https://api.github.com/users/microsoftgraph', 'html_url': 'https://github.com/microsoftgraph', 'followers_url': 'https://api.github.com/users/microsoftgraph/followers', 'following_url': 'https://api.github.com/users/microsoftgraph/following{/other_user}', 'gists_url': 'https://api.github.com/users/microsoftgraph/gists{/gist_id}', 'starred_url': 'https://api.github.com/users/microsoftgraph/starred{/owner}{/repo}', 'subscriptions_url': 'https://api.github.com/users/microsoftgraph/subscriptions', 'organizations_url': 'https://api.github.com/users/microsoftgraph/orgs', 'repos_url': 'https://api.github.com/users/microsoftgraph/repos', 'events_url': 'https://api.github.com/users/microsoftgraph/events{/privacy}', 'received_events_url': 'https://api.github.com/users/microsoftgraph/received_events', 'type': 'Organization', 'site_admin': False}, 'repo': {'id': 204568878, 'node_id': 'MDEwOlJlcG9zaXRvcnkyMDQ1Njg4Nzg=', 'name': 'msgraph-beta-sdk-java', 'full_name': 'microsoftgraph/msgraph-beta-sdk-java', 'private': False, 'owner': {'login': 'microsoftgraph', 'id': 17304259, 'node_id': 'MDEyOk9yZ2FuaXphdGlvbjE3MzA0MjU5', 'avatar_url': 'https://avatars.githubusercontent.com/u/17304259?v=4', 'gravatar_id': '', 'url': 'https://api.github.com/users/microsoftgraph', 'html_url': 'https://github.com/microsoftgraph', 'followers_url': 'https://api.github.com/users/microsoftgraph/followers', 'following_url': 'https://api.github.com/users/microsoftgraph/following{/other_user}', 'gists_url': 'https://api.github.com/users/microsoftgraph/gists{/gist_id}', 'starred_url': 'https://api.github.com/users/microsoftgraph/starred{/owner}{/repo}', 'subscriptions_url': 'https://api.github.com/users/microsoftgraph/subscriptions', 'organizations_url': 'https://api.github.com/users/microsoftgraph/orgs', 'repos_url': 'https://api.github.com/users/microsoftgraph/repos', 'events_url': 'https://api.github.com/users/microsoftgraph/events{/privacy}', 'received_events_url': 'https://api.github.com/users/microsoftgraph/received_events', 'type': 'Organization', 'site_admin': False}, 'html_url': 'https://github.com/microsoftgraph/msgraph-beta-sdk-java', 'description': 'Microsoft Graph Beta Java SDK', 'fork': False, 'url': 'https://api.github.com/repos/microsoftgraph/msgraph-beta-sdk-java', 'forks_url': 'https://api.github.com/repos/microsoftgraph/msgraph-beta-sdk-java/forks', 'keys_url': 'https://api.github.com/repos/microsoftgraph/msgraph-beta-sdk-java/keys{/key_id}', 'collaborators_url': 'https://api.github.com/repos/microsoftgraph/msgraph-beta-sdk-java/collaborators{/collaborator}', 'teams_url': 'https://api.github.com/repos/microsoftgraph/msgraph-beta-sdk-java/teams', 'hooks_url': 'https://api.github.com/repos/microsoftgraph/msgraph-beta-sdk-java/hooks', 'issue_events_url': 'https://api.github.com/repos/microsoftgraph/msgraph-beta-sdk-java/issues/events{/number}', 'events_url': 'https://api.github.com/repos/microsoftgraph/msgraph-beta-sdk-java/events', 'assignees_url': 'https://api.github.com/repos/microsoftgraph/msgraph-beta-sdk-java/assignees{/user}', 'branches_url': 'https://api.github.com/repos/microsoftgraph/msgraph-beta-sdk-java/branches{/branch}', 'tags_url': 'https://api.github.com/repos/microsoftgraph/msgraph-beta-sdk-java/tags', 'blobs_url': 'https://api.github.com/repos/microsoftgraph/msgraph-beta-sdk-java/git/blobs{/sha}', 'git_tags_url': 'https://api.github.com/repos/microsoftgraph/msgraph-beta-sdk-java/git/tags{/sha}', 'git_refs_url': 'https://api.github.com/repos/microsoftgraph/msgraph-beta-sdk-java/git/refs{/sha}', 'trees_url': 'https://api.github.com/repos/microsoftgraph/msgraph-beta-sdk-java/git/trees{/sha}', 'statuses_url': 'https://api.github.com/repos/microsoftgraph/msgraph-beta-sdk-java/statuses/{sha}', 'languages_url': 'https://api.github.com/repos/microsoftgraph/msgraph-beta-sdk-java/languages', 'stargazers_url': 'https://api.github.com/repos/microsoftgraph/msgraph-beta-sdk-java/stargazers', 'contributors_url': 'https://api.github.com/repos/microsoftgraph/msgraph-beta-sdk-java/contributors', 'subscribers_url': 'https://api.github.com/repos/microsoftgraph/msgraph-beta-sdk-java/subscribers', 'subscription_url': 'https://api.github.com/repos/microsoftgraph/msgraph-beta-sdk-java/subscription', 'commits_url': 'https://api.github.com/repos/microsoftgraph/msgraph-beta-sdk-java/commits{/sha}', 'git_commits_url': 'https://api.github.com/repos/microsoftgraph/msgraph-beta-sdk-java/git/commits{/sha}', 'comments_url': 'https://api.github.com/repos/microsoftgraph/msgraph-beta-sdk-java/comments{/number}', 'issue_comment_url': 'https://api.github.com/repos/microsoftgraph/msgraph-beta-sdk-java/issues/comments{/number}', 'contents_url': 'https://api.github.com/repos/microsoftgraph/msgraph-beta-sdk-java/contents/{+path}', 'compare_url': 'https://api.github.com/repos/microsoftgraph/msgraph-beta-sdk-java/compare/{base}...{head}', 'merges_url': 'https://api.github.com/repos/microsoftgraph/msgraph-beta-sdk-java/merges', 'archive_url': 'https://api.github.com/repos/microsoftgraph/msgraph-beta-sdk-java/{archive_format}{/ref}', 'downloads_url': 'https://api.github.com/repos/microsoftgraph/msgraph-beta-sdk-java/downloads', 'issues_url': 'https://api.github.com/repos/microsoftgraph/msgraph-beta-sdk-java/issues{/number}', 'pulls_url': 'https://api.github.com/repos/microsoftgraph/msgraph-beta-sdk-java/pulls{/number}', 'milestones_url': 'https://api.github.com/repos/microsoftgraph/msgraph-beta-sdk-java/milestones{/number}', 'notifications_url': 'https://api.github.com/repos/microsoftgraph/msgraph-beta-sdk-java/notifications{?since,all,participating}', 'labels_url': 'https://api.github.com/repos/microsoftgraph/msgraph-beta-sdk-java/labels{/name}', 'releases_url': 'https://api.github.com/repos/microsoftgraph/msgraph-beta-sdk-java/releases{/id}', 'deployments_url': 'https://api.github.com/repos/microsoftgraph/msgraph-beta-sdk-java/deployments', 'created_at': '2019-08-26T21:59:24Z', 'updated_at': '2022-01-06T17:44:15Z', 'pushed_at': '2022-02-22T10:15:34Z', 'git_url': 'git://github.com/microsoftgraph/msgraph-beta-sdk-java.git', 'ssh_url': 'git@github.com:microsoftgraph/msgraph-beta-sdk-java.git', 'clone_url': 'https://github.com/microsoftgraph/msgraph-beta-sdk-java.git', 'svn_url': 'https://github.com/microsoftgraph/msgraph-beta-sdk-java', 'homepage': 'https://docs.microsoft.com/en-us/graph/sdks/use-beta?tabs=Java', 'size': 50863, 'stargazers_count': 7, 'watchers_count': 7, 'language': 'Java', 'has_issues': True, 'has_projects': True, 'has_downloads': True, 'has_wiki': False, 'has_pages': False, 'forks_count': 5, 'mirror_url': None, 'archived': False, 'disabled': False, 'open_issues_count': 4, 'license': {'key': 'mit', 'name': 'MIT License', 'spdx_id': 'MIT', 'url': 'https://api.github.com/licenses/mit', 'node_id': 'MDc6TGljZW5zZTEz'}, 'allow_forking': True, 'is_template': False, 'topics': ['java', 'microsoft-graph', 'sdk'], 'visibility': 'public', 'forks': 5, 'open_issues': 4, 'watchers': 7, 'default_branch': 'dev'}}, '_links': {'self': {'href': 'https://api.github.com/repos/microsoftgraph/msgraph-beta-sdk-java/pulls/256'}, 'html': {'href': 'https://github.com/microsoftgraph/msgraph-beta-sdk-java/pull/256'}, 'issue': {'href': 'https://api.github.com/repos/microsoftgraph/msgraph-beta-sdk-java/issues/256'}, 'comments': {'href': 'https://api.github.com/repos/microsoftgraph/msgraph-beta-sdk-java/issues/256/comments'}, 'review_comments': {'href': 'https://api.github.com/repos/microsoftgraph/msgraph-beta-sdk-java/pulls/256/comments'}, 'review_comment': {'href': 'https://api.github.com/repos/microsoftgraph/msgraph-beta-sdk-java/pulls/comments{/number}'}, 'commits': {'href': 'https://api.github.com/repos/microsoftgraph/msgraph-beta-sdk-java/pulls/256/commits'}, 'statuses': {'href': 'https://api.github.com/repos/microsoftgraph/msgraph-beta-sdk-java/statuses/71fc3b671414bb35f584603abde6ac30d02d06de'}}, 'author_association': 'CONTRIBUTOR', 'auto_merge': None, 'active_lock_reason': None, 'merged': False, 'mergeable': None, 'rebaseable': None, 'mergeable_state': 'unknown', 'merged_by': None, 'comments': 0, 'review_comments': 0, 'maintainer_can_modify': False, 'commits': 1, 'additions': 11989, 'deletions': 1407, 'changed_files': 496}}",opened,Java
20389085597,PullRequestEvent,microsoftgraph/msgraph-sdk-java,0.0,2022-02-22T10:07:53Z,"{'action': 'opened', 'number': 1012, 'pull_request': {'url': 'https://api.github.com/repos/microsoftgraph/msgraph-sdk-java/pulls/1012', 'id': 860248450, 'node_id': 'PR_kwDOBig9Oc4zRlmC', 'html_url': 'https://github.com/microsoftgraph/msgraph-sdk-java/pull/1012', 'diff_url': 'https://github.com/microsoftgraph/msgraph-sdk-java/pull/1012.diff', 'patch_url': 'https://github.com/microsoftgraph/msgraph-sdk-java/pull/1012.patch', 'issue_url': 'https://api.github.com/repos/microsoftgraph/msgraph-sdk-java/issues/1012', 'number': 1012, 'state': 'open', 'locked': False, 'title': 'Generated v1.0 models and request builders using Typewriter', 'user': {'login': 'ramsessanchez', 'id': 63934382, 'node_id': 'MDQ6VXNlcjYzOTM0Mzgy', 'avatar_url': 'https://avatars.githubusercontent.com/u/63934382?v=4', 'gravatar_id': '', 'url': 'https://api.github.com/users/ramsessanchez', 'html_url': 'https://github.com/ramsessanchez', 'followers_url': 'https://api.github.com/users/ramsessanchez/followers', 'following_url': 'https://api.github.com/users/ramsessanchez/following{/other_user}', 'gists_url': 'https://api.github.com/users/ramsessanchez/gists{/gist_id}', 'starred_url': 'https://api.github.com/users/ramsessanchez/starred{/owner}{/repo}', 'subscriptions_url': 'https://api.github.com/users/ramsessanchez/subscriptions', 'organizations_url': 'https://api.github.com/users/ramsessanchez/orgs', 'repos_url': 'https://api.github.com/users/ramsessanchez/repos', 'events_url': 'https://api.github.com/users/ramsessanchez/events{/privacy}', 'received_events_url': 'https://api.github.com/users/ramsessanchez/received_events', 'type': 'User', 'site_admin': False}, 'body': 'This pull request was automatically created by the GitHub Action, **create pull request**. \n\n The commit hash is _410409209ffcf9439504ce5d0ec090ae77889857_. \n\n **Important** Check for unexpected deletions or changes in this PR.', 'created_at': '2022-02-22T10:07:53Z', 'updated_at': '2022-02-22T10:07:53Z', 'closed_at': None, 'merged_at': None, 'merge_commit_sha': None, 'assignee': None, 'assignees': [], 'requested_reviewers': [], 'requested_teams': [], 'labels': [], 'milestone': None, 'draft': False, 'commits_url': 'https://api.github.com/repos/microsoftgraph/msgraph-sdk-java/pulls/1012/commits', 'review_comments_url': 'https://api.github.com/repos/microsoftgraph/msgraph-sdk-java/pulls/1012/comments', 'review_comment_url': 'https://api.github.com/repos/microsoftgraph/msgraph-sdk-java/pulls/comments{/number}', 'comments_url': 'https://api.github.com/repos/microsoftgraph/msgraph-sdk-java/issues/1012/comments', 'statuses_url': 'https://api.github.com/repos/microsoftgraph/msgraph-sdk-java/statuses/410409209ffcf9439504ce5d0ec090ae77889857', 'head': {'label': 'microsoftgraph:v1.0/pipelinebuild/68218', 'ref': 'v1.0/pipelinebuild/68218', 'sha': '410409209ffcf9439504ce5d0ec090ae77889857', 'user': {'login': 'microsoftgraph', 'id': 17304259, 'node_id': 'MDEyOk9yZ2FuaXphdGlvbjE3MzA0MjU5', 'avatar_url': 'https://avatars.githubusercontent.com/u/17304259?v=4', 'gravatar_id': '', 'url': 'https://api.github.com/users/microsoftgraph', 'html_url': 'https://github.com/microsoftgraph', 'followers_url': 'https://api.github.com/users/microsoftgraph/followers', 'following_url': 'https://api.github.com/users/microsoftgraph/following{/other_user}', 'gists_url': 'https://api.github.com/users/microsoftgraph/gists{/gist_id}', 'starred_url': 'https://api.github.com/users/microsoftgraph/starred{/owner}{/repo}', 'subscriptions_url': 'https://api.github.com/users/microsoftgraph/subscriptions', 'organizations_url': 'https://api.github.com/users/microsoftgraph/orgs', 'repos_url': 'https://api.github.com/users/microsoftgraph/repos', 'events_url': 'https://api.github.com/users/microsoftgraph/events{/privacy}', 'received_events_url': 'https://api.github.com/users/microsoftgraph/received_events', 'type': 'Organization', 'site_admin': False}, 'repo': {'id': 103300409, 'node_id': 'MDEwOlJlcG9zaXRvcnkxMDMzMDA0MDk=', 'name': 'msgraph-sdk-java', 'full_name': 'microsoftgraph/msgraph-sdk-java', 'private': False, 'owner': {'login': 'microsoftgraph', 'id': 17304259, 'node_id': 'MDEyOk9yZ2FuaXphdGlvbjE3MzA0MjU5', 'avatar_url': 'https://avatars.githubusercontent.com/u/17304259?v=4', 'gravatar_id': '', 'url': 'https://api.github.com/users/microsoftgraph', 'html_url': 'https://github.com/microsoftgraph', 'followers_url': 'https://api.github.com/users/microsoftgraph/followers', 'following_url': 'https://api.github.com/users/microsoftgraph/following{/other_user}', 'gists_url': 'https://api.github.com/users/microsoftgraph/gists{/gist_id}', 'starred_url': 'https://api.github.com/users/microsoftgraph/starred{/owner}{/repo}', 'subscriptions_url': 'https://api.github.com/users/microsoftgraph/subscriptions', 'organizations_url': 'https://api.github.com/users/microsoftgraph/orgs', 'repos_url': 'https://api.github.com/users/microsoftgraph/repos', 'events_url': 'https://api.github.com/users/microsoftgraph/events{/privacy}', 'received_events_url': 'https://api.github.com/users/microsoftgraph/received_events', 'type': 'Organization', 'site_admin': False}, 'html_url': 'https://github.com/microsoftgraph/msgraph-sdk-java', 'description': 'Microsoft Graph SDK for Java', 'fork': False, 'url': 'https://api.github.com/repos/microsoftgraph/msgraph-sdk-java', 'forks_url': 'https://api.github.com/repos/microsoftgraph/msgraph-sdk-java/forks', 'keys_url': 'https://api.github.com/repos/microsoftgraph/msgraph-sdk-java/keys{/key_id}', 'collaborators_url': 'https://api.github.com/repos/microsoftgraph/msgraph-sdk-java/collaborators{/collaborator}', 'teams_url': 'https://api.github.com/repos/microsoftgraph/msgraph-sdk-java/teams', 'hooks_url': 'https://api.github.com/repos/microsoftgraph/msgraph-sdk-java/hooks', 'issue_events_url': 'https://api.github.com/repos/microsoftgraph/msgraph-sdk-java/issues/events{/number}', 'events_url': 'https://api.github.com/repos/microsoftgraph/msgraph-sdk-java/events', 'assignees_url': 'https://api.github.com/repos/microsoftgraph/msgraph-sdk-java/assignees{/user}', 'branches_url': 'https://api.github.com/repos/microsoftgraph/msgraph-sdk-java/branches{/branch}', 'tags_url': 'https://api.github.com/repos/microsoftgraph/msgraph-sdk-java/tags', 'blobs_url': 'https://api.github.com/repos/microsoftgraph/msgraph-sdk-java/git/blobs{/sha}', 'git_tags_url': 'https://api.github.com/repos/microsoftgraph/msgraph-sdk-java/git/tags{/sha}', 'git_refs_url': 'https://api.github.com/repos/microsoftgraph/msgraph-sdk-java/git/refs{/sha}', 'trees_url': 'https://api.github.com/repos/microsoftgraph/msgraph-sdk-java/git/trees{/sha}', 'statuses_url': 'https://api.github.com/repos/microsoftgraph/msgraph-sdk-java/statuses/{sha}', 'languages_url': 'https://api.github.com/repos/microsoftgraph/msgraph-sdk-java/languages', 'stargazers_url': 'https://api.github.com/repos/microsoftgraph/msgraph-sdk-java/stargazers', 'contributors_url': 'https://api.github.com/repos/microsoftgraph/msgraph-sdk-java/contributors', 'subscribers_url': 'https://api.github.com/repos/microsoftgraph/msgraph-sdk-java/subscribers', 'subscription_url': 'https://api.github.com/repos/microsoftgraph/msgraph-sdk-java/subscription', 'commits_url': 'https://api.github.com/repos/microsoftgraph/msgraph-sdk-java/commits{/sha}', 'git_commits_url': 'https://api.github.com/repos/microsoftgraph/msgraph-sdk-java/git/commits{/sha}', 'comments_url': 'https://api.github.com/repos/microsoftgraph/msgraph-sdk-java/comments{/number}', 'issue_comment_url': 'https://api.github.com/repos/microsoftgraph/msgraph-sdk-java/issues/comments{/number}', 'contents_url': 'https://api.github.com/repos/microsoftgraph/msgraph-sdk-java/contents/{+path}', 'compare_url': 'https://api.github.com/repos/microsoftgraph/msgraph-sdk-java/compare/{base}...{head}', 'merges_url': 'https://api.github.com/repos/microsoftgraph/msgraph-sdk-java/merges', 'archive_url': 'https://api.github.com/repos/microsoftgraph/msgraph-sdk-java/{archive_format}{/ref}', 'downloads_url': 'https://api.github.com/repos/microsoftgraph/msgraph-sdk-java/downloads', 'issues_url': 'https://api.github.com/repos/microsoftgraph/msgraph-sdk-java/issues{/number}', 'pulls_url': 'https://api.github.com/repos/microsoftgraph/msgraph-sdk-java/pulls{/number}', 'milestones_url': 'https://api.github.com/repos/microsoftgraph/msgraph-sdk-java/milestones{/number}', 'notifications_url': 'https://api.github.com/repos/microsoftgraph/msgraph-sdk-java/notifications{?since,all,participating}', 'labels_url': 'https://api.github.com/repos/microsoftgraph/msgraph-sdk-java/labels{/name}', 'releases_url': 'https://api.github.com/repos/microsoftgraph/msgraph-sdk-java/releases{/id}', 'deployments_url': 'https://api.github.com/repos/microsoftgraph/msgraph-sdk-java/deployments', 'created_at': '2017-09-12T17:20:15Z', 'updated_at': '2022-02-19T16:54:59Z', 'pushed_at': '2022-02-22T10:07:53Z', 'git_url': 'git://github.com/microsoftgraph/msgraph-sdk-java.git', 'ssh_url': 'git@github.com:microsoftgraph/msgraph-sdk-java.git', 'clone_url': 'https://github.com/microsoftgraph/msgraph-sdk-java.git', 'svn_url': 'https://github.com/microsoftgraph/msgraph-sdk-java', 'homepage': 'https://docs.microsoft.com/en-us/graph/sdks/sdks-overview', 'size': 58477, 'stargazers_count': 238, 'watchers_count': 238, 'language': 'Java', 'has_issues': True, 'has_projects': True, 'has_downloads': True, 'has_wiki': False, 'has_pages': False, 'forks_count': 100, 'mirror_url': None, 'archived': False, 'disabled': False, 'open_issues_count': 3, 'license': {'key': 'mit', 'name': 'MIT License', 'spdx_id': 'MIT', 'url': 'https://api.github.com/licenses/mit', 'node_id': 'MDc6TGljZW5zZTEz'}, 'allow_forking': True, 'is_template': False, 'topics': ['java', 'microsoft-graph', 'microsoft-graph-sdk', 'sdk'], 'visibility': 'public', 'forks': 100, 'open_issues': 3, 'watchers': 238, 'default_branch': 'dev'}}, 'base': {'label': 'microsoftgraph:dev', 'ref': 'dev', 'sha': '04f169a27d7337f7e5a974e78dade8d502b82e28', 'user': {'login': 'microsoftgraph', 'id': 17304259, 'node_id': 'MDEyOk9yZ2FuaXphdGlvbjE3MzA0MjU5', 'avatar_url': 'https://avatars.githubusercontent.com/u/17304259?v=4', 'gravatar_id': '', 'url': 'https://api.github.com/users/microsoftgraph', 'html_url': 'https://github.com/microsoftgraph', 'followers_url': 'https://api.github.com/users/microsoftgraph/followers', 'following_url': 'https://api.github.com/users/microsoftgraph/following{/other_user}', 'gists_url': 'https://api.github.com/users/microsoftgraph/gists{/gist_id}', 'starred_url': 'https://api.github.com/users/microsoftgraph/starred{/owner}{/repo}', 'subscriptions_url': 'https://api.github.com/users/microsoftgraph/subscriptions', 'organizations_url': 'https://api.github.com/users/microsoftgraph/orgs', 'repos_url': 'https://api.github.com/users/microsoftgraph/repos', 'events_url': 'https://api.github.com/users/microsoftgraph/events{/privacy}', 'received_events_url': 'https://api.github.com/users/microsoftgraph/received_events', 'type': 'Organization', 'site_admin': False}, 'repo': {'id': 103300409, 'node_id': 'MDEwOlJlcG9zaXRvcnkxMDMzMDA0MDk=', 'name': 'msgraph-sdk-java', 'full_name': 'microsoftgraph/msgraph-sdk-java', 'private': False, 'owner': {'login': 'microsoftgraph', 'id': 17304259, 'node_id': 'MDEyOk9yZ2FuaXphdGlvbjE3MzA0MjU5', 'avatar_url': 'https://avatars.githubusercontent.com/u/17304259?v=4', 'gravatar_id': '', 'url': 'https://api.github.com/users/microsoftgraph', 'html_url': 'https://github.com/microsoftgraph', 'followers_url': 'https://api.github.com/users/microsoftgraph/followers', 'following_url': 'https://api.github.com/users/microsoftgraph/following{/other_user}', 'gists_url': 'https://api.github.com/users/microsoftgraph/gists{/gist_id}', 'starred_url': 'https://api.github.com/users/microsoftgraph/starred{/owner}{/repo}', 'subscriptions_url': 'https://api.github.com/users/microsoftgraph/subscriptions', 'organizations_url': 'https://api.github.com/users/microsoftgraph/orgs', 'repos_url': 'https://api.github.com/users/microsoftgraph/repos', 'events_url': 'https://api.github.com/users/microsoftgraph/events{/privacy}', 'received_events_url': 'https://api.github.com/users/microsoftgraph/received_events', 'type': 'Organization', 'site_admin': False}, 'html_url': 'https://github.com/microsoftgraph/msgraph-sdk-java', 'description': 'Microsoft Graph SDK for Java', 'fork': False, 'url': 'https://api.github.com/repos/microsoftgraph/msgraph-sdk-java', 'forks_url': 'https://api.github.com/repos/microsoftgraph/msgraph-sdk-java/forks', 'keys_url': 'https://api.github.com/repos/microsoftgraph/msgraph-sdk-java/keys{/key_id}', 'collaborators_url': 'https://api.github.com/repos/microsoftgraph/msgraph-sdk-java/collaborators{/collaborator}', 'teams_url': 'https://api.github.com/repos/microsoftgraph/msgraph-sdk-java/teams', 'hooks_url': 'https://api.github.com/repos/microsoftgraph/msgraph-sdk-java/hooks', 'issue_events_url': 'https://api.github.com/repos/microsoftgraph/msgraph-sdk-java/issues/events{/number}', 'events_url': 'https://api.github.com/repos/microsoftgraph/msgraph-sdk-java/events', 'assignees_url': 'https://api.github.com/repos/microsoftgraph/msgraph-sdk-java/assignees{/user}', 'branches_url': 'https://api.github.com/repos/microsoftgraph/msgraph-sdk-java/branches{/branch}', 'tags_url': 'https://api.github.com/repos/microsoftgraph/msgraph-sdk-java/tags', 'blobs_url': 'https://api.github.com/repos/microsoftgraph/msgraph-sdk-java/git/blobs{/sha}', 'git_tags_url': 'https://api.github.com/repos/microsoftgraph/msgraph-sdk-java/git/tags{/sha}', 'git_refs_url': 'https://api.github.com/repos/microsoftgraph/msgraph-sdk-java/git/refs{/sha}', 'trees_url': 'https://api.github.com/repos/microsoftgraph/msgraph-sdk-java/git/trees{/sha}', 'statuses_url': 'https://api.github.com/repos/microsoftgraph/msgraph-sdk-java/statuses/{sha}', 'languages_url': 'https://api.github.com/repos/microsoftgraph/msgraph-sdk-java/languages', 'stargazers_url': 'https://api.github.com/repos/microsoftgraph/msgraph-sdk-java/stargazers', 'contributors_url': 'https://api.github.com/repos/microsoftgraph/msgraph-sdk-java/contributors', 'subscribers_url': 'https://api.github.com/repos/microsoftgraph/msgraph-sdk-java/subscribers', 'subscription_url': 'https://api.github.com/repos/microsoftgraph/msgraph-sdk-java/subscription', 'commits_url': 'https://api.github.com/repos/microsoftgraph/msgraph-sdk-java/commits{/sha}', 'git_commits_url': 'https://api.github.com/repos/microsoftgraph/msgraph-sdk-java/git/commits{/sha}', 'comments_url': 'https://api.github.com/repos/microsoftgraph/msgraph-sdk-java/comments{/number}', 'issue_comment_url': 'https://api.github.com/repos/microsoftgraph/msgraph-sdk-java/issues/comments{/number}', 'contents_url': 'https://api.github.com/repos/microsoftgraph/msgraph-sdk-java/contents/{+path}', 'compare_url': 'https://api.github.com/repos/microsoftgraph/msgraph-sdk-java/compare/{base}...{head}', 'merges_url': 'https://api.github.com/repos/microsoftgraph/msgraph-sdk-java/merges', 'archive_url': 'https://api.github.com/repos/microsoftgraph/msgraph-sdk-java/{archive_format}{/ref}', 'downloads_url': 'https://api.github.com/repos/microsoftgraph/msgraph-sdk-java/downloads', 'issues_url': 'https://api.github.com/repos/microsoftgraph/msgraph-sdk-java/issues{/number}', 'pulls_url': 'https://api.github.com/repos/microsoftgraph/msgraph-sdk-java/pulls{/number}', 'milestones_url': 'https://api.github.com/repos/microsoftgraph/msgraph-sdk-java/milestones{/number}', 'notifications_url': 'https://api.github.com/repos/microsoftgraph/msgraph-sdk-java/notifications{?since,all,participating}', 'labels_url': 'https://api.github.com/repos/microsoftgraph/msgraph-sdk-java/labels{/name}', 'releases_url': 'https://api.github.com/repos/microsoftgraph/msgraph-sdk-java/releases{/id}', 'deployments_url': 'https://api.github.com/repos/microsoftgraph/msgraph-sdk-java/deployments', 'created_at': '2017-09-12T17:20:15Z', 'updated_at': '2022-02-19T16:54:59Z', 'pushed_at': '2022-02-22T10:07:53Z', 'git_url': 'git://github.com/microsoftgraph/msgraph-sdk-java.git', 'ssh_url': 'git@github.com:microsoftgraph/msgraph-sdk-java.git', 'clone_url': 'https://github.com/microsoftgraph/msgraph-sdk-java.git', 'svn_url': 'https://github.com/microsoftgraph/msgraph-sdk-java', 'homepage': 'https://docs.microsoft.com/en-us/graph/sdks/sdks-overview', 'size': 58477, 'stargazers_count': 238, 'watchers_count': 238, 'language': 'Java', 'has_issues': True, 'has_projects': True, 'has_downloads': True, 'has_wiki': False, 'has_pages': False, 'forks_count': 100, 'mirror_url': None, 'archived': False, 'disabled': False, 'open_issues_count': 3, 'license': {'key': 'mit', 'name': 'MIT License', 'spdx_id': 'MIT', 'url': 'https://api.github.com/licenses/mit', 'node_id': 'MDc6TGljZW5zZTEz'}, 'allow_forking': True, 'is_template': False, 'topics': ['java', 'microsoft-graph', 'microsoft-graph-sdk', 'sdk'], 'visibility': 'public', 'forks': 100, 'open_issues': 3, 'watchers': 238, 'default_branch': 'dev'}}, '_links': {'self': {'href': 'https://api.github.com/repos/microsoftgraph/msgraph-sdk-java/pulls/1012'}, 'html': {'href': 'https://github.com/microsoftgraph/msgraph-sdk-java/pull/1012'}, 'issue': {'href': 'https://api.github.com/repos/microsoftgraph/msgraph-sdk-java/issues/1012'}, 'comments': {'href': 'https://api.github.com/repos/microsoftgraph/msgraph-sdk-java/issues/1012/comments'}, 'review_comments': {'href': 'https://api.github.com/repos/microsoftgraph/msgraph-sdk-java/pulls/1012/comments'}, 'review_comment': {'href': 'https://api.github.com/repos/microsoftgraph/msgraph-sdk-java/pulls/comments{/number}'}, 'commits': {'href': 'https://api.github.com/repos/microsoftgraph/msgraph-sdk-java/pulls/1012/commits'}, 'statuses': {'href': 'https://api.github.com/repos/microsoftgraph/msgraph-sdk-java/statuses/410409209ffcf9439504ce5d0ec090ae77889857'}}, 'author_association': 'CONTRIBUTOR', 'auto_merge': None, 'active_lock_reason': None, 'merged': False, 'mergeable': None, 'rebaseable': None, 'mergeable_state': 'unknown', 'merged_by': None, 'comments': 0, 'review_comments': 0, 'maintainer_can_modify': False, 'commits': 1, 'additions': 80, 'deletions': 21, 'changed_files': 17}}",opened,Java
20312941286,PullRequestEvent,microsoftgraph/msgraph-beta-sdk-java,0.0,2022-02-17T15:17:25Z,"{'action': 'opened', 'number': 255, 'pull_request': {'url': 'https://api.github.com/repos/microsoftgraph/msgraph-beta-sdk-java/pulls/255', 'id': 855595492, 'node_id': 'PR_kwDODDF5Ls4y_1nk', 'html_url': 'https://github.com/microsoftgraph/msgraph-beta-sdk-java/pull/255', 'diff_url': 'https://github.com/microsoftgraph/msgraph-beta-sdk-java/pull/255.diff', 'patch_url': 'https://github.com/microsoftgraph/msgraph-beta-sdk-java/pull/255.patch', 'issue_url': 'https://api.github.com/repos/microsoftgraph/msgraph-beta-sdk-java/issues/255', 'number': 255, 'state': 'open', 'locked': False, 'title': 'Generated beta models and request builders using Typewriter', 'user': {'login': 'ramsessanchez', 'id': 63934382, 'node_id': 'MDQ6VXNlcjYzOTM0Mzgy', 'avatar_url': 'https://avatars.githubusercontent.com/u/63934382?v=4', 'gravatar_id': '', 'url': 'https://api.github.com/users/ramsessanchez', 'html_url': 'https://github.com/ramsessanchez', 'followers_url': 'https://api.github.com/users/ramsessanchez/followers', 'following_url': 'https://api.github.com/users/ramsessanchez/following{/other_user}', 'gists_url': 'https://api.github.com/users/ramsessanchez/gists{/gist_id}', 'starred_url': 'https://api.github.com/users/ramsessanchez/starred{/owner}{/repo}', 'subscriptions_url': 'https://api.github.com/users/ramsessanchez/subscriptions', 'organizations_url': 'https://api.github.com/users/ramsessanchez/orgs', 'repos_url': 'https://api.github.com/users/ramsessanchez/repos', 'events_url': 'https://api.github.com/users/ramsessanchez/events{/privacy}', 'received_events_url': 'https://api.github.com/users/ramsessanchez/received_events', 'type': 'User', 'site_admin': False}, 'body': 'This pull request was automatically created by the GitHub Action, **create pull request**. \n\n The commit hash is _bcefde1018a277dea0ceacc580897374d95768ed_. \n\n **Important** Check for unexpected deletions or changes in this PR.', 'created_at': '2022-02-17T15:17:24Z', 'updated_at': '2022-02-17T15:17:24Z', 'closed_at': None, 'merged_at': None, 'merge_commit_sha': None, 'assignee': None, 'assignees': [], 'requested_reviewers': [], 'requested_teams': [], 'labels': [], 'milestone': None, 'draft': False, 'commits_url': 'https://api.github.com/repos/microsoftgraph/msgraph-beta-sdk-java/pulls/255/commits', 'review_comments_url': 'https://api.github.com/repos/microsoftgraph/msgraph-beta-sdk-java/pulls/255/comments', 'review_comment_url': 'https://api.github.com/repos/microsoftgraph/msgraph-beta-sdk-java/pulls/comments{/number}', 'comments_url': 'https://api.github.com/repos/microsoftgraph/msgraph-beta-sdk-java/issues/255/comments', 'statuses_url': 'https://api.github.com/repos/microsoftgraph/msgraph-beta-sdk-java/statuses/bcefde1018a277dea0ceacc580897374d95768ed', 'head': {'label': 'microsoftgraph:beta/pipelinebuild/67808', 'ref': 'beta/pipelinebuild/67808', 'sha': 'bcefde1018a277dea0ceacc580897374d95768ed', 'user': {'login': 'microsoftgraph', 'id': 17304259, 'node_id': 'MDEyOk9yZ2FuaXphdGlvbjE3MzA0MjU5', 'avatar_url': 'https://avatars.githubusercontent.com/u/17304259?v=4', 'gravatar_id': '', 'url': 'https://api.github.com/users/microsoftgraph', 'html_url': 'https://github.com/microsoftgraph', 'followers_url': 'https://api.github.com/users/microsoftgraph/followers', 'following_url': 'https://api.github.com/users/microsoftgraph/following{/other_user}', 'gists_url': 'https://api.github.com/users/microsoftgraph/gists{/gist_id}', 'starred_url': 'https://api.github.com/users/microsoftgraph/starred{/owner}{/repo}', 'subscriptions_url': 'https://api.github.com/users/microsoftgraph/subscriptions', 'organizations_url': 'https://api.github.com/users/microsoftgraph/orgs', 'repos_url': 'https://api.github.com/users/microsoftgraph/repos', 'events_url': 'https://api.github.com/users/microsoftgraph/events{/privacy}', 'received_events_url': 'https://api.github.com/users/microsoftgraph/received_events', 'type': 'Organization', 'site_admin': False}, 'repo': {'id': 204568878, 'node_id': 'MDEwOlJlcG9zaXRvcnkyMDQ1Njg4Nzg=', 'name': 'msgraph-beta-sdk-java', 'full_name': 'microsoftgraph/msgraph-beta-sdk-java', 'private': False, 'owner': {'login': 'microsoftgraph', 'id': 17304259, 'node_id': 'MDEyOk9yZ2FuaXphdGlvbjE3MzA0MjU5', 'avatar_url': 'https://avatars.githubusercontent.com/u/17304259?v=4', 'gravatar_id': '', 'url': 'https://api.github.com/users/microsoftgraph', 'html_url': 'https://github.com/microsoftgraph', 'followers_url': 'https://api.github.com/users/microsoftgraph/followers', 'following_url': 'https://api.github.com/users/microsoftgraph/following{/other_user}', 'gists_url': 'https://api.github.com/users/microsoftgraph/gists{/gist_id}', 'starred_url': 'https://api.github.com/users/microsoftgraph/starred{/owner}{/repo}', 'subscriptions_url': 'https://api.github.com/users/microsoftgraph/subscriptions', 'organizations_url': 'https://api.github.com/users/microsoftgraph/orgs', 'repos_url': 'https://api.github.com/users/microsoftgraph/repos', 'events_url': 'https://api.github.com/users/microsoftgraph/events{/privacy}', 'received_events_url': 'https://api.github.com/users/microsoftgraph/received_events', 'type': 'Organization', 'site_admin': False}, 'html_url': 'https://github.com/microsoftgraph/msgraph-beta-sdk-java', 'description': 'Microsoft Graph Beta Java SDK', 'fork': False, 'url': 'https://api.github.com/repos/microsoftgraph/msgraph-beta-sdk-java', 'forks_url': 'https://api.github.com/repos/microsoftgraph/msgraph-beta-sdk-java/forks', 'keys_url': 'https://api.github.com/repos/microsoftgraph/msgraph-beta-sdk-java/keys{/key_id}', 'collaborators_url': 'https://api.github.com/repos/microsoftgraph/msgraph-beta-sdk-java/collaborators{/collaborator}', 'teams_url': 'https://api.github.com/repos/microsoftgraph/msgraph-beta-sdk-java/teams', 'hooks_url': 'https://api.github.com/repos/microsoftgraph/msgraph-beta-sdk-java/hooks', 'issue_events_url': 'https://api.github.com/repos/microsoftgraph/msgraph-beta-sdk-java/issues/events{/number}', 'events_url': 'https://api.github.com/repos/microsoftgraph/msgraph-beta-sdk-java/events', 'assignees_url': 'https://api.github.com/repos/microsoftgraph/msgraph-beta-sdk-java/assignees{/user}', 'branches_url': 'https://api.github.com/repos/microsoftgraph/msgraph-beta-sdk-java/branches{/branch}', 'tags_url': 'https://api.github.com/repos/microsoftgraph/msgraph-beta-sdk-java/tags', 'blobs_url': 'https://api.github.com/repos/microsoftgraph/msgraph-beta-sdk-java/git/blobs{/sha}', 'git_tags_url': 'https://api.github.com/repos/microsoftgraph/msgraph-beta-sdk-java/git/tags{/sha}', 'git_refs_url': 'https://api.github.com/repos/microsoftgraph/msgraph-beta-sdk-java/git/refs{/sha}', 'trees_url': 'https://api.github.com/repos/microsoftgraph/msgraph-beta-sdk-java/git/trees{/sha}', 'statuses_url': 'https://api.github.com/repos/microsoftgraph/msgraph-beta-sdk-java/statuses/{sha}', 'languages_url': 'https://api.github.com/repos/microsoftgraph/msgraph-beta-sdk-java/languages', 'stargazers_url': 'https://api.github.com/repos/microsoftgraph/msgraph-beta-sdk-java/stargazers', 'contributors_url': 'https://api.github.com/repos/microsoftgraph/msgraph-beta-sdk-java/contributors', 'subscribers_url': 'https://api.github.com/repos/microsoftgraph/msgraph-beta-sdk-java/subscribers', 'subscription_url': 'https://api.github.com/repos/microsoftgraph/msgraph-beta-sdk-java/subscription', 'commits_url': 'https://api.github.com/repos/microsoftgraph/msgraph-beta-sdk-java/commits{/sha}', 'git_commits_url': 'https://api.github.com/repos/microsoftgraph/msgraph-beta-sdk-java/git/commits{/sha}', 'comments_url': 'https://api.github.com/repos/microsoftgraph/msgraph-beta-sdk-java/comments{/number}', 'issue_comment_url': 'https://api.github.com/repos/microsoftgraph/msgraph-beta-sdk-java/issues/comments{/number}', 'contents_url': 'https://api.github.com/repos/microsoftgraph/msgraph-beta-sdk-java/contents/{+path}', 'compare_url': 'https://api.github.com/repos/microsoftgraph/msgraph-beta-sdk-java/compare/{base}...{head}', 'merges_url': 'https://api.github.com/repos/microsoftgraph/msgraph-beta-sdk-java/merges', 'archive_url': 'https://api.github.com/repos/microsoftgraph/msgraph-beta-sdk-java/{archive_format}{/ref}', 'downloads_url': 'https://api.github.com/repos/microsoftgraph/msgraph-beta-sdk-java/downloads', 'issues_url': 'https://api.github.com/repos/microsoftgraph/msgraph-beta-sdk-java/issues{/number}', 'pulls_url': 'https://api.github.com/repos/microsoftgraph/msgraph-beta-sdk-java/pulls{/number}', 'milestones_url': 'https://api.github.com/repos/microsoftgraph/msgraph-beta-sdk-java/milestones{/number}', 'notifications_url': 'https://api.github.com/repos/microsoftgraph/msgraph-beta-sdk-java/notifications{?since,all,participating}', 'labels_url': 'https://api.github.com/repos/microsoftgraph/msgraph-beta-sdk-java/labels{/name}', 'releases_url': 'https://api.github.com/repos/microsoftgraph/msgraph-beta-sdk-java/releases{/id}', 'deployments_url': 'https://api.github.com/repos/microsoftgraph/msgraph-beta-sdk-java/deployments', 'created_at': '2019-08-26T21:59:24Z', 'updated_at': '2022-01-06T17:44:15Z', 'pushed_at': '2022-02-17T15:17:25Z', 'git_url': 'git://github.com/microsoftgraph/msgraph-beta-sdk-java.git', 'ssh_url': 'git@github.com:microsoftgraph/msgraph-beta-sdk-java.git', 'clone_url': 'https://github.com/microsoftgraph/msgraph-beta-sdk-java.git', 'svn_url': 'https://github.com/microsoftgraph/msgraph-beta-sdk-java', 'homepage': 'https://docs.microsoft.com/en-us/graph/sdks/use-beta?tabs=Java', 'size': 50331, 'stargazers_count': 7, 'watchers_count': 7, 'language': 'Java', 'has_issues': True, 'has_projects': True, 'has_downloads': True, 'has_wiki': False, 'has_pages': False, 'forks_count': 5, 'mirror_url': None, 'archived': False, 'disabled': False, 'open_issues_count': 4, 'license': {'key': 'mit', 'name': 'MIT License', 'spdx_id': 'MIT', 'url': 'https://api.github.com/licenses/mit', 'node_id': 'MDc6TGljZW5zZTEz'}, 'allow_forking': True, 'is_template': False, 'topics': ['java', 'microsoft-graph', 'sdk'], 'visibility': 'public', 'forks': 5, 'open_issues': 4, 'watchers': 7, 'default_branch': 'dev'}}, 'base': {'label': 'microsoftgraph:dev', 'ref': 'dev', 'sha': 'f422abd6e4b59e20f4545c3077d2e57c5efe1091', 'user': {'login': 'microsoftgraph', 'id': 17304259, 'node_id': 'MDEyOk9yZ2FuaXphdGlvbjE3MzA0MjU5', 'avatar_url': 'https://avatars.githubusercontent.com/u/17304259?v=4', 'gravatar_id': '', 'url': 'https://api.github.com/users/microsoftgraph', 'html_url': 'https://github.com/microsoftgraph', 'followers_url': 'https://api.github.com/users/microsoftgraph/followers', 'following_url': 'https://api.github.com/users/microsoftgraph/following{/other_user}', 'gists_url': 'https://api.github.com/users/microsoftgraph/gists{/gist_id}', 'starred_url': 'https://api.github.com/users/microsoftgraph/starred{/owner}{/repo}', 'subscriptions_url': 'https://api.github.com/users/microsoftgraph/subscriptions', 'organizations_url': 'https://api.github.com/users/microsoftgraph/orgs', 'repos_url': 'https://api.github.com/users/microsoftgraph/repos', 'events_url': 'https://api.github.com/users/microsoftgraph/events{/privacy}', 'received_events_url': 'https://api.github.com/users/microsoftgraph/received_events', 'type': 'Organization', 'site_admin': False}, 'repo': {'id': 204568878, 'node_id': 'MDEwOlJlcG9zaXRvcnkyMDQ1Njg4Nzg=', 'name': 'msgraph-beta-sdk-java', 'full_name': 'microsoftgraph/msgraph-beta-sdk-java', 'private': False, 'owner': {'login': 'microsoftgraph', 'id': 17304259, 'node_id': 'MDEyOk9yZ2FuaXphdGlvbjE3MzA0MjU5', 'avatar_url': 'https://avatars.githubusercontent.com/u/17304259?v=4', 'gravatar_id': '', 'url': 'https://api.github.com/users/microsoftgraph', 'html_url': 'https://github.com/microsoftgraph', 'followers_url': 'https://api.github.com/users/microsoftgraph/followers', 'following_url': 'https://api.github.com/users/microsoftgraph/following{/other_user}', 'gists_url': 'https://api.github.com/users/microsoftgraph/gists{/gist_id}', 'starred_url': 'https://api.github.com/users/microsoftgraph/starred{/owner}{/repo}', 'subscriptions_url': 'https://api.github.com/users/microsoftgraph/subscriptions', 'organizations_url': 'https://api.github.com/users/microsoftgraph/orgs', 'repos_url': 'https://api.github.com/users/microsoftgraph/repos', 'events_url': 'https://api.github.com/users/microsoftgraph/events{/privacy}', 'received_events_url': 'https://api.github.com/users/microsoftgraph/received_events', 'type': 'Organization', 'site_admin': False}, 'html_url': 'https://github.com/microsoftgraph/msgraph-beta-sdk-java', 'description': 'Microsoft Graph Beta Java SDK', 'fork': False, 'url': 'https://api.github.com/repos/microsoftgraph/msgraph-beta-sdk-java', 'forks_url': 'https://api.github.com/repos/microsoftgraph/msgraph-beta-sdk-java/forks', 'keys_url': 'https://api.github.com/repos/microsoftgraph/msgraph-beta-sdk-java/keys{/key_id}', 'collaborators_url': 'https://api.github.com/repos/microsoftgraph/msgraph-beta-sdk-java/collaborators{/collaborator}', 'teams_url': 'https://api.github.com/repos/microsoftgraph/msgraph-beta-sdk-java/teams', 'hooks_url': 'https://api.github.com/repos/microsoftgraph/msgraph-beta-sdk-java/hooks', 'issue_events_url': 'https://api.github.com/repos/microsoftgraph/msgraph-beta-sdk-java/issues/events{/number}', 'events_url': 'https://api.github.com/repos/microsoftgraph/msgraph-beta-sdk-java/events', 'assignees_url': 'https://api.github.com/repos/microsoftgraph/msgraph-beta-sdk-java/assignees{/user}', 'branches_url': 'https://api.github.com/repos/microsoftgraph/msgraph-beta-sdk-java/branches{/branch}', 'tags_url': 'https://api.github.com/repos/microsoftgraph/msgraph-beta-sdk-java/tags', 'blobs_url': 'https://api.github.com/repos/microsoftgraph/msgraph-beta-sdk-java/git/blobs{/sha}', 'git_tags_url': 'https://api.github.com/repos/microsoftgraph/msgraph-beta-sdk-java/git/tags{/sha}', 'git_refs_url': 'https://api.github.com/repos/microsoftgraph/msgraph-beta-sdk-java/git/refs{/sha}', 'trees_url': 'https://api.github.com/repos/microsoftgraph/msgraph-beta-sdk-java/git/trees{/sha}', 'statuses_url': 'https://api.github.com/repos/microsoftgraph/msgraph-beta-sdk-java/statuses/{sha}', 'languages_url': 'https://api.github.com/repos/microsoftgraph/msgraph-beta-sdk-java/languages', 'stargazers_url': 'https://api.github.com/repos/microsoftgraph/msgraph-beta-sdk-java/stargazers', 'contributors_url': 'https://api.github.com/repos/microsoftgraph/msgraph-beta-sdk-java/contributors', 'subscribers_url': 'https://api.github.com/repos/microsoftgraph/msgraph-beta-sdk-java/subscribers', 'subscription_url': 'https://api.github.com/repos/microsoftgraph/msgraph-beta-sdk-java/subscription', 'commits_url': 'https://api.github.com/repos/microsoftgraph/msgraph-beta-sdk-java/commits{/sha}', 'git_commits_url': 'https://api.github.com/repos/microsoftgraph/msgraph-beta-sdk-java/git/commits{/sha}', 'comments_url': 'https://api.github.com/repos/microsoftgraph/msgraph-beta-sdk-java/comments{/number}', 'issue_comment_url': 'https://api.github.com/repos/microsoftgraph/msgraph-beta-sdk-java/issues/comments{/number}', 'contents_url': 'https://api.github.com/repos/microsoftgraph/msgraph-beta-sdk-java/contents/{+path}', 'compare_url': 'https://api.github.com/repos/microsoftgraph/msgraph-beta-sdk-java/compare/{base}...{head}', 'merges_url': 'https://api.github.com/repos/microsoftgraph/msgraph-beta-sdk-java/merges', 'archive_url': 'https://api.github.com/repos/microsoftgraph/msgraph-beta-sdk-java/{archive_format}{/ref}', 'downloads_url': 'https://api.github.com/repos/microsoftgraph/msgraph-beta-sdk-java/downloads', 'issues_url': 'https://api.github.com/repos/microsoftgraph/msgraph-beta-sdk-java/issues{/number}', 'pulls_url': 'https://api.github.com/repos/microsoftgraph/msgraph-beta-sdk-java/pulls{/number}', 'milestones_url': 'https://api.github.com/repos/microsoftgraph/msgraph-beta-sdk-java/milestones{/number}', 'notifications_url': 'https://api.github.com/repos/microsoftgraph/msgraph-beta-sdk-java/notifications{?since,all,participating}', 'labels_url': 'https://api.github.com/repos/microsoftgraph/msgraph-beta-sdk-java/labels{/name}', 'releases_url': 'https://api.github.com/repos/microsoftgraph/msgraph-beta-sdk-java/releases{/id}', 'deployments_url': 'https://api.github.com/repos/microsoftgraph/msgraph-beta-sdk-java/deployments', 'created_at': '2019-08-26T21:59:24Z', 'updated_at': '2022-01-06T17:44:15Z', 'pushed_at': '2022-02-17T15:17:25Z', 'git_url': 'git://github.com/microsoftgraph/msgraph-beta-sdk-java.git', 'ssh_url': 'git@github.com:microsoftgraph/msgraph-beta-sdk-java.git', 'clone_url': 'https://github.com/microsoftgraph/msgraph-beta-sdk-java.git', 'svn_url': 'https://github.com/microsoftgraph/msgraph-beta-sdk-java', 'homepage': 'https://docs.microsoft.com/en-us/graph/sdks/use-beta?tabs=Java', 'size': 50331, 'stargazers_count': 7, 'watchers_count': 7, 'language': 'Java', 'has_issues': True, 'has_projects': True, 'has_downloads': True, 'has_wiki': False, 'has_pages': False, 'forks_count': 5, 'mirror_url': None, 'archived': False, 'disabled': False, 'open_issues_count': 4, 'license': {'key': 'mit', 'name': 'MIT License', 'spdx_id': 'MIT', 'url': 'https://api.github.com/licenses/mit', 'node_id': 'MDc6TGljZW5zZTEz'}, 'allow_forking': True, 'is_template': False, 'topics': ['java', 'microsoft-graph', 'sdk'], 'visibility': 'public', 'forks': 5, 'open_issues': 4, 'watchers': 7, 'default_branch': 'dev'}}, '_links': {'self': {'href': 'https://api.github.com/repos/microsoftgraph/msgraph-beta-sdk-java/pulls/255'}, 'html': {'href': 'https://github.com/microsoftgraph/msgraph-beta-sdk-java/pull/255'}, 'issue': {'href': 'https://api.github.com/repos/microsoftgraph/msgraph-beta-sdk-java/issues/255'}, 'comments': {'href': 'https://api.github.com/repos/microsoftgraph/msgraph-beta-sdk-java/issues/255/comments'}, 'review_comments': {'href': 'https://api.github.com/repos/microsoftgraph/msgraph-beta-sdk-java/pulls/255/comments'}, 'review_comment': {'href': 'https://api.github.com/repos/microsoftgraph/msgraph-beta-sdk-java/pulls/comments{/number}'}, 'commits': {'href': 'https://api.github.com/repos/microsoftgraph/msgraph-beta-sdk-java/pulls/255/commits'}, 'statuses': {'href': 'https://api.github.com/repos/microsoftgraph/msgraph-beta-sdk-java/statuses/bcefde1018a277dea0ceacc580897374d95768ed'}}, 'author_association': 'CONTRIBUTOR', 'auto_merge': None, 'active_lock_reason': None, 'merged': False, 'mergeable': None, 'rebaseable': None, 'mergeable_state': 'unknown', 'merged_by': None, 'comments': 0, 'review_comments': 0, 'maintainer_can_modify': False, 'commits': 1, 'additions': 8055, 'deletions': 1404, 'changed_files': 443}}",opened,Java
20263818334,PullRequestEvent,microsoftgraph/msgraph-sdk-java,0.0,2022-02-15T10:08:10Z,"{'action': 'opened', 'number': 1010, 'pull_request': {'url': 'https://api.github.com/repos/microsoftgraph/msgraph-sdk-java/pulls/1010', 'id': 853064558, 'node_id': 'PR_kwDOBig9Oc4y2Ltu', 'html_url': 'https://github.com/microsoftgraph/msgraph-sdk-java/pull/1010', 'diff_url': 'https://github.com/microsoftgraph/msgraph-sdk-java/pull/1010.diff', 'patch_url': 'https://github.com/microsoftgraph/msgraph-sdk-java/pull/1010.patch', 'issue_url': 'https://api.github.com/repos/microsoftgraph/msgraph-sdk-java/issues/1010', 'number': 1010, 'state': 'open', 'locked': False, 'title': 'Generated v1.0 models and request builders using Typewriter', 'user': {'login': 'ramsessanchez', 'id': 63934382, 'node_id': 'MDQ6VXNlcjYzOTM0Mzgy', 'avatar_url': 'https://avatars.githubusercontent.com/u/63934382?v=4', 'gravatar_id': '', 'url': 'https://api.github.com/users/ramsessanchez', 'html_url': 'https://github.com/ramsessanchez', 'followers_url': 'https://api.github.com/users/ramsessanchez/followers', 'following_url': 'https://api.github.com/users/ramsessanchez/following{/other_user}', 'gists_url': 'https://api.github.com/users/ramsessanchez/gists{/gist_id}', 'starred_url': 'https://api.github.com/users/ramsessanchez/starred{/owner}{/repo}', 'subscriptions_url': 'https://api.github.com/users/ramsessanchez/subscriptions', 'organizations_url': 'https://api.github.com/users/ramsessanchez/orgs', 'repos_url': 'https://api.github.com/users/ramsessanchez/repos', 'events_url': 'https://api.github.com/users/ramsessanchez/events{/privacy}', 'received_events_url': 'https://api.github.com/users/ramsessanchez/received_events', 'type': 'User', 'site_admin': False}, 'body': 'This pull request was automatically created by the GitHub Action, **create pull request**. \n\n The commit hash is _539841169dd64e5108c1ff9dfd3c3a8b21dcd42f_. \n\n **Important** Check for unexpected deletions or changes in this PR.', 'created_at': '2022-02-15T10:08:09Z', 'updated_at': '2022-02-15T10:08:09Z', 'closed_at': None, 'merged_at': None, 'merge_commit_sha': None, 'assignee': None, 'assignees': [], 'requested_reviewers': [], 'requested_teams': [], 'labels': [], 'milestone': None, 'draft': False, 'commits_url': 'https://api.github.com/repos/microsoftgraph/msgraph-sdk-java/pulls/1010/commits', 'review_comments_url': 'https://api.github.com/repos/microsoftgraph/msgraph-sdk-java/pulls/1010/comments', 'review_comment_url': 'https://api.github.com/repos/microsoftgraph/msgraph-sdk-java/pulls/comments{/number}', 'comments_url': 'https://api.github.com/repos/microsoftgraph/msgraph-sdk-java/issues/1010/comments', 'statuses_url': 'https://api.github.com/repos/microsoftgraph/msgraph-sdk-java/statuses/539841169dd64e5108c1ff9dfd3c3a8b21dcd42f', 'head': {'label': 'microsoftgraph:v1.0/pipelinebuild/67501', 'ref': 'v1.0/pipelinebuild/67501', 'sha': '539841169dd64e5108c1ff9dfd3c3a8b21dcd42f', 'user': {'login': 'microsoftgraph', 'id': 17304259, 'node_id': 'MDEyOk9yZ2FuaXphdGlvbjE3MzA0MjU5', 'avatar_url': 'https://avatars.githubusercontent.com/u/17304259?v=4', 'gravatar_id': '', 'url': 'https://api.github.com/users/microsoftgraph', 'html_url': 'https://github.com/microsoftgraph', 'followers_url': 'https://api.github.com/users/microsoftgraph/followers', 'following_url': 'https://api.github.com/users/microsoftgraph/following{/other_user}', 'gists_url': 'https://api.github.com/users/microsoftgraph/gists{/gist_id}', 'starred_url': 'https://api.github.com/users/microsoftgraph/starred{/owner}{/repo}', 'subscriptions_url': 'https://api.github.com/users/microsoftgraph/subscriptions', 'organizations_url': 'https://api.github.com/users/microsoftgraph/orgs', 'repos_url': 'https://api.github.com/users/microsoftgraph/repos', 'events_url': 'https://api.github.com/users/microsoftgraph/events{/privacy}', 'received_events_url': 'https://api.github.com/users/microsoftgraph/received_events', 'type': 'Organization', 'site_admin': False}, 'repo': {'id': 103300409, 'node_id': 'MDEwOlJlcG9zaXRvcnkxMDMzMDA0MDk=', 'name': 'msgraph-sdk-java', 'full_name': 'microsoftgraph/msgraph-sdk-java', 'private': False, 'owner': {'login': 'microsoftgraph', 'id': 17304259, 'node_id': 'MDEyOk9yZ2FuaXphdGlvbjE3MzA0MjU5', 'avatar_url': 'https://avatars.githubusercontent.com/u/17304259?v=4', 'gravatar_id': '', 'url': 'https://api.github.com/users/microsoftgraph', 'html_url': 'https://github.com/microsoftgraph', 'followers_url': 'https://api.github.com/users/microsoftgraph/followers', 'following_url': 'https://api.github.com/users/microsoftgraph/following{/other_user}', 'gists_url': 'https://api.github.com/users/microsoftgraph/gists{/gist_id}', 'starred_url': 'https://api.github.com/users/microsoftgraph/starred{/owner}{/repo}', 'subscriptions_url': 'https://api.github.com/users/microsoftgraph/subscriptions', 'organizations_url': 'https://api.github.com/users/microsoftgraph/orgs', 'repos_url': 'https://api.github.com/users/microsoftgraph/repos', 'events_url': 'https://api.github.com/users/microsoftgraph/events{/privacy}', 'received_events_url': 'https://api.github.com/users/microsoftgraph/received_events', 'type': 'Organization', 'site_admin': False}, 'html_url': 'https://github.com/microsoftgraph/msgraph-sdk-java', 'description': 'Microsoft Graph SDK for Java', 'fork': False, 'url': 'https://api.github.com/repos/microsoftgraph/msgraph-sdk-java', 'forks_url': 'https://api.github.com/repos/microsoftgraph/msgraph-sdk-java/forks', 'keys_url': 'https://api.github.com/repos/microsoftgraph/msgraph-sdk-java/keys{/key_id}', 'collaborators_url': 'https://api.github.com/repos/microsoftgraph/msgraph-sdk-java/collaborators{/collaborator}', 'teams_url': 'https://api.github.com/repos/microsoftgraph/msgraph-sdk-java/teams', 'hooks_url': 'https://api.github.com/repos/microsoftgraph/msgraph-sdk-java/hooks', 'issue_events_url': 'https://api.github.com/repos/microsoftgraph/msgraph-sdk-java/issues/events{/number}', 'events_url': 'https://api.github.com/repos/microsoftgraph/msgraph-sdk-java/events', 'assignees_url': 'https://api.github.com/repos/microsoftgraph/msgraph-sdk-java/assignees{/user}', 'branches_url': 'https://api.github.com/repos/microsoftgraph/msgraph-sdk-java/branches{/branch}', 'tags_url': 'https://api.github.com/repos/microsoftgraph/msgraph-sdk-java/tags', 'blobs_url': 'https://api.github.com/repos/microsoftgraph/msgraph-sdk-java/git/blobs{/sha}', 'git_tags_url': 'https://api.github.com/repos/microsoftgraph/msgraph-sdk-java/git/tags{/sha}', 'git_refs_url': 'https://api.github.com/repos/microsoftgraph/msgraph-sdk-java/git/refs{/sha}', 'trees_url': 'https://api.github.com/repos/microsoftgraph/msgraph-sdk-java/git/trees{/sha}', 'statuses_url': 'https://api.github.com/repos/microsoftgraph/msgraph-sdk-java/statuses/{sha}', 'languages_url': 'https://api.github.com/repos/microsoftgraph/msgraph-sdk-java/languages', 'stargazers_url': 'https://api.github.com/repos/microsoftgraph/msgraph-sdk-java/stargazers', 'contributors_url': 'https://api.github.com/repos/microsoftgraph/msgraph-sdk-java/contributors', 'subscribers_url': 'https://api.github.com/repos/microsoftgraph/msgraph-sdk-java/subscribers', 'subscription_url': 'https://api.github.com/repos/microsoftgraph/msgraph-sdk-java/subscription', 'commits_url': 'https://api.github.com/repos/microsoftgraph/msgraph-sdk-java/commits{/sha}', 'git_commits_url': 'https://api.github.com/repos/microsoftgraph/msgraph-sdk-java/git/commits{/sha}', 'comments_url': 'https://api.github.com/repos/microsoftgraph/msgraph-sdk-java/comments{/number}', 'issue_comment_url': 'https://api.github.com/repos/microsoftgraph/msgraph-sdk-java/issues/comments{/number}', 'contents_url': 'https://api.github.com/repos/microsoftgraph/msgraph-sdk-java/contents/{+path}', 'compare_url': 'https://api.github.com/repos/microsoftgraph/msgraph-sdk-java/compare/{base}...{head}', 'merges_url': 'https://api.github.com/repos/microsoftgraph/msgraph-sdk-java/merges', 'archive_url': 'https://api.github.com/repos/microsoftgraph/msgraph-sdk-java/{archive_format}{/ref}', 'downloads_url': 'https://api.github.com/repos/microsoftgraph/msgraph-sdk-java/downloads', 'issues_url': 'https://api.github.com/repos/microsoftgraph/msgraph-sdk-java/issues{/number}', 'pulls_url': 'https://api.github.com/repos/microsoftgraph/msgraph-sdk-java/pulls{/number}', 'milestones_url': 'https://api.github.com/repos/microsoftgraph/msgraph-sdk-java/milestones{/number}', 'notifications_url': 'https://api.github.com/repos/microsoftgraph/msgraph-sdk-java/notifications{?since,all,participating}', 'labels_url': 'https://api.github.com/repos/microsoftgraph/msgraph-sdk-java/labels{/name}', 'releases_url': 'https://api.github.com/repos/microsoftgraph/msgraph-sdk-java/releases{/id}', 'deployments_url': 'https://api.github.com/repos/microsoftgraph/msgraph-sdk-java/deployments', 'created_at': '2017-09-12T17:20:15Z', 'updated_at': '2022-02-09T06:00:22Z', 'pushed_at': '2022-02-15T10:08:10Z', 'git_url': 'git://github.com/microsoftgraph/msgraph-sdk-java.git', 'ssh_url': 'git@github.com:microsoftgraph/msgraph-sdk-java.git', 'clone_url': 'https://github.com/microsoftgraph/msgraph-sdk-java.git', 'svn_url': 'https://github.com/microsoftgraph/msgraph-sdk-java', 'homepage': 'https://docs.microsoft.com/en-us/graph/sdks/sdks-overview', 'size': 58474, 'stargazers_count': 237, 'watchers_count': 237, 'language': 'Java', 'has_issues': True, 'has_projects': True, 'has_downloads': True, 'has_wiki': False, 'has_pages': False, 'forks_count': 99, 'mirror_url': None, 'archived': False, 'disabled': False, 'open_issues_count': 3, 'license': {'key': 'mit', 'name': 'MIT License', 'spdx_id': 'MIT', 'url': 'https://api.github.com/licenses/mit', 'node_id': 'MDc6TGljZW5zZTEz'}, 'allow_forking': True, 'is_template': False, 'topics': ['java', 'microsoft-graph', 'microsoft-graph-sdk', 'sdk'], 'visibility': 'public', 'forks': 99, 'open_issues': 3, 'watchers': 237, 'default_branch': 'dev'}}, 'base': {'label': 'microsoftgraph:dev', 'ref': 'dev', 'sha': '04f169a27d7337f7e5a974e78dade8d502b82e28', 'user': {'login': 'microsoftgraph', 'id': 17304259, 'node_id': 'MDEyOk9yZ2FuaXphdGlvbjE3MzA0MjU5', 'avatar_url': 'https://avatars.githubusercontent.com/u/17304259?v=4', 'gravatar_id': '', 'url': 'https://api.github.com/users/microsoftgraph', 'html_url': 'https://github.com/microsoftgraph', 'followers_url': 'https://api.github.com/users/microsoftgraph/followers', 'following_url': 'https://api.github.com/users/microsoftgraph/following{/other_user}', 'gists_url': 'https://api.github.com/users/microsoftgraph/gists{/gist_id}', 'starred_url': 'https://api.github.com/users/microsoftgraph/starred{/owner}{/repo}', 'subscriptions_url': 'https://api.github.com/users/microsoftgraph/subscriptions', 'organizations_url': 'https://api.github.com/users/microsoftgraph/orgs', 'repos_url': 'https://api.github.com/users/microsoftgraph/repos', 'events_url': 'https://api.github.com/users/microsoftgraph/events{/privacy}', 'received_events_url': 'https://api.github.com/users/microsoftgraph/received_events', 'type': 'Organization', 'site_admin': False}, 'repo': {'id': 103300409, 'node_id': 'MDEwOlJlcG9zaXRvcnkxMDMzMDA0MDk=', 'name': 'msgraph-sdk-java', 'full_name': 'microsoftgraph/msgraph-sdk-java', 'private': False, 'owner': {'login': 'microsoftgraph', 'id': 17304259, 'node_id': 'MDEyOk9yZ2FuaXphdGlvbjE3MzA0MjU5', 'avatar_url': 'https://avatars.githubusercontent.com/u/17304259?v=4', 'gravatar_id': '', 'url': 'https://api.github.com/users/microsoftgraph', 'html_url': 'https://github.com/microsoftgraph', 'followers_url': 'https://api.github.com/users/microsoftgraph/followers', 'following_url': 'https://api.github.com/users/microsoftgraph/following{/other_user}', 'gists_url': 'https://api.github.com/users/microsoftgraph/gists{/gist_id}', 'starred_url': 'https://api.github.com/users/microsoftgraph/starred{/owner}{/repo}', 'subscriptions_url': 'https://api.github.com/users/microsoftgraph/subscriptions', 'organizations_url': 'https://api.github.com/users/microsoftgraph/orgs', 'repos_url': 'https://api.github.com/users/microsoftgraph/repos', 'events_url': 'https://api.github.com/users/microsoftgraph/events{/privacy}', 'received_events_url': 'https://api.github.com/users/microsoftgraph/received_events', 'type': 'Organization', 'site_admin': False}, 'html_url': 'https://github.com/microsoftgraph/msgraph-sdk-java', 'description': 'Microsoft Graph SDK for Java', 'fork': False, 'url': 'https://api.github.com/repos/microsoftgraph/msgraph-sdk-java', 'forks_url': 'https://api.github.com/repos/microsoftgraph/msgraph-sdk-java/forks', 'keys_url': 'https://api.github.com/repos/microsoftgraph/msgraph-sdk-java/keys{/key_id}', 'collaborators_url': 'https://api.github.com/repos/microsoftgraph/msgraph-sdk-java/collaborators{/collaborator}', 'teams_url': 'https://api.github.com/repos/microsoftgraph/msgraph-sdk-java/teams', 'hooks_url': 'https://api.github.com/repos/microsoftgraph/msgraph-sdk-java/hooks', 'issue_events_url': 'https://api.github.com/repos/microsoftgraph/msgraph-sdk-java/issues/events{/number}', 'events_url': 'https://api.github.com/repos/microsoftgraph/msgraph-sdk-java/events', 'assignees_url': 'https://api.github.com/repos/microsoftgraph/msgraph-sdk-java/assignees{/user}', 'branches_url': 'https://api.github.com/repos/microsoftgraph/msgraph-sdk-java/branches{/branch}', 'tags_url': 'https://api.github.com/repos/microsoftgraph/msgraph-sdk-java/tags', 'blobs_url': 'https://api.github.com/repos/microsoftgraph/msgraph-sdk-java/git/blobs{/sha}', 'git_tags_url': 'https://api.github.com/repos/microsoftgraph/msgraph-sdk-java/git/tags{/sha}', 'git_refs_url': 'https://api.github.com/repos/microsoftgraph/msgraph-sdk-java/git/refs{/sha}', 'trees_url': 'https://api.github.com/repos/microsoftgraph/msgraph-sdk-java/git/trees{/sha}', 'statuses_url': 'https://api.github.com/repos/microsoftgraph/msgraph-sdk-java/statuses/{sha}', 'languages_url': 'https://api.github.com/repos/microsoftgraph/msgraph-sdk-java/languages', 'stargazers_url': 'https://api.github.com/repos/microsoftgraph/msgraph-sdk-java/stargazers', 'contributors_url': 'https://api.github.com/repos/microsoftgraph/msgraph-sdk-java/contributors', 'subscribers_url': 'https://api.github.com/repos/microsoftgraph/msgraph-sdk-java/subscribers', 'subscription_url': 'https://api.github.com/repos/microsoftgraph/msgraph-sdk-java/subscription', 'commits_url': 'https://api.github.com/repos/microsoftgraph/msgraph-sdk-java/commits{/sha}', 'git_commits_url': 'https://api.github.com/repos/microsoftgraph/msgraph-sdk-java/git/commits{/sha}', 'comments_url': 'https://api.github.com/repos/microsoftgraph/msgraph-sdk-java/comments{/number}', 'issue_comment_url': 'https://api.github.com/repos/microsoftgraph/msgraph-sdk-java/issues/comments{/number}', 'contents_url': 'https://api.github.com/repos/microsoftgraph/msgraph-sdk-java/contents/{+path}', 'compare_url': 'https://api.github.com/repos/microsoftgraph/msgraph-sdk-java/compare/{base}...{head}', 'merges_url': 'https://api.github.com/repos/microsoftgraph/msgraph-sdk-java/merges', 'archive_url': 'https://api.github.com/repos/microsoftgraph/msgraph-sdk-java/{archive_format}{/ref}', 'downloads_url': 'https://api.github.com/repos/microsoftgraph/msgraph-sdk-java/downloads', 'issues_url': 'https://api.github.com/repos/microsoftgraph/msgraph-sdk-java/issues{/number}', 'pulls_url': 'https://api.github.com/repos/microsoftgraph/msgraph-sdk-java/pulls{/number}', 'milestones_url': 'https://api.github.com/repos/microsoftgraph/msgraph-sdk-java/milestones{/number}', 'notifications_url': 'https://api.github.com/repos/microsoftgraph/msgraph-sdk-java/notifications{?since,all,participating}', 'labels_url': 'https://api.github.com/repos/microsoftgraph/msgraph-sdk-java/labels{/name}', 'releases_url': 'https://api.github.com/repos/microsoftgraph/msgraph-sdk-java/releases{/id}', 'deployments_url': 'https://api.github.com/repos/microsoftgraph/msgraph-sdk-java/deployments', 'created_at': '2017-09-12T17:20:15Z', 'updated_at': '2022-02-09T06:00:22Z', 'pushed_at': '2022-02-15T10:08:10Z', 'git_url': 'git://github.com/microsoftgraph/msgraph-sdk-java.git', 'ssh_url': 'git@github.com:microsoftgraph/msgraph-sdk-java.git', 'clone_url': 'https://github.com/microsoftgraph/msgraph-sdk-java.git', 'svn_url': 'https://github.com/microsoftgraph/msgraph-sdk-java', 'homepage': 'https://docs.microsoft.com/en-us/graph/sdks/sdks-overview', 'size': 58474, 'stargazers_count': 237, 'watchers_count': 237, 'language': 'Java', 'has_issues': True, 'has_projects': True, 'has_downloads': True, 'has_wiki': False, 'has_pages': False, 'forks_count': 99, 'mirror_url': None, 'archived': False, 'disabled': False, 'open_issues_count': 3, 'license': {'key': 'mit', 'name': 'MIT License', 'spdx_id': 'MIT', 'url': 'https://api.github.com/licenses/mit', 'node_id': 'MDc6TGljZW5zZTEz'}, 'allow_forking': True, 'is_template': False, 'topics': ['java', 'microsoft-graph', 'microsoft-graph-sdk', 'sdk'], 'visibility': 'public', 'forks': 99, 'open_issues': 3, 'watchers': 237, 'default_branch': 'dev'}}, '_links': {'self': {'href': 'https://api.github.com/repos/microsoftgraph/msgraph-sdk-java/pulls/1010'}, 'html': {'href': 'https://github.com/microsoftgraph/msgraph-sdk-java/pull/1010'}, 'issue': {'href': 'https://api.github.com/repos/microsoftgraph/msgraph-sdk-java/issues/1010'}, 'comments': {'href': 'https://api.github.com/repos/microsoftgraph/msgraph-sdk-java/issues/1010/comments'}, 'review_comments': {'href': 'https://api.github.com/repos/microsoftgraph/msgraph-sdk-java/pulls/1010/comments'}, 'review_comment': {'href': 'https://api.github.com/repos/microsoftgraph/msgraph-sdk-java/pulls/comments{/number}'}, 'commits': {'href': 'https://api.github.com/repos/microsoftgraph/msgraph-sdk-java/pulls/1010/commits'}, 'statuses': {'href': 'https://api.github.com/repos/microsoftgraph/msgraph-sdk-java/statuses/539841169dd64e5108c1ff9dfd3c3a8b21dcd42f'}}, 'author_association': 'CONTRIBUTOR', 'auto_merge': None, 'active_lock_reason': None, 'merged': False, 'mergeable': None, 'rebaseable': None, 'mergeable_state': 'unknown', 'merged_by': None, 'comments': 0, 'review_comments': 0, 'maintainer_can_modify': False, 'commits': 1, 'additions': 11, 'deletions': 8, 'changed_files': 5}}",opened,Java
20176628164,PushEvent,microsoft/kiota,0.0,2022-02-10T15:01:15Z,"{'push_id': 9063556256, 'size': 1, 'distinct_size': 1, 'ref': 'refs/heads/rsh/java-core-migration', 'head': '12fec50bb59d67db79bb3d2dddce973be997f730', 'before': '8d6020f4468eb4c3a4a3386410fd65078c72d32b', 'commits': [{'sha': '12fec50bb59d67db79bb3d2dddce973be997f730', 'author': {'email': '63934382+ramsessanchez@users.noreply.github.com', 'name': 'ramsessanchez'}, 'message': 'revert .gitIgnore change', 'distinct': True, 'url': 'https://api.github.com/repos/microsoft/kiota/commits/12fec50bb59d67db79bb3d2dddce973be997f730'}]}",,C#
20176598813,PushEvent,microsoft/kiota,0.0,2022-02-10T15:00:07Z,"{'push_id': 9063542658, 'size': 2, 'distinct_size': 2, 'ref': 'refs/heads/rsh/java-core-migration', 'head': '8d6020f4468eb4c3a4a3386410fd65078c72d32b', 'before': '887adf8bde324220a66863a7972a4ff88ae81256', 'commits': [{'sha': '0bcf3229b75fe626889e0ed49f5956023ce0da9e', 'author': {'email': '63934382+ramsessanchez@users.noreply.github.com', 'name': 'ramsessanchez'}, 'message': 'TelemetryHandler Comments', 'distinct': True, 'url': 'https://api.github.com/repos/microsoft/kiota/commits/0bcf3229b75fe626889e0ed49f5956023ce0da9e'}, {'sha': '8d6020f4468eb4c3a4a3386410fd65078c72d32b', 'author': {'email': '63934382+ramsessanchez@users.noreply.github.com', 'name': 'ramsessanchez'}, 'message': 'Comments', 'distinct': True, 'url': 'https://api.github.com/repos/microsoft/kiota/commits/8d6020f4468eb4c3a4a3386410fd65078c72d32b'}]}",,C#
20175811436,PushEvent,microsoft/kiota,0.0,2022-02-10T14:27:05Z,"{'push_id': 9063182607, 'size': 1, 'distinct_size': 1, 'ref': 'refs/heads/rsh/java-core-migration', 'head': '887adf8bde324220a66863a7972a4ff88ae81256', 'before': '23caaf64d537964020a43e3891b04257e3714e13', 'commits': [{'sha': '887adf8bde324220a66863a7972a4ff88ae81256', 'author': {'email': '63934382+ramsessanchez@users.noreply.github.com', 'name': 'ramsessanchez'}, 'message': 'Add Handlers, TelemetryHandler implementation', 'distinct': True, 'url': 'https://api.github.com/repos/microsoft/kiota/commits/887adf8bde324220a66863a7972a4ff88ae81256'}]}",,C#
20170939824,PushEvent,microsoftgraph/msgraph-sdk-java,0.0,2022-02-10T10:20:36Z,"{'push_id': 9060872981, 'size': 1, 'distinct_size': 1, 'ref': 'refs/heads/v1.0/pipelinebuild/65939', 'head': '13234b8eff3e6c86eb8d523b11141f5e4c4183cd', 'before': '458afd450444e7fbe14d67b1fedca37309d264c8', 'commits': [{'sha': '13234b8eff3e6c86eb8d523b11141f5e4c4183cd', 'author': {'email': '63934382+ramsessanchez@users.noreply.github.com', 'name': 'ramsessanchez'}, 'message': 'Update CHANGELOG.md', 'distinct': True, 'url': 'https://api.github.com/repos/microsoftgraph/msgraph-sdk-java/commits/13234b8eff3e6c86eb8d523b11141f5e4c4183cd'}]}",,Java
20162432057,PushEvent,microsoft/kiota,0.0,2022-02-09T23:05:48Z,"{'push_id': 9056689544, 'size': 1000, 'distinct_size': 1, 'ref': 'refs/heads/rsh/java-core-migration', 'head': '23caaf64d537964020a43e3891b04257e3714e13', 'before': 'ad7730dba3d5771309cfdc6cee2df9f87c62e57e', 'commits': [{'sha': 'b133cfdbaa74ebdedc88ae4b5ecf01923be06df5', 'author': {'email': 'silaskenneth1@gmail.com', 'name': 'SilasKenneth'}, 'message': 'Remove unused method.', 'distinct': False, 'url': 'https://api.github.com/repos/microsoft/kiota/commits/b133cfdbaa74ebdedc88ae4b5ecf01923be06df5'}, {'sha': 'a3f326b220de82e1c75ee18d1c66798ca7fe1a7c', 'author': {'email': 'silaskenneth1@gmail.com', 'name': 'SilasKenneth'}, 'message': ""Merge branch 'main' into feat/php/generation"", 'distinct': False, 'url': 'https://api.github.com/repos/microsoft/kiota/commits/a3f326b220de82e1c75ee18d1c66798ca7fe1a7c'}, {'sha': '97ee8ed4ee17fcc63c489edcf865162a0b700498', 'author': {'email': 'vibiret@microsoft.com', 'name': 'Vincent Biret'}, 'message': '- upgrades kiota to dotnet 6', 'distinct': False, 'url': 'https://api.github.com/repos/microsoft/kiota/commits/97ee8ed4ee17fcc63c489edcf865162a0b700498'}, {'sha': '014ec0c47bb73b92ec5ab33e0f01aae5748ec983', 'author': {'email': 'vibiret@microsoft.com', 'name': 'Vincent Biret'}, 'message': '- adds dotnet 6 dowload for sonarcloud\n\nSigned-off-by: Vincent Biret <vibiret@microsoft.com>', 'distinct': False, 'url': 'https://api.github.com/repos/microsoft/kiota/commits/014ec0c47bb73b92ec5ab33e0f01aae5748ec983'}, {'sha': 'ed44c17d31e0dfb3924d4c912c2dcf28333f8bc7', 'author': {'email': 'vibiret@microsoft.com', 'name': 'Vincent Biret'}, 'message': '- adds changelog entry for net6 migration', 'distinct': False, 'url': 'https://api.github.com/repos/microsoft/kiota/commits/ed44c17d31e0dfb3924d4c912c2dcf28333f8bc7'}, {'sha': '3770fd54ac4331a6624796174dc5bbade9e35cc0', 'author': {'email': 'vibiret@microsoft.com', 'name': 'Vincent Biret'}, 'message': '- upgrades dotnet libs test projects to net6\n\nSigned-off-by: Vincent Biret <vibiret@microsoft.com>', 'distinct': False, 'url': 'https://api.github.com/repos/microsoft/kiota/commits/3770fd54ac4331a6624796174dc5bbade9e35cc0'}, {'sha': '1936f1cea12212427fa6ee96129ddb5d3581c15e', 'author': {'email': 'vibiret@microsoft.com', 'name': 'Vincent Biret'}, 'message': '- updates documentation for net6\n\nSigned-off-by: Vincent Biret <vibiret@microsoft.com>', 'distinct': False, 'url': 'https://api.github.com/repos/microsoft/kiota/commits/1936f1cea12212427fa6ee96129ddb5d3581c15e'}, {'sha': 'aa6d4dd859c4b688dbfc1d3a423cd8217ee262fd', 'author': {'email': 'vibiret@microsoft.com', 'name': 'Vincent Biret'}, 'message': '- code linting\n\nSigned-off-by: Vincent Biret <vibiret@microsoft.com>', 'distinct': False, 'url': 'https://api.github.com/repos/microsoft/kiota/commits/aa6d4dd859c4b688dbfc1d3a423cd8217ee262fd'}, {'sha': 'e12e35d038fc4b8e3b7ab5d21d06e21fb2522c0f', 'author': {'email': 'vibiret@microsoft.com', 'name': 'Vincent Biret'}, 'message': '- switches launch json to net6\n\nSigned-off-by: Vincent Biret <vibiret@microsoft.com>', 'distinct': False, 'url': 'https://api.github.com/repos/microsoft/kiota/commits/e12e35d038fc4b8e3b7ab5d21d06e21fb2522c0f'}, {'sha': '09c87fdc8921fbcf586b04460b4d272fa0dae314', 'author': {'email': 'vibiret@microsoft.com', 'name': 'Vincent Biret'}, 'message': '- fixes csproj configuration for dotnet libs to target netstandard', 'distinct': False, 'url': 'https://api.github.com/repos/microsoft/kiota/commits/09c87fdc8921fbcf586b04460b4d272fa0dae314'}, {'sha': '3eefe008d548875ddd43936d0bc6c8c465889dfe', 'author': {'email': 'vibiret@microsoft.com', 'name': 'Vincent Biret'}, 'message': '- bumps patch versions for dotnet libs', 'distinct': False, 'url': 'https://api.github.com/repos/microsoft/kiota/commits/3eefe008d548875ddd43936d0bc6c8c465889dfe'}, {'sha': 'b01459c2690162a6697e2a1996c2e10783e539d1', 'author': {'email': 'vibiret@microsoft.com', 'name': 'Vincent Biret'}, 'message': '- adds changelog entry for net libs targetting', 'distinct': False, 'url': 'https://api.github.com/repos/microsoft/kiota/commits/b01459c2690162a6697e2a1996c2e10783e539d1'}, {'sha': '487fb4f9d9c877522db5e8281cd83f76d94f7fd4', 'author': {'email': 'vibiret@microsoft.com', 'name': 'Vincent Biret'}, 'message': '- adds dotnet installation to codeql workflow', 'distinct': False, 'url': 'https://api.github.com/repos/microsoft/kiota/commits/487fb4f9d9c877522db5e8281cd83f76d94f7fd4'}, {'sha': '42914106a8c215db037205ebd1ac9bdd5bfffbfe', 'author': {'email': 'vibiret@microsoft.com', 'name': 'Vincent Biret'}, 'message': '- adds dotnet 5 install for sonar scanner\n\nSigned-off-by: Vincent Biret <vibiret@microsoft.com>', 'distinct': False, 'url': 'https://api.github.com/repos/microsoft/kiota/commits/42914106a8c215db037205ebd1ac9bdd5bfffbfe'}, {'sha': 'b274b815cae4afec6387fb1f8a2d33bcb9ca12d0', 'author': {'email': 'vibiret@microsoft.com', 'name': 'Vincent Biret'}, 'message': '- code linting\n\nSigned-off-by: Vincent Biret <vibiret@microsoft.com>', 'distinct': False, 'url': 'https://api.github.com/repos/microsoft/kiota/commits/b274b815cae4afec6387fb1f8a2d33bcb9ca12d0'}, {'sha': '7edccbc6129df14f4ca3444ed368eaaec56915c3', 'author': {'email': '49699333+dependabot[bot]@users.noreply.github.com', 'name': 'dependabot[bot]'}, 'message': 'Bump samples from `4821691` to `7cc82ae`\n\nBumps [samples](https://github.com/microsoft/kiota-samples) from `4821691` to `7cc82ae`.\n- [Release notes](https://github.com/microsoft/kiota-samples/releases)\n- [Commits](https://github.com/microsoft/kiota-samples/compare/48216919f4f002f05f7407b9ee5fbf6892c83635...7cc82aed3f1a29da26c779bd614596437922853c)\n\n---\nupdated-dependencies:\n- dependency-name: samples\n  dependency-type: direct:production\n...\n\nSigned-off-by: dependabot[bot] <support@github.com>', 'distinct': False, 'url': 'https://api.github.com/repos/microsoft/kiota/commits/7edccbc6129df14f4ca3444ed368eaaec56915c3'}, {'sha': 'f9e2618fb66baf5d0f0226c3eb3fb3e431f3d4b8', 'author': {'email': '49699333+dependabot[bot]@users.noreply.github.com', 'name': 'dependabot[bot]'}, 'message': 'Bump @types/node from 16.11.6 to 16.11.7 in /abstractions/typescript\n\nBumps [@types/node](https://github.com/DefinitelyTyped/DefinitelyTyped/tree/HEAD/types/node) from 16.11.6 to 16.11.7.\n- [Release notes](https://github.com/DefinitelyTyped/DefinitelyTyped/releases)\n- [Commits](https://github.com/DefinitelyTyped/DefinitelyTyped/commits/HEAD/types/node)\n\n---\nupdated-dependencies:\n- dependency-name: ""@types/node""\n  dependency-type: direct:development\n  update-type: version-update:semver-patch\n...\n\nSigned-off-by: dependabot[bot] <support@github.com>', 'distinct': False, 'url': 'https://api.github.com/repos/microsoft/kiota/commits/f9e2618fb66baf5d0f0226c3eb3fb3e431f3d4b8'}, {'sha': 'af075efc122dbab5df615b6792565b0f013be3f6', 'author': {'email': 'andrueastman@users.noreply.github.com', 'name': 'Eastman'}, 'message': 'Merge pull request #818 from microsoft/dependabot/submodules/samples-7cc82ae\n\nBump samples from `4821691` to `7cc82ae`', 'distinct': False, 'url': 'https://api.github.com/repos/microsoft/kiota/commits/af075efc122dbab5df615b6792565b0f013be3f6'}, {'sha': '38a5f8df03756fbbba150de48b3e92f27fb8cf7f', 'author': {'email': 'andrueastman@users.noreply.github.com', 'name': 'Eastman'}, 'message': 'Merge pull request #819 from microsoft/dependabot/npm_and_yarn/abstractions/typescript/types/node-16.11.7\n\nBump @types/node from 16.11.6 to 16.11.7 in /abstractions/typescript', 'distinct': False, 'url': 'https://api.github.com/repos/microsoft/kiota/commits/38a5f8df03756fbbba150de48b3e92f27fb8cf7f'}, {'sha': 'e06c09a3a247dc9e22c092646352f4995a709ca7', 'author': {'email': '49699333+dependabot[bot]@users.noreply.github.com', 'name': 'dependabot[bot]'}, 'message': 'Bump @types/node in /authentication/typescript/azure\n\nBumps [@types/node](https://github.com/DefinitelyTyped/DefinitelyTyped/tree/HEAD/types/node) from 16.11.6 to 16.11.7.\n- [Release notes](https://github.com/DefinitelyTyped/DefinitelyTyped/releases)\n- [Commits](https://github.com/DefinitelyTyped/DefinitelyTyped/commits/HEAD/types/node)\n\n---\nupdated-dependencies:\n- dependency-name: ""@types/node""\n  dependency-type: direct:development\n  update-type: version-update:semver-patch\n...\n\nSigned-off-by: dependabot[bot] <support@github.com>', 'distinct': False, 'url': 'https://api.github.com/repos/microsoft/kiota/commits/e06c09a3a247dc9e22c092646352f4995a709ca7'}]}",,C#
20127231062,PullRequestEvent,microsoftgraph/msgraph-beta-sdk-java,0.0,2022-02-08T10:31:27Z,"{'action': 'opened', 'number': 251, 'pull_request': {'url': 'https://api.github.com/repos/microsoftgraph/msgraph-beta-sdk-java/pulls/251', 'id': 842648575, 'node_id': 'PR_kwDODDF5Ls4yOcv_', 'html_url': 'https://github.com/microsoftgraph/msgraph-beta-sdk-java/pull/251', 'diff_url': 'https://github.com/microsoftgraph/msgraph-beta-sdk-java/pull/251.diff', 'patch_url': 'https://github.com/microsoftgraph/msgraph-beta-sdk-java/pull/251.patch', 'issue_url': 'https://api.github.com/repos/microsoftgraph/msgraph-beta-sdk-java/issues/251', 'number': 251, 'state': 'open', 'locked': False, 'title': 'Generated beta models and request builders using Typewriter', 'user': {'login': 'ramsessanchez', 'id': 63934382, 'node_id': 'MDQ6VXNlcjYzOTM0Mzgy', 'avatar_url': 'https://avatars.githubusercontent.com/u/63934382?v=4', 'gravatar_id': '', 'url': 'https://api.github.com/users/ramsessanchez', 'html_url': 'https://github.com/ramsessanchez', 'followers_url': 'https://api.github.com/users/ramsessanchez/followers', 'following_url': 'https://api.github.com/users/ramsessanchez/following{/other_user}', 'gists_url': 'https://api.github.com/users/ramsessanchez/gists{/gist_id}', 'starred_url': 'https://api.github.com/users/ramsessanchez/starred{/owner}{/repo}', 'subscriptions_url': 'https://api.github.com/users/ramsessanchez/subscriptions', 'organizations_url': 'https://api.github.com/users/ramsessanchez/orgs', 'repos_url': 'https://api.github.com/users/ramsessanchez/repos', 'events_url': 'https://api.github.com/users/ramsessanchez/events{/privacy}', 'received_events_url': 'https://api.github.com/users/ramsessanchez/received_events', 'type': 'User', 'site_admin': False}, 'body': 'This pull request was automatically created by the GitHub Action, **create pull request**. \n\n The commit hash is _bbe0dddc2d451ab939d038ca18f9ac944ec71b5d_. \n\n **Important** Check for unexpected deletions or changes in this PR.', 'created_at': '2022-02-08T10:31:26Z', 'updated_at': '2022-02-08T10:31:26Z', 'closed_at': None, 'merged_at': None, 'merge_commit_sha': None, 'assignee': None, 'assignees': [], 'requested_reviewers': [], 'requested_teams': [], 'labels': [], 'milestone': None, 'draft': False, 'commits_url': 'https://api.github.com/repos/microsoftgraph/msgraph-beta-sdk-java/pulls/251/commits', 'review_comments_url': 'https://api.github.com/repos/microsoftgraph/msgraph-beta-sdk-java/pulls/251/comments', 'review_comment_url': 'https://api.github.com/repos/microsoftgraph/msgraph-beta-sdk-java/pulls/comments{/number}', 'comments_url': 'https://api.github.com/repos/microsoftgraph/msgraph-beta-sdk-java/issues/251/comments', 'statuses_url': 'https://api.github.com/repos/microsoftgraph/msgraph-beta-sdk-java/statuses/bbe0dddc2d451ab939d038ca18f9ac944ec71b5d', 'head': {'label': 'microsoftgraph:beta/pipelinebuild/65939', 'ref': 'beta/pipelinebuild/65939', 'sha': 'bbe0dddc2d451ab939d038ca18f9ac944ec71b5d', 'user': {'login': 'microsoftgraph', 'id': 17304259, 'node_id': 'MDEyOk9yZ2FuaXphdGlvbjE3MzA0MjU5', 'avatar_url': 'https://avatars.githubusercontent.com/u/17304259?v=4', 'gravatar_id': '', 'url': 'https://api.github.com/users/microsoftgraph', 'html_url': 'https://github.com/microsoftgraph', 'followers_url': 'https://api.github.com/users/microsoftgraph/followers', 'following_url': 'https://api.github.com/users/microsoftgraph/following{/other_user}', 'gists_url': 'https://api.github.com/users/microsoftgraph/gists{/gist_id}', 'starred_url': 'https://api.github.com/users/microsoftgraph/starred{/owner}{/repo}', 'subscriptions_url': 'https://api.github.com/users/microsoftgraph/subscriptions', 'organizations_url': 'https://api.github.com/users/microsoftgraph/orgs', 'repos_url': 'https://api.github.com/users/microsoftgraph/repos', 'events_url': 'https://api.github.com/users/microsoftgraph/events{/privacy}', 'received_events_url': 'https://api.github.com/users/microsoftgraph/received_events', 'type': 'Organization', 'site_admin': False}, 'repo': {'id': 204568878, 'node_id': 'MDEwOlJlcG9zaXRvcnkyMDQ1Njg4Nzg=', 'name': 'msgraph-beta-sdk-java', 'full_name': 'microsoftgraph/msgraph-beta-sdk-java', 'private': False, 'owner': {'login': 'microsoftgraph', 'id': 17304259, 'node_id': 'MDEyOk9yZ2FuaXphdGlvbjE3MzA0MjU5', 'avatar_url': 'https://avatars.githubusercontent.com/u/17304259?v=4', 'gravatar_id': '', 'url': 'https://api.github.com/users/microsoftgraph', 'html_url': 'https://github.com/microsoftgraph', 'followers_url': 'https://api.github.com/users/microsoftgraph/followers', 'following_url': 'https://api.github.com/users/microsoftgraph/following{/other_user}', 'gists_url': 'https://api.github.com/users/microsoftgraph/gists{/gist_id}', 'starred_url': 'https://api.github.com/users/microsoftgraph/starred{/owner}{/repo}', 'subscriptions_url': 'https://api.github.com/users/microsoftgraph/subscriptions', 'organizations_url': 'https://api.github.com/users/microsoftgraph/orgs', 'repos_url': 'https://api.github.com/users/microsoftgraph/repos', 'events_url': 'https://api.github.com/users/microsoftgraph/events{/privacy}', 'received_events_url': 'https://api.github.com/users/microsoftgraph/received_events', 'type': 'Organization', 'site_admin': False}, 'html_url': 'https://github.com/microsoftgraph/msgraph-beta-sdk-java', 'description': 'Microsoft Graph Beta Java SDK', 'fork': False, 'url': 'https://api.github.com/repos/microsoftgraph/msgraph-beta-sdk-java', 'forks_url': 'https://api.github.com/repos/microsoftgraph/msgraph-beta-sdk-java/forks', 'keys_url': 'https://api.github.com/repos/microsoftgraph/msgraph-beta-sdk-java/keys{/key_id}', 'collaborators_url': 'https://api.github.com/repos/microsoftgraph/msgraph-beta-sdk-java/collaborators{/collaborator}', 'teams_url': 'https://api.github.com/repos/microsoftgraph/msgraph-beta-sdk-java/teams', 'hooks_url': 'https://api.github.com/repos/microsoftgraph/msgraph-beta-sdk-java/hooks', 'issue_events_url': 'https://api.github.com/repos/microsoftgraph/msgraph-beta-sdk-java/issues/events{/number}', 'events_url': 'https://api.github.com/repos/microsoftgraph/msgraph-beta-sdk-java/events', 'assignees_url': 'https://api.github.com/repos/microsoftgraph/msgraph-beta-sdk-java/assignees{/user}', 'branches_url': 'https://api.github.com/repos/microsoftgraph/msgraph-beta-sdk-java/branches{/branch}', 'tags_url': 'https://api.github.com/repos/microsoftgraph/msgraph-beta-sdk-java/tags', 'blobs_url': 'https://api.github.com/repos/microsoftgraph/msgraph-beta-sdk-java/git/blobs{/sha}', 'git_tags_url': 'https://api.github.com/repos/microsoftgraph/msgraph-beta-sdk-java/git/tags{/sha}', 'git_refs_url': 'https://api.github.com/repos/microsoftgraph/msgraph-beta-sdk-java/git/refs{/sha}', 'trees_url': 'https://api.github.com/repos/microsoftgraph/msgraph-beta-sdk-java/git/trees{/sha}', 'statuses_url': 'https://api.github.com/repos/microsoftgraph/msgraph-beta-sdk-java/statuses/{sha}', 'languages_url': 'https://api.github.com/repos/microsoftgraph/msgraph-beta-sdk-java/languages', 'stargazers_url': 'https://api.github.com/repos/microsoftgraph/msgraph-beta-sdk-java/stargazers', 'contributors_url': 'https://api.github.com/repos/microsoftgraph/msgraph-beta-sdk-java/contributors', 'subscribers_url': 'https://api.github.com/repos/microsoftgraph/msgraph-beta-sdk-java/subscribers', 'subscription_url': 'https://api.github.com/repos/microsoftgraph/msgraph-beta-sdk-java/subscription', 'commits_url': 'https://api.github.com/repos/microsoftgraph/msgraph-beta-sdk-java/commits{/sha}', 'git_commits_url': 'https://api.github.com/repos/microsoftgraph/msgraph-beta-sdk-java/git/commits{/sha}', 'comments_url': 'https://api.github.com/repos/microsoftgraph/msgraph-beta-sdk-java/comments{/number}', 'issue_comment_url': 'https://api.github.com/repos/microsoftgraph/msgraph-beta-sdk-java/issues/comments{/number}', 'contents_url': 'https://api.github.com/repos/microsoftgraph/msgraph-beta-sdk-java/contents/{+path}', 'compare_url': 'https://api.github.com/repos/microsoftgraph/msgraph-beta-sdk-java/compare/{base}...{head}', 'merges_url': 'https://api.github.com/repos/microsoftgraph/msgraph-beta-sdk-java/merges', 'archive_url': 'https://api.github.com/repos/microsoftgraph/msgraph-beta-sdk-java/{archive_format}{/ref}', 'downloads_url': 'https://api.github.com/repos/microsoftgraph/msgraph-beta-sdk-java/downloads', 'issues_url': 'https://api.github.com/repos/microsoftgraph/msgraph-beta-sdk-java/issues{/number}', 'pulls_url': 'https://api.github.com/repos/microsoftgraph/msgraph-beta-sdk-java/pulls{/number}', 'milestones_url': 'https://api.github.com/repos/microsoftgraph/msgraph-beta-sdk-java/milestones{/number}', 'notifications_url': 'https://api.github.com/repos/microsoftgraph/msgraph-beta-sdk-java/notifications{?since,all,participating}', 'labels_url': 'https://api.github.com/repos/microsoftgraph/msgraph-beta-sdk-java/labels{/name}', 'releases_url': 'https://api.github.com/repos/microsoftgraph/msgraph-beta-sdk-java/releases{/id}', 'deployments_url': 'https://api.github.com/repos/microsoftgraph/msgraph-beta-sdk-java/deployments', 'created_at': '2019-08-26T21:59:24Z', 'updated_at': '2022-01-06T17:44:15Z', 'pushed_at': '2022-02-08T10:31:26Z', 'git_url': 'git://github.com/microsoftgraph/msgraph-beta-sdk-java.git', 'ssh_url': 'git@github.com:microsoftgraph/msgraph-beta-sdk-java.git', 'clone_url': 'https://github.com/microsoftgraph/msgraph-beta-sdk-java.git', 'svn_url': 'https://github.com/microsoftgraph/msgraph-beta-sdk-java', 'homepage': 'https://docs.microsoft.com/en-us/graph/sdks/use-beta?tabs=Java', 'size': 50273, 'stargazers_count': 7, 'watchers_count': 7, 'language': 'Java', 'has_issues': True, 'has_projects': True, 'has_downloads': True, 'has_wiki': False, 'has_pages': False, 'forks_count': 4, 'mirror_url': None, 'archived': False, 'disabled': False, 'open_issues_count': 3, 'license': {'key': 'mit', 'name': 'MIT License', 'spdx_id': 'MIT', 'url': 'https://api.github.com/licenses/mit', 'node_id': 'MDc6TGljZW5zZTEz'}, 'allow_forking': True, 'is_template': False, 'topics': ['java', 'microsoft-graph', 'sdk'], 'visibility': 'public', 'forks': 4, 'open_issues': 3, 'watchers': 7, 'default_branch': 'dev'}}, 'base': {'label': 'microsoftgraph:dev', 'ref': 'dev', 'sha': '5a91036592eb1b3447ff0ef7c1b41713435afb73', 'user': {'login': 'microsoftgraph', 'id': 17304259, 'node_id': 'MDEyOk9yZ2FuaXphdGlvbjE3MzA0MjU5', 'avatar_url': 'https://avatars.githubusercontent.com/u/17304259?v=4', 'gravatar_id': '', 'url': 'https://api.github.com/users/microsoftgraph', 'html_url': 'https://github.com/microsoftgraph', 'followers_url': 'https://api.github.com/users/microsoftgraph/followers', 'following_url': 'https://api.github.com/users/microsoftgraph/following{/other_user}', 'gists_url': 'https://api.github.com/users/microsoftgraph/gists{/gist_id}', 'starred_url': 'https://api.github.com/users/microsoftgraph/starred{/owner}{/repo}', 'subscriptions_url': 'https://api.github.com/users/microsoftgraph/subscriptions', 'organizations_url': 'https://api.github.com/users/microsoftgraph/orgs', 'repos_url': 'https://api.github.com/users/microsoftgraph/repos', 'events_url': 'https://api.github.com/users/microsoftgraph/events{/privacy}', 'received_events_url': 'https://api.github.com/users/microsoftgraph/received_events', 'type': 'Organization', 'site_admin': False}, 'repo': {'id': 204568878, 'node_id': 'MDEwOlJlcG9zaXRvcnkyMDQ1Njg4Nzg=', 'name': 'msgraph-beta-sdk-java', 'full_name': 'microsoftgraph/msgraph-beta-sdk-java', 'private': False, 'owner': {'login': 'microsoftgraph', 'id': 17304259, 'node_id': 'MDEyOk9yZ2FuaXphdGlvbjE3MzA0MjU5', 'avatar_url': 'https://avatars.githubusercontent.com/u/17304259?v=4', 'gravatar_id': '', 'url': 'https://api.github.com/users/microsoftgraph', 'html_url': 'https://github.com/microsoftgraph', 'followers_url': 'https://api.github.com/users/microsoftgraph/followers', 'following_url': 'https://api.github.com/users/microsoftgraph/following{/other_user}', 'gists_url': 'https://api.github.com/users/microsoftgraph/gists{/gist_id}', 'starred_url': 'https://api.github.com/users/microsoftgraph/starred{/owner}{/repo}', 'subscriptions_url': 'https://api.github.com/users/microsoftgraph/subscriptions', 'organizations_url': 'https://api.github.com/users/microsoftgraph/orgs', 'repos_url': 'https://api.github.com/users/microsoftgraph/repos', 'events_url': 'https://api.github.com/users/microsoftgraph/events{/privacy}', 'received_events_url': 'https://api.github.com/users/microsoftgraph/received_events', 'type': 'Organization', 'site_admin': False}, 'html_url': 'https://github.com/microsoftgraph/msgraph-beta-sdk-java', 'description': 'Microsoft Graph Beta Java SDK', 'fork': False, 'url': 'https://api.github.com/repos/microsoftgraph/msgraph-beta-sdk-java', 'forks_url': 'https://api.github.com/repos/microsoftgraph/msgraph-beta-sdk-java/forks', 'keys_url': 'https://api.github.com/repos/microsoftgraph/msgraph-beta-sdk-java/keys{/key_id}', 'collaborators_url': 'https://api.github.com/repos/microsoftgraph/msgraph-beta-sdk-java/collaborators{/collaborator}', 'teams_url': 'https://api.github.com/repos/microsoftgraph/msgraph-beta-sdk-java/teams', 'hooks_url': 'https://api.github.com/repos/microsoftgraph/msgraph-beta-sdk-java/hooks', 'issue_events_url': 'https://api.github.com/repos/microsoftgraph/msgraph-beta-sdk-java/issues/events{/number}', 'events_url': 'https://api.github.com/repos/microsoftgraph/msgraph-beta-sdk-java/events', 'assignees_url': 'https://api.github.com/repos/microsoftgraph/msgraph-beta-sdk-java/assignees{/user}', 'branches_url': 'https://api.github.com/repos/microsoftgraph/msgraph-beta-sdk-java/branches{/branch}', 'tags_url': 'https://api.github.com/repos/microsoftgraph/msgraph-beta-sdk-java/tags', 'blobs_url': 'https://api.github.com/repos/microsoftgraph/msgraph-beta-sdk-java/git/blobs{/sha}', 'git_tags_url': 'https://api.github.com/repos/microsoftgraph/msgraph-beta-sdk-java/git/tags{/sha}', 'git_refs_url': 'https://api.github.com/repos/microsoftgraph/msgraph-beta-sdk-java/git/refs{/sha}', 'trees_url': 'https://api.github.com/repos/microsoftgraph/msgraph-beta-sdk-java/git/trees{/sha}', 'statuses_url': 'https://api.github.com/repos/microsoftgraph/msgraph-beta-sdk-java/statuses/{sha}', 'languages_url': 'https://api.github.com/repos/microsoftgraph/msgraph-beta-sdk-java/languages', 'stargazers_url': 'https://api.github.com/repos/microsoftgraph/msgraph-beta-sdk-java/stargazers', 'contributors_url': 'https://api.github.com/repos/microsoftgraph/msgraph-beta-sdk-java/contributors', 'subscribers_url': 'https://api.github.com/repos/microsoftgraph/msgraph-beta-sdk-java/subscribers', 'subscription_url': 'https://api.github.com/repos/microsoftgraph/msgraph-beta-sdk-java/subscription', 'commits_url': 'https://api.github.com/repos/microsoftgraph/msgraph-beta-sdk-java/commits{/sha}', 'git_commits_url': 'https://api.github.com/repos/microsoftgraph/msgraph-beta-sdk-java/git/commits{/sha}', 'comments_url': 'https://api.github.com/repos/microsoftgraph/msgraph-beta-sdk-java/comments{/number}', 'issue_comment_url': 'https://api.github.com/repos/microsoftgraph/msgraph-beta-sdk-java/issues/comments{/number}', 'contents_url': 'https://api.github.com/repos/microsoftgraph/msgraph-beta-sdk-java/contents/{+path}', 'compare_url': 'https://api.github.com/repos/microsoftgraph/msgraph-beta-sdk-java/compare/{base}...{head}', 'merges_url': 'https://api.github.com/repos/microsoftgraph/msgraph-beta-sdk-java/merges', 'archive_url': 'https://api.github.com/repos/microsoftgraph/msgraph-beta-sdk-java/{archive_format}{/ref}', 'downloads_url': 'https://api.github.com/repos/microsoftgraph/msgraph-beta-sdk-java/downloads', 'issues_url': 'https://api.github.com/repos/microsoftgraph/msgraph-beta-sdk-java/issues{/number}', 'pulls_url': 'https://api.github.com/repos/microsoftgraph/msgraph-beta-sdk-java/pulls{/number}', 'milestones_url': 'https://api.github.com/repos/microsoftgraph/msgraph-beta-sdk-java/milestones{/number}', 'notifications_url': 'https://api.github.com/repos/microsoftgraph/msgraph-beta-sdk-java/notifications{?since,all,participating}', 'labels_url': 'https://api.github.com/repos/microsoftgraph/msgraph-beta-sdk-java/labels{/name}', 'releases_url': 'https://api.github.com/repos/microsoftgraph/msgraph-beta-sdk-java/releases{/id}', 'deployments_url': 'https://api.github.com/repos/microsoftgraph/msgraph-beta-sdk-java/deployments', 'created_at': '2019-08-26T21:59:24Z', 'updated_at': '2022-01-06T17:44:15Z', 'pushed_at': '2022-02-08T10:31:26Z', 'git_url': 'git://github.com/microsoftgraph/msgraph-beta-sdk-java.git', 'ssh_url': 'git@github.com:microsoftgraph/msgraph-beta-sdk-java.git', 'clone_url': 'https://github.com/microsoftgraph/msgraph-beta-sdk-java.git', 'svn_url': 'https://github.com/microsoftgraph/msgraph-beta-sdk-java', 'homepage': 'https://docs.microsoft.com/en-us/graph/sdks/use-beta?tabs=Java', 'size': 50273, 'stargazers_count': 7, 'watchers_count': 7, 'language': 'Java', 'has_issues': True, 'has_projects': True, 'has_downloads': True, 'has_wiki': False, 'has_pages': False, 'forks_count': 4, 'mirror_url': None, 'archived': False, 'disabled': False, 'open_issues_count': 3, 'license': {'key': 'mit', 'name': 'MIT License', 'spdx_id': 'MIT', 'url': 'https://api.github.com/licenses/mit', 'node_id': 'MDc6TGljZW5zZTEz'}, 'allow_forking': True, 'is_template': False, 'topics': ['java', 'microsoft-graph', 'sdk'], 'visibility': 'public', 'forks': 4, 'open_issues': 3, 'watchers': 7, 'default_branch': 'dev'}}, '_links': {'self': {'href': 'https://api.github.com/repos/microsoftgraph/msgraph-beta-sdk-java/pulls/251'}, 'html': {'href': 'https://github.com/microsoftgraph/msgraph-beta-sdk-java/pull/251'}, 'issue': {'href': 'https://api.github.com/repos/microsoftgraph/msgraph-beta-sdk-java/issues/251'}, 'comments': {'href': 'https://api.github.com/repos/microsoftgraph/msgraph-beta-sdk-java/issues/251/comments'}, 'review_comments': {'href': 'https://api.github.com/repos/microsoftgraph/msgraph-beta-sdk-java/pulls/251/comments'}, 'review_comment': {'href': 'https://api.github.com/repos/microsoftgraph/msgraph-beta-sdk-java/pulls/comments{/number}'}, 'commits': {'href': 'https://api.github.com/repos/microsoftgraph/msgraph-beta-sdk-java/pulls/251/commits'}, 'statuses': {'href': 'https://api.github.com/repos/microsoftgraph/msgraph-beta-sdk-java/statuses/bbe0dddc2d451ab939d038ca18f9ac944ec71b5d'}}, 'author_association': 'CONTRIBUTOR', 'auto_merge': None, 'active_lock_reason': None, 'merged': False, 'mergeable': None, 'rebaseable': None, 'mergeable_state': 'unknown', 'merged_by': None, 'comments': 0, 'review_comments': 0, 'maintainer_can_modify': False, 'commits': 1, 'additions': 7923, 'deletions': 1359, 'changed_files': 427}}",opened,Java
20126793242,PullRequestEvent,microsoftgraph/msgraph-sdk-java,0.0,2022-02-08T10:08:42Z,"{'action': 'opened', 'number': 1005, 'pull_request': {'url': 'https://api.github.com/repos/microsoftgraph/msgraph-sdk-java/pulls/1005', 'id': 842625767, 'node_id': 'PR_kwDOBig9Oc4yOXLn', 'html_url': 'https://github.com/microsoftgraph/msgraph-sdk-java/pull/1005', 'diff_url': 'https://github.com/microsoftgraph/msgraph-sdk-java/pull/1005.diff', 'patch_url': 'https://github.com/microsoftgraph/msgraph-sdk-java/pull/1005.patch', 'issue_url': 'https://api.github.com/repos/microsoftgraph/msgraph-sdk-java/issues/1005', 'number': 1005, 'state': 'open', 'locked': False, 'title': 'Generated v1.0 models and request builders using Typewriter', 'user': {'login': 'ramsessanchez', 'id': 63934382, 'node_id': 'MDQ6VXNlcjYzOTM0Mzgy', 'avatar_url': 'https://avatars.githubusercontent.com/u/63934382?v=4', 'gravatar_id': '', 'url': 'https://api.github.com/users/ramsessanchez', 'html_url': 'https://github.com/ramsessanchez', 'followers_url': 'https://api.github.com/users/ramsessanchez/followers', 'following_url': 'https://api.github.com/users/ramsessanchez/following{/other_user}', 'gists_url': 'https://api.github.com/users/ramsessanchez/gists{/gist_id}', 'starred_url': 'https://api.github.com/users/ramsessanchez/starred{/owner}{/repo}', 'subscriptions_url': 'https://api.github.com/users/ramsessanchez/subscriptions', 'organizations_url': 'https://api.github.com/users/ramsessanchez/orgs', 'repos_url': 'https://api.github.com/users/ramsessanchez/repos', 'events_url': 'https://api.github.com/users/ramsessanchez/events{/privacy}', 'received_events_url': 'https://api.github.com/users/ramsessanchez/received_events', 'type': 'User', 'site_admin': False}, 'body': 'This pull request was automatically created by the GitHub Action, **create pull request**. \n\n The commit hash is _458afd450444e7fbe14d67b1fedca37309d264c8_. \n\n **Important** Check for unexpected deletions or changes in this PR.', 'created_at': '2022-02-08T10:08:41Z', 'updated_at': '2022-02-08T10:08:41Z', 'closed_at': None, 'merged_at': None, 'merge_commit_sha': None, 'assignee': None, 'assignees': [], 'requested_reviewers': [], 'requested_teams': [], 'labels': [], 'milestone': None, 'draft': False, 'commits_url': 'https://api.github.com/repos/microsoftgraph/msgraph-sdk-java/pulls/1005/commits', 'review_comments_url': 'https://api.github.com/repos/microsoftgraph/msgraph-sdk-java/pulls/1005/comments', 'review_comment_url': 'https://api.github.com/repos/microsoftgraph/msgraph-sdk-java/pulls/comments{/number}', 'comments_url': 'https://api.github.com/repos/microsoftgraph/msgraph-sdk-java/issues/1005/comments', 'statuses_url': 'https://api.github.com/repos/microsoftgraph/msgraph-sdk-java/statuses/458afd450444e7fbe14d67b1fedca37309d264c8', 'head': {'label': 'microsoftgraph:v1.0/pipelinebuild/65939', 'ref': 'v1.0/pipelinebuild/65939', 'sha': '458afd450444e7fbe14d67b1fedca37309d264c8', 'user': {'login': 'microsoftgraph', 'id': 17304259, 'node_id': 'MDEyOk9yZ2FuaXphdGlvbjE3MzA0MjU5', 'avatar_url': 'https://avatars.githubusercontent.com/u/17304259?v=4', 'gravatar_id': '', 'url': 'https://api.github.com/users/microsoftgraph', 'html_url': 'https://github.com/microsoftgraph', 'followers_url': 'https://api.github.com/users/microsoftgraph/followers', 'following_url': 'https://api.github.com/users/microsoftgraph/following{/other_user}', 'gists_url': 'https://api.github.com/users/microsoftgraph/gists{/gist_id}', 'starred_url': 'https://api.github.com/users/microsoftgraph/starred{/owner}{/repo}', 'subscriptions_url': 'https://api.github.com/users/microsoftgraph/subscriptions', 'organizations_url': 'https://api.github.com/users/microsoftgraph/orgs', 'repos_url': 'https://api.github.com/users/microsoftgraph/repos', 'events_url': 'https://api.github.com/users/microsoftgraph/events{/privacy}', 'received_events_url': 'https://api.github.com/users/microsoftgraph/received_events', 'type': 'Organization', 'site_admin': False}, 'repo': {'id': 103300409, 'node_id': 'MDEwOlJlcG9zaXRvcnkxMDMzMDA0MDk=', 'name': 'msgraph-sdk-java', 'full_name': 'microsoftgraph/msgraph-sdk-java', 'private': False, 'owner': {'login': 'microsoftgraph', 'id': 17304259, 'node_id': 'MDEyOk9yZ2FuaXphdGlvbjE3MzA0MjU5', 'avatar_url': 'https://avatars.githubusercontent.com/u/17304259?v=4', 'gravatar_id': '', 'url': 'https://api.github.com/users/microsoftgraph', 'html_url': 'https://github.com/microsoftgraph', 'followers_url': 'https://api.github.com/users/microsoftgraph/followers', 'following_url': 'https://api.github.com/users/microsoftgraph/following{/other_user}', 'gists_url': 'https://api.github.com/users/microsoftgraph/gists{/gist_id}', 'starred_url': 'https://api.github.com/users/microsoftgraph/starred{/owner}{/repo}', 'subscriptions_url': 'https://api.github.com/users/microsoftgraph/subscriptions', 'organizations_url': 'https://api.github.com/users/microsoftgraph/orgs', 'repos_url': 'https://api.github.com/users/microsoftgraph/repos', 'events_url': 'https://api.github.com/users/microsoftgraph/events{/privacy}', 'received_events_url': 'https://api.github.com/users/microsoftgraph/received_events', 'type': 'Organization', 'site_admin': False}, 'html_url': 'https://github.com/microsoftgraph/msgraph-sdk-java', 'description': 'Microsoft Graph SDK for Java', 'fork': False, 'url': 'https://api.github.com/repos/microsoftgraph/msgraph-sdk-java', 'forks_url': 'https://api.github.com/repos/microsoftgraph/msgraph-sdk-java/forks', 'keys_url': 'https://api.github.com/repos/microsoftgraph/msgraph-sdk-java/keys{/key_id}', 'collaborators_url': 'https://api.github.com/repos/microsoftgraph/msgraph-sdk-java/collaborators{/collaborator}', 'teams_url': 'https://api.github.com/repos/microsoftgraph/msgraph-sdk-java/teams', 'hooks_url': 'https://api.github.com/repos/microsoftgraph/msgraph-sdk-java/hooks', 'issue_events_url': 'https://api.github.com/repos/microsoftgraph/msgraph-sdk-java/issues/events{/number}', 'events_url': 'https://api.github.com/repos/microsoftgraph/msgraph-sdk-java/events', 'assignees_url': 'https://api.github.com/repos/microsoftgraph/msgraph-sdk-java/assignees{/user}', 'branches_url': 'https://api.github.com/repos/microsoftgraph/msgraph-sdk-java/branches{/branch}', 'tags_url': 'https://api.github.com/repos/microsoftgraph/msgraph-sdk-java/tags', 'blobs_url': 'https://api.github.com/repos/microsoftgraph/msgraph-sdk-java/git/blobs{/sha}', 'git_tags_url': 'https://api.github.com/repos/microsoftgraph/msgraph-sdk-java/git/tags{/sha}', 'git_refs_url': 'https://api.github.com/repos/microsoftgraph/msgraph-sdk-java/git/refs{/sha}', 'trees_url': 'https://api.github.com/repos/microsoftgraph/msgraph-sdk-java/git/trees{/sha}', 'statuses_url': 'https://api.github.com/repos/microsoftgraph/msgraph-sdk-java/statuses/{sha}', 'languages_url': 'https://api.github.com/repos/microsoftgraph/msgraph-sdk-java/languages', 'stargazers_url': 'https://api.github.com/repos/microsoftgraph/msgraph-sdk-java/stargazers', 'contributors_url': 'https://api.github.com/repos/microsoftgraph/msgraph-sdk-java/contributors', 'subscribers_url': 'https://api.github.com/repos/microsoftgraph/msgraph-sdk-java/subscribers', 'subscription_url': 'https://api.github.com/repos/microsoftgraph/msgraph-sdk-java/subscription', 'commits_url': 'https://api.github.com/repos/microsoftgraph/msgraph-sdk-java/commits{/sha}', 'git_commits_url': 'https://api.github.com/repos/microsoftgraph/msgraph-sdk-java/git/commits{/sha}', 'comments_url': 'https://api.github.com/repos/microsoftgraph/msgraph-sdk-java/comments{/number}', 'issue_comment_url': 'https://api.github.com/repos/microsoftgraph/msgraph-sdk-java/issues/comments{/number}', 'contents_url': 'https://api.github.com/repos/microsoftgraph/msgraph-sdk-java/contents/{+path}', 'compare_url': 'https://api.github.com/repos/microsoftgraph/msgraph-sdk-java/compare/{base}...{head}', 'merges_url': 'https://api.github.com/repos/microsoftgraph/msgraph-sdk-java/merges', 'archive_url': 'https://api.github.com/repos/microsoftgraph/msgraph-sdk-java/{archive_format}{/ref}', 'downloads_url': 'https://api.github.com/repos/microsoftgraph/msgraph-sdk-java/downloads', 'issues_url': 'https://api.github.com/repos/microsoftgraph/msgraph-sdk-java/issues{/number}', 'pulls_url': 'https://api.github.com/repos/microsoftgraph/msgraph-sdk-java/pulls{/number}', 'milestones_url': 'https://api.github.com/repos/microsoftgraph/msgraph-sdk-java/milestones{/number}', 'notifications_url': 'https://api.github.com/repos/microsoftgraph/msgraph-sdk-java/notifications{?since,all,participating}', 'labels_url': 'https://api.github.com/repos/microsoftgraph/msgraph-sdk-java/labels{/name}', 'releases_url': 'https://api.github.com/repos/microsoftgraph/msgraph-sdk-java/releases{/id}', 'deployments_url': 'https://api.github.com/repos/microsoftgraph/msgraph-sdk-java/deployments', 'created_at': '2017-09-12T17:20:15Z', 'updated_at': '2022-02-01T13:25:51Z', 'pushed_at': '2022-02-08T10:08:41Z', 'git_url': 'git://github.com/microsoftgraph/msgraph-sdk-java.git', 'ssh_url': 'git@github.com:microsoftgraph/msgraph-sdk-java.git', 'clone_url': 'https://github.com/microsoftgraph/msgraph-sdk-java.git', 'svn_url': 'https://github.com/microsoftgraph/msgraph-sdk-java', 'homepage': 'https://docs.microsoft.com/en-us/graph/sdks/sdks-overview', 'size': 58404, 'stargazers_count': 238, 'watchers_count': 238, 'language': 'Java', 'has_issues': True, 'has_projects': True, 'has_downloads': True, 'has_wiki': False, 'has_pages': False, 'forks_count': 99, 'mirror_url': None, 'archived': False, 'disabled': False, 'open_issues_count': 4, 'license': {'key': 'mit', 'name': 'MIT License', 'spdx_id': 'MIT', 'url': 'https://api.github.com/licenses/mit', 'node_id': 'MDc6TGljZW5zZTEz'}, 'allow_forking': True, 'is_template': False, 'topics': ['java', 'microsoft-graph', 'microsoft-graph-sdk', 'sdk'], 'visibility': 'public', 'forks': 99, 'open_issues': 4, 'watchers': 238, 'default_branch': 'dev'}}, 'base': {'label': 'microsoftgraph:dev', 'ref': 'dev', 'sha': '3f1d11f3120dec2e1b1f250174817620c2a3a169', 'user': {'login': 'microsoftgraph', 'id': 17304259, 'node_id': 'MDEyOk9yZ2FuaXphdGlvbjE3MzA0MjU5', 'avatar_url': 'https://avatars.githubusercontent.com/u/17304259?v=4', 'gravatar_id': '', 'url': 'https://api.github.com/users/microsoftgraph', 'html_url': 'https://github.com/microsoftgraph', 'followers_url': 'https://api.github.com/users/microsoftgraph/followers', 'following_url': 'https://api.github.com/users/microsoftgraph/following{/other_user}', 'gists_url': 'https://api.github.com/users/microsoftgraph/gists{/gist_id}', 'starred_url': 'https://api.github.com/users/microsoftgraph/starred{/owner}{/repo}', 'subscriptions_url': 'https://api.github.com/users/microsoftgraph/subscriptions', 'organizations_url': 'https://api.github.com/users/microsoftgraph/orgs', 'repos_url': 'https://api.github.com/users/microsoftgraph/repos', 'events_url': 'https://api.github.com/users/microsoftgraph/events{/privacy}', 'received_events_url': 'https://api.github.com/users/microsoftgraph/received_events', 'type': 'Organization', 'site_admin': False}, 'repo': {'id': 103300409, 'node_id': 'MDEwOlJlcG9zaXRvcnkxMDMzMDA0MDk=', 'name': 'msgraph-sdk-java', 'full_name': 'microsoftgraph/msgraph-sdk-java', 'private': False, 'owner': {'login': 'microsoftgraph', 'id': 17304259, 'node_id': 'MDEyOk9yZ2FuaXphdGlvbjE3MzA0MjU5', 'avatar_url': 'https://avatars.githubusercontent.com/u/17304259?v=4', 'gravatar_id': '', 'url': 'https://api.github.com/users/microsoftgraph', 'html_url': 'https://github.com/microsoftgraph', 'followers_url': 'https://api.github.com/users/microsoftgraph/followers', 'following_url': 'https://api.github.com/users/microsoftgraph/following{/other_user}', 'gists_url': 'https://api.github.com/users/microsoftgraph/gists{/gist_id}', 'starred_url': 'https://api.github.com/users/microsoftgraph/starred{/owner}{/repo}', 'subscriptions_url': 'https://api.github.com/users/microsoftgraph/subscriptions', 'organizations_url': 'https://api.github.com/users/microsoftgraph/orgs', 'repos_url': 'https://api.github.com/users/microsoftgraph/repos', 'events_url': 'https://api.github.com/users/microsoftgraph/events{/privacy}', 'received_events_url': 'https://api.github.com/users/microsoftgraph/received_events', 'type': 'Organization', 'site_admin': False}, 'html_url': 'https://github.com/microsoftgraph/msgraph-sdk-java', 'description': 'Microsoft Graph SDK for Java', 'fork': False, 'url': 'https://api.github.com/repos/microsoftgraph/msgraph-sdk-java', 'forks_url': 'https://api.github.com/repos/microsoftgraph/msgraph-sdk-java/forks', 'keys_url': 'https://api.github.com/repos/microsoftgraph/msgraph-sdk-java/keys{/key_id}', 'collaborators_url': 'https://api.github.com/repos/microsoftgraph/msgraph-sdk-java/collaborators{/collaborator}', 'teams_url': 'https://api.github.com/repos/microsoftgraph/msgraph-sdk-java/teams', 'hooks_url': 'https://api.github.com/repos/microsoftgraph/msgraph-sdk-java/hooks', 'issue_events_url': 'https://api.github.com/repos/microsoftgraph/msgraph-sdk-java/issues/events{/number}', 'events_url': 'https://api.github.com/repos/microsoftgraph/msgraph-sdk-java/events', 'assignees_url': 'https://api.github.com/repos/microsoftgraph/msgraph-sdk-java/assignees{/user}', 'branches_url': 'https://api.github.com/repos/microsoftgraph/msgraph-sdk-java/branches{/branch}', 'tags_url': 'https://api.github.com/repos/microsoftgraph/msgraph-sdk-java/tags', 'blobs_url': 'https://api.github.com/repos/microsoftgraph/msgraph-sdk-java/git/blobs{/sha}', 'git_tags_url': 'https://api.github.com/repos/microsoftgraph/msgraph-sdk-java/git/tags{/sha}', 'git_refs_url': 'https://api.github.com/repos/microsoftgraph/msgraph-sdk-java/git/refs{/sha}', 'trees_url': 'https://api.github.com/repos/microsoftgraph/msgraph-sdk-java/git/trees{/sha}', 'statuses_url': 'https://api.github.com/repos/microsoftgraph/msgraph-sdk-java/statuses/{sha}', 'languages_url': 'https://api.github.com/repos/microsoftgraph/msgraph-sdk-java/languages', 'stargazers_url': 'https://api.github.com/repos/microsoftgraph/msgraph-sdk-java/stargazers', 'contributors_url': 'https://api.github.com/repos/microsoftgraph/msgraph-sdk-java/contributors', 'subscribers_url': 'https://api.github.com/repos/microsoftgraph/msgraph-sdk-java/subscribers', 'subscription_url': 'https://api.github.com/repos/microsoftgraph/msgraph-sdk-java/subscription', 'commits_url': 'https://api.github.com/repos/microsoftgraph/msgraph-sdk-java/commits{/sha}', 'git_commits_url': 'https://api.github.com/repos/microsoftgraph/msgraph-sdk-java/git/commits{/sha}', 'comments_url': 'https://api.github.com/repos/microsoftgraph/msgraph-sdk-java/comments{/number}', 'issue_comment_url': 'https://api.github.com/repos/microsoftgraph/msgraph-sdk-java/issues/comments{/number}', 'contents_url': 'https://api.github.com/repos/microsoftgraph/msgraph-sdk-java/contents/{+path}', 'compare_url': 'https://api.github.com/repos/microsoftgraph/msgraph-sdk-java/compare/{base}...{head}', 'merges_url': 'https://api.github.com/repos/microsoftgraph/msgraph-sdk-java/merges', 'archive_url': 'https://api.github.com/repos/microsoftgraph/msgraph-sdk-java/{archive_format}{/ref}', 'downloads_url': 'https://api.github.com/repos/microsoftgraph/msgraph-sdk-java/downloads', 'issues_url': 'https://api.github.com/repos/microsoftgraph/msgraph-sdk-java/issues{/number}', 'pulls_url': 'https://api.github.com/repos/microsoftgraph/msgraph-sdk-java/pulls{/number}', 'milestones_url': 'https://api.github.com/repos/microsoftgraph/msgraph-sdk-java/milestones{/number}', 'notifications_url': 'https://api.github.com/repos/microsoftgraph/msgraph-sdk-java/notifications{?since,all,participating}', 'labels_url': 'https://api.github.com/repos/microsoftgraph/msgraph-sdk-java/labels{/name}', 'releases_url': 'https://api.github.com/repos/microsoftgraph/msgraph-sdk-java/releases{/id}', 'deployments_url': 'https://api.github.com/repos/microsoftgraph/msgraph-sdk-java/deployments', 'created_at': '2017-09-12T17:20:15Z', 'updated_at': '2022-02-01T13:25:51Z', 'pushed_at': '2022-02-08T10:08:41Z', 'git_url': 'git://github.com/microsoftgraph/msgraph-sdk-java.git', 'ssh_url': 'git@github.com:microsoftgraph/msgraph-sdk-java.git', 'clone_url': 'https://github.com/microsoftgraph/msgraph-sdk-java.git', 'svn_url': 'https://github.com/microsoftgraph/msgraph-sdk-java', 'homepage': 'https://docs.microsoft.com/en-us/graph/sdks/sdks-overview', 'size': 58404, 'stargazers_count': 238, 'watchers_count': 238, 'language': 'Java', 'has_issues': True, 'has_projects': True, 'has_downloads': True, 'has_wiki': False, 'has_pages': False, 'forks_count': 99, 'mirror_url': None, 'archived': False, 'disabled': False, 'open_issues_count': 4, 'license': {'key': 'mit', 'name': 'MIT License', 'spdx_id': 'MIT', 'url': 'https://api.github.com/licenses/mit', 'node_id': 'MDc6TGljZW5zZTEz'}, 'allow_forking': True, 'is_template': False, 'topics': ['java', 'microsoft-graph', 'microsoft-graph-sdk', 'sdk'], 'visibility': 'public', 'forks': 99, 'open_issues': 4, 'watchers': 238, 'default_branch': 'dev'}}, '_links': {'self': {'href': 'https://api.github.com/repos/microsoftgraph/msgraph-sdk-java/pulls/1005'}, 'html': {'href': 'https://github.com/microsoftgraph/msgraph-sdk-java/pull/1005'}, 'issue': {'href': 'https://api.github.com/repos/microsoftgraph/msgraph-sdk-java/issues/1005'}, 'comments': {'href': 'https://api.github.com/repos/microsoftgraph/msgraph-sdk-java/issues/1005/comments'}, 'review_comments': {'href': 'https://api.github.com/repos/microsoftgraph/msgraph-sdk-java/pulls/1005/comments'}, 'review_comment': {'href': 'https://api.github.com/repos/microsoftgraph/msgraph-sdk-java/pulls/comments{/number}'}, 'commits': {'href': 'https://api.github.com/repos/microsoftgraph/msgraph-sdk-java/pulls/1005/commits'}, 'statuses': {'href': 'https://api.github.com/repos/microsoftgraph/msgraph-sdk-java/statuses/458afd450444e7fbe14d67b1fedca37309d264c8'}}, 'author_association': 'CONTRIBUTOR', 'auto_merge': None, 'active_lock_reason': None, 'merged': False, 'mergeable': None, 'rebaseable': None, 'mergeable_state': 'unknown', 'merged_by': None, 'comments': 0, 'review_comments': 0, 'maintainer_can_modify': False, 'commits': 1, 'additions': 3435, 'deletions': 537, 'changed_files': 293}}",opened,Java
20082396798,PullRequestReviewEvent,microsoftgraph/msgraph-sdk-java-core,0.0,2022-02-04T19:23:51Z,"{'action': 'created', 'review': {'id': 873490334, 'node_id': 'PRR_kwDOCTce4M40EGee', 'user': {'login': 'ramsessanchez', 'id': 63934382, 'node_id': 'MDQ6VXNlcjYzOTM0Mzgy', 'avatar_url': 'https://avatars.githubusercontent.com/u/63934382?v=4', 'gravatar_id': '', 'url': 'https://api.github.com/users/ramsessanchez', 'html_url': 'https://github.com/ramsessanchez', 'followers_url': 'https://api.github.com/users/ramsessanchez/followers', 'following_url': 'https://api.github.com/users/ramsessanchez/following{/other_user}', 'gists_url': 'https://api.github.com/users/ramsessanchez/gists{/gist_id}', 'starred_url': 'https://api.github.com/users/ramsessanchez/starred{/owner}{/repo}', 'subscriptions_url': 'https://api.github.com/users/ramsessanchez/subscriptions', 'organizations_url': 'https://api.github.com/users/ramsessanchez/orgs', 'repos_url': 'https://api.github.com/users/ramsessanchez/repos', 'events_url': 'https://api.github.com/users/ramsessanchez/events{/privacy}', 'received_events_url': 'https://api.github.com/users/ramsessanchez/received_events', 'type': 'User', 'site_admin': False}, 'body': '', 'commit_id': 'adb978a25f7d1772a05a3ad0361a9ccc4388a736', 'submitted_at': '2022-02-04T19:23:50Z', 'state': 'approved', 'html_url': 'https://github.com/microsoftgraph/msgraph-sdk-java-core/pull/431#pullrequestreview-873490334', 'pull_request_url': 'https://api.github.com/repos/microsoftgraph/msgraph-sdk-java-core/pulls/431', 'author_association': 'CONTRIBUTOR', '_links': {'html': {'href': 'https://github.com/microsoftgraph/msgraph-sdk-java-core/pull/431#pullrequestreview-873490334'}, 'pull_request': {'href': 'https://api.github.com/repos/microsoftgraph/msgraph-sdk-java-core/pulls/431'}}}, 'pull_request': {'url': 'https://api.github.com/repos/microsoftgraph/msgraph-sdk-java-core/pulls/431', 'id': 840539025, 'node_id': 'PR_kwDOCTce4M4yGZuR', 'html_url': 'https://github.com/microsoftgraph/msgraph-sdk-java-core/pull/431', 'diff_url': 'https://github.com/microsoftgraph/msgraph-sdk-java-core/pull/431.diff', 'patch_url': 'https://github.com/microsoftgraph/msgraph-sdk-java-core/pull/431.patch', 'issue_url': 'https://api.github.com/repos/microsoftgraph/msgraph-sdk-java-core/issues/431', 'number': 431, 'state': 'open', 'locked': False, 'title': '- upgrades android tools to unlock release', 'user': {'login': 'baywet', 'id': 7905502, 'node_id': 'MDQ6VXNlcjc5MDU1MDI=', 'avatar_url': 'https://avatars.githubusercontent.com/u/7905502?v=4', 'gravatar_id': '', 'url': 'https://api.github.com/users/baywet', 'html_url': 'https://github.com/baywet', 'followers_url': 'https://api.github.com/users/baywet/followers', 'following_url': 'https://api.github.com/users/baywet/following{/other_user}', 'gists_url': 'https://api.github.com/users/baywet/gists{/gist_id}', 'starred_url': 'https://api.github.com/users/baywet/starred{/owner}{/repo}', 'subscriptions_url': 'https://api.github.com/users/baywet/subscriptions', 'organizations_url': 'https://api.github.com/users/baywet/orgs', 'repos_url': 'https://api.github.com/users/baywet/repos', 'events_url': 'https://api.github.com/users/baywet/events{/privacy}', 'received_events_url': 'https://api.github.com/users/baywet/received_events', 'type': 'User', 'site_admin': False}, 'body': None, 'created_at': '2022-02-04T19:14:51Z', 'updated_at': '2022-02-04T19:23:50Z', 'closed_at': None, 'merged_at': None, 'merge_commit_sha': '02ebf1ed96995af4ee4fbf06264ab615f8af10d9', 'assignee': None, 'assignees': [], 'requested_reviewers': [{'login': 'zengin', 'id': 803311, 'node_id': 'MDQ6VXNlcjgwMzMxMQ==', 'avatar_url': 'https://avatars.githubusercontent.com/u/803311?v=4', 'gravatar_id': '', 'url': 'https://api.github.com/users/zengin', 'html_url': 'https://github.com/zengin', 'followers_url': 'https://api.github.com/users/zengin/followers', 'following_url': 'https://api.github.com/users/zengin/following{/other_user}', 'gists_url': 'https://api.github.com/users/zengin/gists{/gist_id}', 'starred_url': 'https://api.github.com/users/zengin/starred{/owner}{/repo}', 'subscriptions_url': 'https://api.github.com/users/zengin/subscriptions', 'organizations_url': 'https://api.github.com/users/zengin/orgs', 'repos_url': 'https://api.github.com/users/zengin/repos', 'events_url': 'https://api.github.com/users/zengin/events{/privacy}', 'received_events_url': 'https://api.github.com/users/zengin/received_events', 'type': 'User', 'site_admin': False}, {'login': 'MIchaelMainer', 'id': 8527305, 'node_id': 'MDQ6VXNlcjg1MjczMDU=', 'avatar_url': 'https://avatars.githubusercontent.com/u/8527305?v=4', 'gravatar_id': '', 'url': 'https://api.github.com/users/MIchaelMainer', 'html_url': 'https://github.com/MIchaelMainer', 'followers_url': 'https://api.github.com/users/MIchaelMainer/followers', 'following_url': 'https://api.github.com/users/MIchaelMainer/following{/other_user}', 'gists_url': 'https://api.github.com/users/MIchaelMainer/gists{/gist_id}', 'starred_url': 'https://api.github.com/users/MIchaelMainer/starred{/owner}{/repo}', 'subscriptions_url': 'https://api.github.com/users/MIchaelMainer/subscriptions', 'organizations_url': 'https://api.github.com/users/MIchaelMainer/orgs', 'repos_url': 'https://api.github.com/users/MIchaelMainer/repos', 'events_url': 'https://api.github.com/users/MIchaelMainer/events{/privacy}', 'received_events_url': 'https://api.github.com/users/MIchaelMainer/received_events', 'type': 'User', 'site_admin': False}, {'login': 'ddyett', 'id': 20829981, 'node_id': 'MDQ6VXNlcjIwODI5OTgx', 'avatar_url': 'https://avatars.githubusercontent.com/u/20829981?v=4', 'gravatar_id': '', 'url': 'https://api.github.com/users/ddyett', 'html_url': 'https://github.com/ddyett', 'followers_url': 'https://api.github.com/users/ddyett/followers', 'following_url': 'https://api.github.com/users/ddyett/following{/other_user}', 'gists_url': 'https://api.github.com/users/ddyett/gists{/gist_id}', 'starred_url': 'https://api.github.com/users/ddyett/starred{/owner}{/repo}', 'subscriptions_url': 'https://api.github.com/users/ddyett/subscriptions', 'organizations_url': 'https://api.github.com/users/ddyett/orgs', 'repos_url': 'https://api.github.com/users/ddyett/repos', 'events_url': 'https://api.github.com/users/ddyett/events{/privacy}', 'received_events_url': 'https://api.github.com/users/ddyett/received_events', 'type': 'User', 'site_admin': False}, {'login': 'nikithauc', 'id': 23219007, 'node_id': 'MDQ6VXNlcjIzMjE5MDA3', 'avatar_url': 'https://avatars.githubusercontent.com/u/23219007?v=4', 'gravatar_id': '', 'url': 'https://api.github.com/users/nikithauc', 'html_url': 'https://github.com/nikithauc', 'followers_url': 'https://api.github.com/users/nikithauc/followers', 'following_url': 'https://api.github.com/users/nikithauc/following{/other_user}', 'gists_url': 'https://api.github.com/users/nikithauc/gists{/gist_id}', 'starred_url': 'https://api.github.com/users/nikithauc/starred{/owner}{/repo}', 'subscriptions_url': 'https://api.github.com/users/nikithauc/subscriptions', 'organizations_url': 'https://api.github.com/users/nikithauc/orgs', 'repos_url': 'https://api.github.com/users/nikithauc/repos', 'events_url': 'https://api.github.com/users/nikithauc/events{/privacy}', 'received_events_url': 'https://api.github.com/users/nikithauc/received_events', 'type': 'User', 'site_admin': False}], 'requested_teams': [], 'labels': [], 'milestone': {'url': 'https://api.github.com/repos/microsoftgraph/msgraph-sdk-java-core/milestones/23', 'html_url': 'https://github.com/microsoftgraph/msgraph-sdk-java-core/milestone/23', 'labels_url': 'https://api.github.com/repos/microsoftgraph/msgraph-sdk-java-core/milestones/23/labels', 'id': 7642528, 'node_id': 'MI_kwDOCTce4M4AdJ2g', 'number': 23, 'title': '2.0.12', 'description': '', 'creator': {'login': 'baywet', 'id': 7905502, 'node_id': 'MDQ6VXNlcjc5MDU1MDI=', 'avatar_url': 'https://avatars.githubusercontent.com/u/7905502?v=4', 'gravatar_id': '', 'url': 'https://api.github.com/users/baywet', 'html_url': 'https://github.com/baywet', 'followers_url': 'https://api.github.com/users/baywet/followers', 'following_url': 'https://api.github.com/users/baywet/following{/other_user}', 'gists_url': 'https://api.github.com/users/baywet/gists{/gist_id}', 'starred_url': 'https://api.github.com/users/baywet/starred{/owner}{/repo}', 'subscriptions_url': 'https://api.github.com/users/baywet/subscriptions', 'organizations_url': 'https://api.github.com/users/baywet/orgs', 'repos_url': 'https://api.github.com/users/baywet/repos', 'events_url': 'https://api.github.com/users/baywet/events{/privacy}', 'received_events_url': 'https://api.github.com/users/baywet/received_events', 'type': 'User', 'site_admin': False}, 'open_issues': 1, 'closed_issues': 0, 'state': 'open', 'created_at': '2022-02-04T19:18:46Z', 'updated_at': '2022-02-04T19:18:54Z', 'due_on': None, 'closed_at': None}, 'draft': False, 'commits_url': 'https://api.github.com/repos/microsoftgraph/msgraph-sdk-java-core/pulls/431/commits', 'review_comments_url': 'https://api.github.com/repos/microsoftgraph/msgraph-sdk-java-core/pulls/431/comments', 'review_comment_url': 'https://api.github.com/repos/microsoftgraph/msgraph-sdk-java-core/pulls/comments{/number}', 'comments_url': 'https://api.github.com/repos/microsoftgraph/msgraph-sdk-java-core/issues/431/comments', 'statuses_url': 'https://api.github.com/repos/microsoftgraph/msgraph-sdk-java-core/statuses/adb978a25f7d1772a05a3ad0361a9ccc4388a736', 'head': {'label': 'microsoftgraph:bugfix/android-tools-update', 'ref': 'bugfix/android-tools-update', 'sha': 'adb978a25f7d1772a05a3ad0361a9ccc4388a736', 'user': {'login': 'microsoftgraph', 'id': 17304259, 'node_id': 'MDEyOk9yZ2FuaXphdGlvbjE3MzA0MjU5', 'avatar_url': 'https://avatars.githubusercontent.com/u/17304259?v=4', 'gravatar_id': '', 'url': 'https://api.github.com/users/microsoftgraph', 'html_url': 'https://github.com/microsoftgraph', 'followers_url': 'https://api.github.com/users/microsoftgraph/followers', 'following_url': 'https://api.github.com/users/microsoftgraph/following{/other_user}', 'gists_url': 'https://api.github.com/users/microsoftgraph/gists{/gist_id}', 'starred_url': 'https://api.github.com/users/microsoftgraph/starred{/owner}{/repo}', 'subscriptions_url': 'https://api.github.com/users/microsoftgraph/subscriptions', 'organizations_url': 'https://api.github.com/users/microsoftgraph/orgs', 'repos_url': 'https://api.github.com/users/microsoftgraph/repos', 'events_url': 'https://api.github.com/users/microsoftgraph/events{/privacy}', 'received_events_url': 'https://api.github.com/users/microsoftgraph/received_events', 'type': 'Organization', 'site_admin': False}, 'repo': {'id': 154607328, 'node_id': 'MDEwOlJlcG9zaXRvcnkxNTQ2MDczMjg=', 'name': 'msgraph-sdk-java-core', 'full_name': 'microsoftgraph/msgraph-sdk-java-core', 'private': False, 'owner': {'login': 'microsoftgraph', 'id': 17304259, 'node_id': 'MDEyOk9yZ2FuaXphdGlvbjE3MzA0MjU5', 'avatar_url': 'https://avatars.githubusercontent.com/u/17304259?v=4', 'gravatar_id': '', 'url': 'https://api.github.com/users/microsoftgraph', 'html_url': 'https://github.com/microsoftgraph', 'followers_url': 'https://api.github.com/users/microsoftgraph/followers', 'following_url': 'https://api.github.com/users/microsoftgraph/following{/other_user}', 'gists_url': 'https://api.github.com/users/microsoftgraph/gists{/gist_id}', 'starred_url': 'https://api.github.com/users/microsoftgraph/starred{/owner}{/repo}', 'subscriptions_url': 'https://api.github.com/users/microsoftgraph/subscriptions', 'organizations_url': 'https://api.github.com/users/microsoftgraph/orgs', 'repos_url': 'https://api.github.com/users/microsoftgraph/repos', 'events_url': 'https://api.github.com/users/microsoftgraph/events{/privacy}', 'received_events_url': 'https://api.github.com/users/microsoftgraph/received_events', 'type': 'Organization', 'site_admin': False}, 'html_url': 'https://github.com/microsoftgraph/msgraph-sdk-java-core', 'description': 'Microsoft Graph SDK for Java - Core Library', 'fork': False, 'url': 'https://api.github.com/repos/microsoftgraph/msgraph-sdk-java-core', 'forks_url': 'https://api.github.com/repos/microsoftgraph/msgraph-sdk-java-core/forks', 'keys_url': 'https://api.github.com/repos/microsoftgraph/msgraph-sdk-java-core/keys{/key_id}', 'collaborators_url': 'https://api.github.com/repos/microsoftgraph/msgraph-sdk-java-core/collaborators{/collaborator}', 'teams_url': 'https://api.github.com/repos/microsoftgraph/msgraph-sdk-java-core/teams', 'hooks_url': 'https://api.github.com/repos/microsoftgraph/msgraph-sdk-java-core/hooks', 'issue_events_url': 'https://api.github.com/repos/microsoftgraph/msgraph-sdk-java-core/issues/events{/number}', 'events_url': 'https://api.github.com/repos/microsoftgraph/msgraph-sdk-java-core/events', 'assignees_url': 'https://api.github.com/repos/microsoftgraph/msgraph-sdk-java-core/assignees{/user}', 'branches_url': 'https://api.github.com/repos/microsoftgraph/msgraph-sdk-java-core/branches{/branch}', 'tags_url': 'https://api.github.com/repos/microsoftgraph/msgraph-sdk-java-core/tags', 'blobs_url': 'https://api.github.com/repos/microsoftgraph/msgraph-sdk-java-core/git/blobs{/sha}', 'git_tags_url': 'https://api.github.com/repos/microsoftgraph/msgraph-sdk-java-core/git/tags{/sha}', 'git_refs_url': 'https://api.github.com/repos/microsoftgraph/msgraph-sdk-java-core/git/refs{/sha}', 'trees_url': 'https://api.github.com/repos/microsoftgraph/msgraph-sdk-java-core/git/trees{/sha}', 'statuses_url': 'https://api.github.com/repos/microsoftgraph/msgraph-sdk-java-core/statuses/{sha}', 'languages_url': 'https://api.github.com/repos/microsoftgraph/msgraph-sdk-java-core/languages', 'stargazers_url': 'https://api.github.com/repos/microsoftgraph/msgraph-sdk-java-core/stargazers', 'contributors_url': 'https://api.github.com/repos/microsoftgraph/msgraph-sdk-java-core/contributors', 'subscribers_url': 'https://api.github.com/repos/microsoftgraph/msgraph-sdk-java-core/subscribers', 'subscription_url': 'https://api.github.com/repos/microsoftgraph/msgraph-sdk-java-core/subscription', 'commits_url': 'https://api.github.com/repos/microsoftgraph/msgraph-sdk-java-core/commits{/sha}', 'git_commits_url': 'https://api.github.com/repos/microsoftgraph/msgraph-sdk-java-core/git/commits{/sha}', 'comments_url': 'https://api.github.com/repos/microsoftgraph/msgraph-sdk-java-core/comments{/number}', 'issue_comment_url': 'https://api.github.com/repos/microsoftgraph/msgraph-sdk-java-core/issues/comments{/number}', 'contents_url': 'https://api.github.com/repos/microsoftgraph/msgraph-sdk-java-core/contents/{+path}', 'compare_url': 'https://api.github.com/repos/microsoftgraph/msgraph-sdk-java-core/compare/{base}...{head}', 'merges_url': 'https://api.github.com/repos/microsoftgraph/msgraph-sdk-java-core/merges', 'archive_url': 'https://api.github.com/repos/microsoftgraph/msgraph-sdk-java-core/{archive_format}{/ref}', 'downloads_url': 'https://api.github.com/repos/microsoftgraph/msgraph-sdk-java-core/downloads', 'issues_url': 'https://api.github.com/repos/microsoftgraph/msgraph-sdk-java-core/issues{/number}', 'pulls_url': 'https://api.github.com/repos/microsoftgraph/msgraph-sdk-java-core/pulls{/number}', 'milestones_url': 'https://api.github.com/repos/microsoftgraph/msgraph-sdk-java-core/milestones{/number}', 'notifications_url': 'https://api.github.com/repos/microsoftgraph/msgraph-sdk-java-core/notifications{?since,all,participating}', 'labels_url': 'https://api.github.com/repos/microsoftgraph/msgraph-sdk-java-core/labels{/name}', 'releases_url': 'https://api.github.com/repos/microsoftgraph/msgraph-sdk-java-core/releases{/id}', 'deployments_url': 'https://api.github.com/repos/microsoftgraph/msgraph-sdk-java-core/deployments', 'created_at': '2018-10-25T03:53:47Z', 'updated_at': '2022-01-27T03:45:26Z', 'pushed_at': '2022-02-04T19:14:51Z', 'git_url': 'git://github.com/microsoftgraph/msgraph-sdk-java-core.git', 'ssh_url': 'git@github.com:microsoftgraph/msgraph-sdk-java-core.git', 'clone_url': 'https://github.com/microsoftgraph/msgraph-sdk-java-core.git', 'svn_url': 'https://github.com/microsoftgraph/msgraph-sdk-java-core', 'homepage': 'https://docs.microsoft.com/en-us/graph/sdks/sdks-overview', 'size': 1672, 'stargazers_count': 22, 'watchers_count': 22, 'language': 'Java', 'has_issues': True, 'has_projects': True, 'has_downloads': True, 'has_wiki': False, 'has_pages': False, 'forks_count': 21, 'mirror_url': None, 'archived': False, 'disabled': False, 'open_issues_count': 9, 'license': {'key': 'mit', 'name': 'MIT License', 'spdx_id': 'MIT', 'url': 'https://api.github.com/licenses/mit', 'node_id': 'MDc6TGljZW5zZTEz'}, 'allow_forking': True, 'is_template': False, 'topics': ['hacktoberfest', 'java', 'microsoft-graph', 'sdk'], 'visibility': 'public', 'forks': 21, 'open_issues': 9, 'watchers': 22, 'default_branch': 'dev'}}, 'base': {'label': 'microsoftgraph:dev', 'ref': 'dev', 'sha': '39261cd778e59f1646590f6ca47d4f587b1ae7c1', 'user': {'login': 'microsoftgraph', 'id': 17304259, 'node_id': 'MDEyOk9yZ2FuaXphdGlvbjE3MzA0MjU5', 'avatar_url': 'https://avatars.githubusercontent.com/u/17304259?v=4', 'gravatar_id': '', 'url': 'https://api.github.com/users/microsoftgraph', 'html_url': 'https://github.com/microsoftgraph', 'followers_url': 'https://api.github.com/users/microsoftgraph/followers', 'following_url': 'https://api.github.com/users/microsoftgraph/following{/other_user}', 'gists_url': 'https://api.github.com/users/microsoftgraph/gists{/gist_id}', 'starred_url': 'https://api.github.com/users/microsoftgraph/starred{/owner}{/repo}', 'subscriptions_url': 'https://api.github.com/users/microsoftgraph/subscriptions', 'organizations_url': 'https://api.github.com/users/microsoftgraph/orgs', 'repos_url': 'https://api.github.com/users/microsoftgraph/repos', 'events_url': 'https://api.github.com/users/microsoftgraph/events{/privacy}', 'received_events_url': 'https://api.github.com/users/microsoftgraph/received_events', 'type': 'Organization', 'site_admin': False}, 'repo': {'id': 154607328, 'node_id': 'MDEwOlJlcG9zaXRvcnkxNTQ2MDczMjg=', 'name': 'msgraph-sdk-java-core', 'full_name': 'microsoftgraph/msgraph-sdk-java-core', 'private': False, 'owner': {'login': 'microsoftgraph', 'id': 17304259, 'node_id': 'MDEyOk9yZ2FuaXphdGlvbjE3MzA0MjU5', 'avatar_url': 'https://avatars.githubusercontent.com/u/17304259?v=4', 'gravatar_id': '', 'url': 'https://api.github.com/users/microsoftgraph', 'html_url': 'https://github.com/microsoftgraph', 'followers_url': 'https://api.github.com/users/microsoftgraph/followers', 'following_url': 'https://api.github.com/users/microsoftgraph/following{/other_user}', 'gists_url': 'https://api.github.com/users/microsoftgraph/gists{/gist_id}', 'starred_url': 'https://api.github.com/users/microsoftgraph/starred{/owner}{/repo}', 'subscriptions_url': 'https://api.github.com/users/microsoftgraph/subscriptions', 'organizations_url': 'https://api.github.com/users/microsoftgraph/orgs', 'repos_url': 'https://api.github.com/users/microsoftgraph/repos', 'events_url': 'https://api.github.com/users/microsoftgraph/events{/privacy}', 'received_events_url': 'https://api.github.com/users/microsoftgraph/received_events', 'type': 'Organization', 'site_admin': False}, 'html_url': 'https://github.com/microsoftgraph/msgraph-sdk-java-core', 'description': 'Microsoft Graph SDK for Java - Core Library', 'fork': False, 'url': 'https://api.github.com/repos/microsoftgraph/msgraph-sdk-java-core', 'forks_url': 'https://api.github.com/repos/microsoftgraph/msgraph-sdk-java-core/forks', 'keys_url': 'https://api.github.com/repos/microsoftgraph/msgraph-sdk-java-core/keys{/key_id}', 'collaborators_url': 'https://api.github.com/repos/microsoftgraph/msgraph-sdk-java-core/collaborators{/collaborator}', 'teams_url': 'https://api.github.com/repos/microsoftgraph/msgraph-sdk-java-core/teams', 'hooks_url': 'https://api.github.com/repos/microsoftgraph/msgraph-sdk-java-core/hooks', 'issue_events_url': 'https://api.github.com/repos/microsoftgraph/msgraph-sdk-java-core/issues/events{/number}', 'events_url': 'https://api.github.com/repos/microsoftgraph/msgraph-sdk-java-core/events', 'assignees_url': 'https://api.github.com/repos/microsoftgraph/msgraph-sdk-java-core/assignees{/user}', 'branches_url': 'https://api.github.com/repos/microsoftgraph/msgraph-sdk-java-core/branches{/branch}', 'tags_url': 'https://api.github.com/repos/microsoftgraph/msgraph-sdk-java-core/tags', 'blobs_url': 'https://api.github.com/repos/microsoftgraph/msgraph-sdk-java-core/git/blobs{/sha}', 'git_tags_url': 'https://api.github.com/repos/microsoftgraph/msgraph-sdk-java-core/git/tags{/sha}', 'git_refs_url': 'https://api.github.com/repos/microsoftgraph/msgraph-sdk-java-core/git/refs{/sha}', 'trees_url': 'https://api.github.com/repos/microsoftgraph/msgraph-sdk-java-core/git/trees{/sha}', 'statuses_url': 'https://api.github.com/repos/microsoftgraph/msgraph-sdk-java-core/statuses/{sha}', 'languages_url': 'https://api.github.com/repos/microsoftgraph/msgraph-sdk-java-core/languages', 'stargazers_url': 'https://api.github.com/repos/microsoftgraph/msgraph-sdk-java-core/stargazers', 'contributors_url': 'https://api.github.com/repos/microsoftgraph/msgraph-sdk-java-core/contributors', 'subscribers_url': 'https://api.github.com/repos/microsoftgraph/msgraph-sdk-java-core/subscribers', 'subscription_url': 'https://api.github.com/repos/microsoftgraph/msgraph-sdk-java-core/subscription', 'commits_url': 'https://api.github.com/repos/microsoftgraph/msgraph-sdk-java-core/commits{/sha}', 'git_commits_url': 'https://api.github.com/repos/microsoftgraph/msgraph-sdk-java-core/git/commits{/sha}', 'comments_url': 'https://api.github.com/repos/microsoftgraph/msgraph-sdk-java-core/comments{/number}', 'issue_comment_url': 'https://api.github.com/repos/microsoftgraph/msgraph-sdk-java-core/issues/comments{/number}', 'contents_url': 'https://api.github.com/repos/microsoftgraph/msgraph-sdk-java-core/contents/{+path}', 'compare_url': 'https://api.github.com/repos/microsoftgraph/msgraph-sdk-java-core/compare/{base}...{head}', 'merges_url': 'https://api.github.com/repos/microsoftgraph/msgraph-sdk-java-core/merges', 'archive_url': 'https://api.github.com/repos/microsoftgraph/msgraph-sdk-java-core/{archive_format}{/ref}', 'downloads_url': 'https://api.github.com/repos/microsoftgraph/msgraph-sdk-java-core/downloads', 'issues_url': 'https://api.github.com/repos/microsoftgraph/msgraph-sdk-java-core/issues{/number}', 'pulls_url': 'https://api.github.com/repos/microsoftgraph/msgraph-sdk-java-core/pulls{/number}', 'milestones_url': 'https://api.github.com/repos/microsoftgraph/msgraph-sdk-java-core/milestones{/number}', 'notifications_url': 'https://api.github.com/repos/microsoftgraph/msgraph-sdk-java-core/notifications{?since,all,participating}', 'labels_url': 'https://api.github.com/repos/microsoftgraph/msgraph-sdk-java-core/labels{/name}', 'releases_url': 'https://api.github.com/repos/microsoftgraph/msgraph-sdk-java-core/releases{/id}', 'deployments_url': 'https://api.github.com/repos/microsoftgraph/msgraph-sdk-java-core/deployments', 'created_at': '2018-10-25T03:53:47Z', 'updated_at': '2022-01-27T03:45:26Z', 'pushed_at': '2022-02-04T19:14:51Z', 'git_url': 'git://github.com/microsoftgraph/msgraph-sdk-java-core.git', 'ssh_url': 'git@github.com:microsoftgraph/msgraph-sdk-java-core.git', 'clone_url': 'https://github.com/microsoftgraph/msgraph-sdk-java-core.git', 'svn_url': 'https://github.com/microsoftgraph/msgraph-sdk-java-core', 'homepage': 'https://docs.microsoft.com/en-us/graph/sdks/sdks-overview', 'size': 1672, 'stargazers_count': 22, 'watchers_count': 22, 'language': 'Java', 'has_issues': True, 'has_projects': True, 'has_downloads': True, 'has_wiki': False, 'has_pages': False, 'forks_count': 21, 'mirror_url': None, 'archived': False, 'disabled': False, 'open_issues_count': 9, 'license': {'key': 'mit', 'name': 'MIT License', 'spdx_id': 'MIT', 'url': 'https://api.github.com/licenses/mit', 'node_id': 'MDc6TGljZW5zZTEz'}, 'allow_forking': True, 'is_template': False, 'topics': ['hacktoberfest', 'java', 'microsoft-graph', 'sdk'], 'visibility': 'public', 'forks': 21, 'open_issues': 9, 'watchers': 22, 'default_branch': 'dev'}}, '_links': {'self': {'href': 'https://api.github.com/repos/microsoftgraph/msgraph-sdk-java-core/pulls/431'}, 'html': {'href': 'https://github.com/microsoftgraph/msgraph-sdk-java-core/pull/431'}, 'issue': {'href': 'https://api.github.com/repos/microsoftgraph/msgraph-sdk-java-core/issues/431'}, 'comments': {'href': 'https://api.github.com/repos/microsoftgraph/msgraph-sdk-java-core/issues/431/comments'}, 'review_comments': {'href': 'https://api.github.com/repos/microsoftgraph/msgraph-sdk-java-core/pulls/431/comments'}, 'review_comment': {'href': 'https://api.github.com/repos/microsoftgraph/msgraph-sdk-java-core/pulls/comments{/number}'}, 'commits': {'href': 'https://api.github.com/repos/microsoftgraph/msgraph-sdk-java-core/pulls/431/commits'}, 'statuses': {'href': 'https://api.github.com/repos/microsoftgraph/msgraph-sdk-java-core/statuses/adb978a25f7d1772a05a3ad0361a9ccc4388a736'}}, 'author_association': 'MEMBER', 'auto_merge': {'enabled_by': {'login': 'baywet', 'id': 7905502, 'node_id': 'MDQ6VXNlcjc5MDU1MDI=', 'avatar_url': 'https://avatars.githubusercontent.com/u/7905502?v=4', 'gravatar_id': '', 'url': 'https://api.github.com/users/baywet', 'html_url': 'https://github.com/baywet', 'followers_url': 'https://api.github.com/users/baywet/followers', 'following_url': 'https://api.github.com/users/baywet/following{/other_user}', 'gists_url': 'https://api.github.com/users/baywet/gists{/gist_id}', 'starred_url': 'https://api.github.com/users/baywet/starred{/owner}{/repo}', 'subscriptions_url': 'https://api.github.com/users/baywet/subscriptions', 'organizations_url': 'https://api.github.com/users/baywet/orgs', 'repos_url': 'https://api.github.com/users/baywet/repos', 'events_url': 'https://api.github.com/users/baywet/events{/privacy}', 'received_events_url': 'https://api.github.com/users/baywet/received_events', 'type': 'User', 'site_admin': False}, 'merge_method': 'merge', 'commit_title': 'Merge pull request #431 from microsoftgraph/bugfix/android-tools-update', 'commit_message': '- upgrades android tools to unlock release'}, 'active_lock_reason': None}}",created,Java
20082385049,PullRequestEvent,microsoftgraph/msgraph-beta-sdk-java,0.0,2022-02-04T19:22:59Z,"{'action': 'opened', 'number': 248, 'pull_request': {'url': 'https://api.github.com/repos/microsoftgraph/msgraph-beta-sdk-java/pulls/248', 'id': 840545665, 'node_id': 'PR_kwDODDF5Ls4yGbWB', 'html_url': 'https://github.com/microsoftgraph/msgraph-beta-sdk-java/pull/248', 'diff_url': 'https://github.com/microsoftgraph/msgraph-beta-sdk-java/pull/248.diff', 'patch_url': 'https://github.com/microsoftgraph/msgraph-beta-sdk-java/pull/248.patch', 'issue_url': 'https://api.github.com/repos/microsoftgraph/msgraph-beta-sdk-java/issues/248', 'number': 248, 'state': 'open', 'locked': False, 'title': 'Android Tools Update', 'user': {'login': 'ramsessanchez', 'id': 63934382, 'node_id': 'MDQ6VXNlcjYzOTM0Mzgy', 'avatar_url': 'https://avatars.githubusercontent.com/u/63934382?v=4', 'gravatar_id': '', 'url': 'https://api.github.com/users/ramsessanchez', 'html_url': 'https://github.com/ramsessanchez', 'followers_url': 'https://api.github.com/users/ramsessanchez/followers', 'following_url': 'https://api.github.com/users/ramsessanchez/following{/other_user}', 'gists_url': 'https://api.github.com/users/ramsessanchez/gists{/gist_id}', 'starred_url': 'https://api.github.com/users/ramsessanchez/starred{/owner}{/repo}', 'subscriptions_url': 'https://api.github.com/users/ramsessanchez/subscriptions', 'organizations_url': 'https://api.github.com/users/ramsessanchez/orgs', 'repos_url': 'https://api.github.com/users/ramsessanchez/repos', 'events_url': 'https://api.github.com/users/ramsessanchez/events{/privacy}', 'received_events_url': 'https://api.github.com/users/ramsessanchez/received_events', 'type': 'User', 'site_admin': False}, 'body': None, 'created_at': '2022-02-04T19:22:58Z', 'updated_at': '2022-02-04T19:22:58Z', 'closed_at': None, 'merged_at': None, 'merge_commit_sha': None, 'assignee': None, 'assignees': [], 'requested_reviewers': [], 'requested_teams': [], 'labels': [], 'milestone': None, 'draft': False, 'commits_url': 'https://api.github.com/repos/microsoftgraph/msgraph-beta-sdk-java/pulls/248/commits', 'review_comments_url': 'https://api.github.com/repos/microsoftgraph/msgraph-beta-sdk-java/pulls/248/comments', 'review_comment_url': 'https://api.github.com/repos/microsoftgraph/msgraph-beta-sdk-java/pulls/comments{/number}', 'comments_url': 'https://api.github.com/repos/microsoftgraph/msgraph-beta-sdk-java/issues/248/comments', 'statuses_url': 'https://api.github.com/repos/microsoftgraph/msgraph-beta-sdk-java/statuses/73d586ef7092387adfc47f200ec8b74af5a456d0', 'head': {'label': 'microsoftgraph:Android-Tools-Update', 'ref': 'Android-Tools-Update', 'sha': '73d586ef7092387adfc47f200ec8b74af5a456d0', 'user': {'login': 'microsoftgraph', 'id': 17304259, 'node_id': 'MDEyOk9yZ2FuaXphdGlvbjE3MzA0MjU5', 'avatar_url': 'https://avatars.githubusercontent.com/u/17304259?v=4', 'gravatar_id': '', 'url': 'https://api.github.com/users/microsoftgraph', 'html_url': 'https://github.com/microsoftgraph', 'followers_url': 'https://api.github.com/users/microsoftgraph/followers', 'following_url': 'https://api.github.com/users/microsoftgraph/following{/other_user}', 'gists_url': 'https://api.github.com/users/microsoftgraph/gists{/gist_id}', 'starred_url': 'https://api.github.com/users/microsoftgraph/starred{/owner}{/repo}', 'subscriptions_url': 'https://api.github.com/users/microsoftgraph/subscriptions', 'organizations_url': 'https://api.github.com/users/microsoftgraph/orgs', 'repos_url': 'https://api.github.com/users/microsoftgraph/repos', 'events_url': 'https://api.github.com/users/microsoftgraph/events{/privacy}', 'received_events_url': 'https://api.github.com/users/microsoftgraph/received_events', 'type': 'Organization', 'site_admin': False}, 'repo': {'id': 204568878, 'node_id': 'MDEwOlJlcG9zaXRvcnkyMDQ1Njg4Nzg=', 'name': 'msgraph-beta-sdk-java', 'full_name': 'microsoftgraph/msgraph-beta-sdk-java', 'private': False, 'owner': {'login': 'microsoftgraph', 'id': 17304259, 'node_id': 'MDEyOk9yZ2FuaXphdGlvbjE3MzA0MjU5', 'avatar_url': 'https://avatars.githubusercontent.com/u/17304259?v=4', 'gravatar_id': '', 'url': 'https://api.github.com/users/microsoftgraph', 'html_url': 'https://github.com/microsoftgraph', 'followers_url': 'https://api.github.com/users/microsoftgraph/followers', 'following_url': 'https://api.github.com/users/microsoftgraph/following{/other_user}', 'gists_url': 'https://api.github.com/users/microsoftgraph/gists{/gist_id}', 'starred_url': 'https://api.github.com/users/microsoftgraph/starred{/owner}{/repo}', 'subscriptions_url': 'https://api.github.com/users/microsoftgraph/subscriptions', 'organizations_url': 'https://api.github.com/users/microsoftgraph/orgs', 'repos_url': 'https://api.github.com/users/microsoftgraph/repos', 'events_url': 'https://api.github.com/users/microsoftgraph/events{/privacy}', 'received_events_url': 'https://api.github.com/users/microsoftgraph/received_events', 'type': 'Organization', 'site_admin': False}, 'html_url': 'https://github.com/microsoftgraph/msgraph-beta-sdk-java', 'description': 'Microsoft Graph Beta Java SDK', 'fork': False, 'url': 'https://api.github.com/repos/microsoftgraph/msgraph-beta-sdk-java', 'forks_url': 'https://api.github.com/repos/microsoftgraph/msgraph-beta-sdk-java/forks', 'keys_url': 'https://api.github.com/repos/microsoftgraph/msgraph-beta-sdk-java/keys{/key_id}', 'collaborators_url': 'https://api.github.com/repos/microsoftgraph/msgraph-beta-sdk-java/collaborators{/collaborator}', 'teams_url': 'https://api.github.com/repos/microsoftgraph/msgraph-beta-sdk-java/teams', 'hooks_url': 'https://api.github.com/repos/microsoftgraph/msgraph-beta-sdk-java/hooks', 'issue_events_url': 'https://api.github.com/repos/microsoftgraph/msgraph-beta-sdk-java/issues/events{/number}', 'events_url': 'https://api.github.com/repos/microsoftgraph/msgraph-beta-sdk-java/events', 'assignees_url': 'https://api.github.com/repos/microsoftgraph/msgraph-beta-sdk-java/assignees{/user}', 'branches_url': 'https://api.github.com/repos/microsoftgraph/msgraph-beta-sdk-java/branches{/branch}', 'tags_url': 'https://api.github.com/repos/microsoftgraph/msgraph-beta-sdk-java/tags', 'blobs_url': 'https://api.github.com/repos/microsoftgraph/msgraph-beta-sdk-java/git/blobs{/sha}', 'git_tags_url': 'https://api.github.com/repos/microsoftgraph/msgraph-beta-sdk-java/git/tags{/sha}', 'git_refs_url': 'https://api.github.com/repos/microsoftgraph/msgraph-beta-sdk-java/git/refs{/sha}', 'trees_url': 'https://api.github.com/repos/microsoftgraph/msgraph-beta-sdk-java/git/trees{/sha}', 'statuses_url': 'https://api.github.com/repos/microsoftgraph/msgraph-beta-sdk-java/statuses/{sha}', 'languages_url': 'https://api.github.com/repos/microsoftgraph/msgraph-beta-sdk-java/languages', 'stargazers_url': 'https://api.github.com/repos/microsoftgraph/msgraph-beta-sdk-java/stargazers', 'contributors_url': 'https://api.github.com/repos/microsoftgraph/msgraph-beta-sdk-java/contributors', 'subscribers_url': 'https://api.github.com/repos/microsoftgraph/msgraph-beta-sdk-java/subscribers', 'subscription_url': 'https://api.github.com/repos/microsoftgraph/msgraph-beta-sdk-java/subscription', 'commits_url': 'https://api.github.com/repos/microsoftgraph/msgraph-beta-sdk-java/commits{/sha}', 'git_commits_url': 'https://api.github.com/repos/microsoftgraph/msgraph-beta-sdk-java/git/commits{/sha}', 'comments_url': 'https://api.github.com/repos/microsoftgraph/msgraph-beta-sdk-java/comments{/number}', 'issue_comment_url': 'https://api.github.com/repos/microsoftgraph/msgraph-beta-sdk-java/issues/comments{/number}', 'contents_url': 'https://api.github.com/repos/microsoftgraph/msgraph-beta-sdk-java/contents/{+path}', 'compare_url': 'https://api.github.com/repos/microsoftgraph/msgraph-beta-sdk-java/compare/{base}...{head}', 'merges_url': 'https://api.github.com/repos/microsoftgraph/msgraph-beta-sdk-java/merges', 'archive_url': 'https://api.github.com/repos/microsoftgraph/msgraph-beta-sdk-java/{archive_format}{/ref}', 'downloads_url': 'https://api.github.com/repos/microsoftgraph/msgraph-beta-sdk-java/downloads', 'issues_url': 'https://api.github.com/repos/microsoftgraph/msgraph-beta-sdk-java/issues{/number}', 'pulls_url': 'https://api.github.com/repos/microsoftgraph/msgraph-beta-sdk-java/pulls{/number}', 'milestones_url': 'https://api.github.com/repos/microsoftgraph/msgraph-beta-sdk-java/milestones{/number}', 'notifications_url': 'https://api.github.com/repos/microsoftgraph/msgraph-beta-sdk-java/notifications{?since,all,participating}', 'labels_url': 'https://api.github.com/repos/microsoftgraph/msgraph-beta-sdk-java/labels{/name}', 'releases_url': 'https://api.github.com/repos/microsoftgraph/msgraph-beta-sdk-java/releases{/id}', 'deployments_url': 'https://api.github.com/repos/microsoftgraph/msgraph-beta-sdk-java/deployments', 'created_at': '2019-08-26T21:59:24Z', 'updated_at': '2022-01-06T17:44:15Z', 'pushed_at': '2022-02-04T19:22:52Z', 'git_url': 'git://github.com/microsoftgraph/msgraph-beta-sdk-java.git', 'ssh_url': 'git@github.com:microsoftgraph/msgraph-beta-sdk-java.git', 'clone_url': 'https://github.com/microsoftgraph/msgraph-beta-sdk-java.git', 'svn_url': 'https://github.com/microsoftgraph/msgraph-beta-sdk-java', 'homepage': 'https://docs.microsoft.com/en-us/graph/sdks/use-beta?tabs=Java', 'size': 50266, 'stargazers_count': 7, 'watchers_count': 7, 'language': 'Java', 'has_issues': True, 'has_projects': True, 'has_downloads': True, 'has_wiki': False, 'has_pages': False, 'forks_count': 4, 'mirror_url': None, 'archived': False, 'disabled': False, 'open_issues_count': 3, 'license': {'key': 'mit', 'name': 'MIT License', 'spdx_id': 'MIT', 'url': 'https://api.github.com/licenses/mit', 'node_id': 'MDc6TGljZW5zZTEz'}, 'allow_forking': True, 'is_template': False, 'topics': ['java', 'microsoft-graph', 'sdk'], 'visibility': 'public', 'forks': 4, 'open_issues': 3, 'watchers': 7, 'default_branch': 'dev'}}, 'base': {'label': 'microsoftgraph:dev', 'ref': 'dev', 'sha': 'db8c6bd0847032afd91df698d59dc96a52b3612f', 'user': {'login': 'microsoftgraph', 'id': 17304259, 'node_id': 'MDEyOk9yZ2FuaXphdGlvbjE3MzA0MjU5', 'avatar_url': 'https://avatars.githubusercontent.com/u/17304259?v=4', 'gravatar_id': '', 'url': 'https://api.github.com/users/microsoftgraph', 'html_url': 'https://github.com/microsoftgraph', 'followers_url': 'https://api.github.com/users/microsoftgraph/followers', 'following_url': 'https://api.github.com/users/microsoftgraph/following{/other_user}', 'gists_url': 'https://api.github.com/users/microsoftgraph/gists{/gist_id}', 'starred_url': 'https://api.github.com/users/microsoftgraph/starred{/owner}{/repo}', 'subscriptions_url': 'https://api.github.com/users/microsoftgraph/subscriptions', 'organizations_url': 'https://api.github.com/users/microsoftgraph/orgs', 'repos_url': 'https://api.github.com/users/microsoftgraph/repos', 'events_url': 'https://api.github.com/users/microsoftgraph/events{/privacy}', 'received_events_url': 'https://api.github.com/users/microsoftgraph/received_events', 'type': 'Organization', 'site_admin': False}, 'repo': {'id': 204568878, 'node_id': 'MDEwOlJlcG9zaXRvcnkyMDQ1Njg4Nzg=', 'name': 'msgraph-beta-sdk-java', 'full_name': 'microsoftgraph/msgraph-beta-sdk-java', 'private': False, 'owner': {'login': 'microsoftgraph', 'id': 17304259, 'node_id': 'MDEyOk9yZ2FuaXphdGlvbjE3MzA0MjU5', 'avatar_url': 'https://avatars.githubusercontent.com/u/17304259?v=4', 'gravatar_id': '', 'url': 'https://api.github.com/users/microsoftgraph', 'html_url': 'https://github.com/microsoftgraph', 'followers_url': 'https://api.github.com/users/microsoftgraph/followers', 'following_url': 'https://api.github.com/users/microsoftgraph/following{/other_user}', 'gists_url': 'https://api.github.com/users/microsoftgraph/gists{/gist_id}', 'starred_url': 'https://api.github.com/users/microsoftgraph/starred{/owner}{/repo}', 'subscriptions_url': 'https://api.github.com/users/microsoftgraph/subscriptions', 'organizations_url': 'https://api.github.com/users/microsoftgraph/orgs', 'repos_url': 'https://api.github.com/users/microsoftgraph/repos', 'events_url': 'https://api.github.com/users/microsoftgraph/events{/privacy}', 'received_events_url': 'https://api.github.com/users/microsoftgraph/received_events', 'type': 'Organization', 'site_admin': False}, 'html_url': 'https://github.com/microsoftgraph/msgraph-beta-sdk-java', 'description': 'Microsoft Graph Beta Java SDK', 'fork': False, 'url': 'https://api.github.com/repos/microsoftgraph/msgraph-beta-sdk-java', 'forks_url': 'https://api.github.com/repos/microsoftgraph/msgraph-beta-sdk-java/forks', 'keys_url': 'https://api.github.com/repos/microsoftgraph/msgraph-beta-sdk-java/keys{/key_id}', 'collaborators_url': 'https://api.github.com/repos/microsoftgraph/msgraph-beta-sdk-java/collaborators{/collaborator}', 'teams_url': 'https://api.github.com/repos/microsoftgraph/msgraph-beta-sdk-java/teams', 'hooks_url': 'https://api.github.com/repos/microsoftgraph/msgraph-beta-sdk-java/hooks', 'issue_events_url': 'https://api.github.com/repos/microsoftgraph/msgraph-beta-sdk-java/issues/events{/number}', 'events_url': 'https://api.github.com/repos/microsoftgraph/msgraph-beta-sdk-java/events', 'assignees_url': 'https://api.github.com/repos/microsoftgraph/msgraph-beta-sdk-java/assignees{/user}', 'branches_url': 'https://api.github.com/repos/microsoftgraph/msgraph-beta-sdk-java/branches{/branch}', 'tags_url': 'https://api.github.com/repos/microsoftgraph/msgraph-beta-sdk-java/tags', 'blobs_url': 'https://api.github.com/repos/microsoftgraph/msgraph-beta-sdk-java/git/blobs{/sha}', 'git_tags_url': 'https://api.github.com/repos/microsoftgraph/msgraph-beta-sdk-java/git/tags{/sha}', 'git_refs_url': 'https://api.github.com/repos/microsoftgraph/msgraph-beta-sdk-java/git/refs{/sha}', 'trees_url': 'https://api.github.com/repos/microsoftgraph/msgraph-beta-sdk-java/git/trees{/sha}', 'statuses_url': 'https://api.github.com/repos/microsoftgraph/msgraph-beta-sdk-java/statuses/{sha}', 'languages_url': 'https://api.github.com/repos/microsoftgraph/msgraph-beta-sdk-java/languages', 'stargazers_url': 'https://api.github.com/repos/microsoftgraph/msgraph-beta-sdk-java/stargazers', 'contributors_url': 'https://api.github.com/repos/microsoftgraph/msgraph-beta-sdk-java/contributors', 'subscribers_url': 'https://api.github.com/repos/microsoftgraph/msgraph-beta-sdk-java/subscribers', 'subscription_url': 'https://api.github.com/repos/microsoftgraph/msgraph-beta-sdk-java/subscription', 'commits_url': 'https://api.github.com/repos/microsoftgraph/msgraph-beta-sdk-java/commits{/sha}', 'git_commits_url': 'https://api.github.com/repos/microsoftgraph/msgraph-beta-sdk-java/git/commits{/sha}', 'comments_url': 'https://api.github.com/repos/microsoftgraph/msgraph-beta-sdk-java/comments{/number}', 'issue_comment_url': 'https://api.github.com/repos/microsoftgraph/msgraph-beta-sdk-java/issues/comments{/number}', 'contents_url': 'https://api.github.com/repos/microsoftgraph/msgraph-beta-sdk-java/contents/{+path}', 'compare_url': 'https://api.github.com/repos/microsoftgraph/msgraph-beta-sdk-java/compare/{base}...{head}', 'merges_url': 'https://api.github.com/repos/microsoftgraph/msgraph-beta-sdk-java/merges', 'archive_url': 'https://api.github.com/repos/microsoftgraph/msgraph-beta-sdk-java/{archive_format}{/ref}', 'downloads_url': 'https://api.github.com/repos/microsoftgraph/msgraph-beta-sdk-java/downloads', 'issues_url': 'https://api.github.com/repos/microsoftgraph/msgraph-beta-sdk-java/issues{/number}', 'pulls_url': 'https://api.github.com/repos/microsoftgraph/msgraph-beta-sdk-java/pulls{/number}', 'milestones_url': 'https://api.github.com/repos/microsoftgraph/msgraph-beta-sdk-java/milestones{/number}', 'notifications_url': 'https://api.github.com/repos/microsoftgraph/msgraph-beta-sdk-java/notifications{?since,all,participating}', 'labels_url': 'https://api.github.com/repos/microsoftgraph/msgraph-beta-sdk-java/labels{/name}', 'releases_url': 'https://api.github.com/repos/microsoftgraph/msgraph-beta-sdk-java/releases{/id}', 'deployments_url': 'https://api.github.com/repos/microsoftgraph/msgraph-beta-sdk-java/deployments', 'created_at': '2019-08-26T21:59:24Z', 'updated_at': '2022-01-06T17:44:15Z', 'pushed_at': '2022-02-04T19:22:52Z', 'git_url': 'git://github.com/microsoftgraph/msgraph-beta-sdk-java.git', 'ssh_url': 'git@github.com:microsoftgraph/msgraph-beta-sdk-java.git', 'clone_url': 'https://github.com/microsoftgraph/msgraph-beta-sdk-java.git', 'svn_url': 'https://github.com/microsoftgraph/msgraph-beta-sdk-java', 'homepage': 'https://docs.microsoft.com/en-us/graph/sdks/use-beta?tabs=Java', 'size': 50266, 'stargazers_count': 7, 'watchers_count': 7, 'language': 'Java', 'has_issues': True, 'has_projects': True, 'has_downloads': True, 'has_wiki': False, 'has_pages': False, 'forks_count': 4, 'mirror_url': None, 'archived': False, 'disabled': False, 'open_issues_count': 3, 'license': {'key': 'mit', 'name': 'MIT License', 'spdx_id': 'MIT', 'url': 'https://api.github.com/licenses/mit', 'node_id': 'MDc6TGljZW5zZTEz'}, 'allow_forking': True, 'is_template': False, 'topics': ['java', 'microsoft-graph', 'sdk'], 'visibility': 'public', 'forks': 4, 'open_issues': 3, 'watchers': 7, 'default_branch': 'dev'}}, '_links': {'self': {'href': 'https://api.github.com/repos/microsoftgraph/msgraph-beta-sdk-java/pulls/248'}, 'html': {'href': 'https://github.com/microsoftgraph/msgraph-beta-sdk-java/pull/248'}, 'issue': {'href': 'https://api.github.com/repos/microsoftgraph/msgraph-beta-sdk-java/issues/248'}, 'comments': {'href': 'https://api.github.com/repos/microsoftgraph/msgraph-beta-sdk-java/issues/248/comments'}, 'review_comments': {'href': 'https://api.github.com/repos/microsoftgraph/msgraph-beta-sdk-java/pulls/248/comments'}, 'review_comment': {'href': 'https://api.github.com/repos/microsoftgraph/msgraph-beta-sdk-java/pulls/comments{/number}'}, 'commits': {'href': 'https://api.github.com/repos/microsoftgraph/msgraph-beta-sdk-java/pulls/248/commits'}, 'statuses': {'href': 'https://api.github.com/repos/microsoftgraph/msgraph-beta-sdk-java/statuses/73d586ef7092387adfc47f200ec8b74af5a456d0'}}, 'author_association': 'CONTRIBUTOR', 'auto_merge': None, 'active_lock_reason': None, 'merged': False, 'mergeable': None, 'rebaseable': None, 'mergeable_state': 'unknown', 'merged_by': None, 'comments': 0, 'review_comments': 0, 'maintainer_can_modify': False, 'commits': 1, 'additions': 1, 'deletions': 1, 'changed_files': 1}}",opened,Java
20082383666,CreateEvent,microsoftgraph/msgraph-beta-sdk-java,0.0,2022-02-04T19:22:53Z,"{'ref': 'Android-Tools-Update', 'ref_type': 'branch', 'master_branch': 'dev', 'description': 'Microsoft Graph Beta Java SDK', 'pusher_type': 'user'}",,Java
20082372469,PullRequestEvent,microsoftgraph/msgraph-sdk-java,0.0,2022-02-04T19:22:03Z,"{'action': 'opened', 'number': 998, 'pull_request': {'url': 'https://api.github.com/repos/microsoftgraph/msgraph-sdk-java/pulls/998', 'id': 840544906, 'node_id': 'PR_kwDOBig9Oc4yGbKK', 'html_url': 'https://github.com/microsoftgraph/msgraph-sdk-java/pull/998', 'diff_url': 'https://github.com/microsoftgraph/msgraph-sdk-java/pull/998.diff', 'patch_url': 'https://github.com/microsoftgraph/msgraph-sdk-java/pull/998.patch', 'issue_url': 'https://api.github.com/repos/microsoftgraph/msgraph-sdk-java/issues/998', 'number': 998, 'state': 'open', 'locked': False, 'title': 'Android Tools update', 'user': {'login': 'ramsessanchez', 'id': 63934382, 'node_id': 'MDQ6VXNlcjYzOTM0Mzgy', 'avatar_url': 'https://avatars.githubusercontent.com/u/63934382?v=4', 'gravatar_id': '', 'url': 'https://api.github.com/users/ramsessanchez', 'html_url': 'https://github.com/ramsessanchez', 'followers_url': 'https://api.github.com/users/ramsessanchez/followers', 'following_url': 'https://api.github.com/users/ramsessanchez/following{/other_user}', 'gists_url': 'https://api.github.com/users/ramsessanchez/gists{/gist_id}', 'starred_url': 'https://api.github.com/users/ramsessanchez/starred{/owner}{/repo}', 'subscriptions_url': 'https://api.github.com/users/ramsessanchez/subscriptions', 'organizations_url': 'https://api.github.com/users/ramsessanchez/orgs', 'repos_url': 'https://api.github.com/users/ramsessanchez/repos', 'events_url': 'https://api.github.com/users/ramsessanchez/events{/privacy}', 'received_events_url': 'https://api.github.com/users/ramsessanchez/received_events', 'type': 'User', 'site_admin': False}, 'body': None, 'created_at': '2022-02-04T19:22:02Z', 'updated_at': '2022-02-04T19:22:02Z', 'closed_at': None, 'merged_at': None, 'merge_commit_sha': None, 'assignee': None, 'assignees': [], 'requested_reviewers': [], 'requested_teams': [], 'labels': [], 'milestone': None, 'draft': False, 'commits_url': 'https://api.github.com/repos/microsoftgraph/msgraph-sdk-java/pulls/998/commits', 'review_comments_url': 'https://api.github.com/repos/microsoftgraph/msgraph-sdk-java/pulls/998/comments', 'review_comment_url': 'https://api.github.com/repos/microsoftgraph/msgraph-sdk-java/pulls/comments{/number}', 'comments_url': 'https://api.github.com/repos/microsoftgraph/msgraph-sdk-java/issues/998/comments', 'statuses_url': 'https://api.github.com/repos/microsoftgraph/msgraph-sdk-java/statuses/027379ea9fca8cef3861c5d9ad109cc0a8c7ba6a', 'head': {'label': 'microsoftgraph:Android-Tools-Update', 'ref': 'Android-Tools-Update', 'sha': '027379ea9fca8cef3861c5d9ad109cc0a8c7ba6a', 'user': {'login': 'microsoftgraph', 'id': 17304259, 'node_id': 'MDEyOk9yZ2FuaXphdGlvbjE3MzA0MjU5', 'avatar_url': 'https://avatars.githubusercontent.com/u/17304259?v=4', 'gravatar_id': '', 'url': 'https://api.github.com/users/microsoftgraph', 'html_url': 'https://github.com/microsoftgraph', 'followers_url': 'https://api.github.com/users/microsoftgraph/followers', 'following_url': 'https://api.github.com/users/microsoftgraph/following{/other_user}', 'gists_url': 'https://api.github.com/users/microsoftgraph/gists{/gist_id}', 'starred_url': 'https://api.github.com/users/microsoftgraph/starred{/owner}{/repo}', 'subscriptions_url': 'https://api.github.com/users/microsoftgraph/subscriptions', 'organizations_url': 'https://api.github.com/users/microsoftgraph/orgs', 'repos_url': 'https://api.github.com/users/microsoftgraph/repos', 'events_url': 'https://api.github.com/users/microsoftgraph/events{/privacy}', 'received_events_url': 'https://api.github.com/users/microsoftgraph/received_events', 'type': 'Organization', 'site_admin': False}, 'repo': {'id': 103300409, 'node_id': 'MDEwOlJlcG9zaXRvcnkxMDMzMDA0MDk=', 'name': 'msgraph-sdk-java', 'full_name': 'microsoftgraph/msgraph-sdk-java', 'private': False, 'owner': {'login': 'microsoftgraph', 'id': 17304259, 'node_id': 'MDEyOk9yZ2FuaXphdGlvbjE3MzA0MjU5', 'avatar_url': 'https://avatars.githubusercontent.com/u/17304259?v=4', 'gravatar_id': '', 'url': 'https://api.github.com/users/microsoftgraph', 'html_url': 'https://github.com/microsoftgraph', 'followers_url': 'https://api.github.com/users/microsoftgraph/followers', 'following_url': 'https://api.github.com/users/microsoftgraph/following{/other_user}', 'gists_url': 'https://api.github.com/users/microsoftgraph/gists{/gist_id}', 'starred_url': 'https://api.github.com/users/microsoftgraph/starred{/owner}{/repo}', 'subscriptions_url': 'https://api.github.com/users/microsoftgraph/subscriptions', 'organizations_url': 'https://api.github.com/users/microsoftgraph/orgs', 'repos_url': 'https://api.github.com/users/microsoftgraph/repos', 'events_url': 'https://api.github.com/users/microsoftgraph/events{/privacy}', 'received_events_url': 'https://api.github.com/users/microsoftgraph/received_events', 'type': 'Organization', 'site_admin': False}, 'html_url': 'https://github.com/microsoftgraph/msgraph-sdk-java', 'description': 'Microsoft Graph SDK for Java', 'fork': False, 'url': 'https://api.github.com/repos/microsoftgraph/msgraph-sdk-java', 'forks_url': 'https://api.github.com/repos/microsoftgraph/msgraph-sdk-java/forks', 'keys_url': 'https://api.github.com/repos/microsoftgraph/msgraph-sdk-java/keys{/key_id}', 'collaborators_url': 'https://api.github.com/repos/microsoftgraph/msgraph-sdk-java/collaborators{/collaborator}', 'teams_url': 'https://api.github.com/repos/microsoftgraph/msgraph-sdk-java/teams', 'hooks_url': 'https://api.github.com/repos/microsoftgraph/msgraph-sdk-java/hooks', 'issue_events_url': 'https://api.github.com/repos/microsoftgraph/msgraph-sdk-java/issues/events{/number}', 'events_url': 'https://api.github.com/repos/microsoftgraph/msgraph-sdk-java/events', 'assignees_url': 'https://api.github.com/repos/microsoftgraph/msgraph-sdk-java/assignees{/user}', 'branches_url': 'https://api.github.com/repos/microsoftgraph/msgraph-sdk-java/branches{/branch}', 'tags_url': 'https://api.github.com/repos/microsoftgraph/msgraph-sdk-java/tags', 'blobs_url': 'https://api.github.com/repos/microsoftgraph/msgraph-sdk-java/git/blobs{/sha}', 'git_tags_url': 'https://api.github.com/repos/microsoftgraph/msgraph-sdk-java/git/tags{/sha}', 'git_refs_url': 'https://api.github.com/repos/microsoftgraph/msgraph-sdk-java/git/refs{/sha}', 'trees_url': 'https://api.github.com/repos/microsoftgraph/msgraph-sdk-java/git/trees{/sha}', 'statuses_url': 'https://api.github.com/repos/microsoftgraph/msgraph-sdk-java/statuses/{sha}', 'languages_url': 'https://api.github.com/repos/microsoftgraph/msgraph-sdk-java/languages', 'stargazers_url': 'https://api.github.com/repos/microsoftgraph/msgraph-sdk-java/stargazers', 'contributors_url': 'https://api.github.com/repos/microsoftgraph/msgraph-sdk-java/contributors', 'subscribers_url': 'https://api.github.com/repos/microsoftgraph/msgraph-sdk-java/subscribers', 'subscription_url': 'https://api.github.com/repos/microsoftgraph/msgraph-sdk-java/subscription', 'commits_url': 'https://api.github.com/repos/microsoftgraph/msgraph-sdk-java/commits{/sha}', 'git_commits_url': 'https://api.github.com/repos/microsoftgraph/msgraph-sdk-java/git/commits{/sha}', 'comments_url': 'https://api.github.com/repos/microsoftgraph/msgraph-sdk-java/comments{/number}', 'issue_comment_url': 'https://api.github.com/repos/microsoftgraph/msgraph-sdk-java/issues/comments{/number}', 'contents_url': 'https://api.github.com/repos/microsoftgraph/msgraph-sdk-java/contents/{+path}', 'compare_url': 'https://api.github.com/repos/microsoftgraph/msgraph-sdk-java/compare/{base}...{head}', 'merges_url': 'https://api.github.com/repos/microsoftgraph/msgraph-sdk-java/merges', 'archive_url': 'https://api.github.com/repos/microsoftgraph/msgraph-sdk-java/{archive_format}{/ref}', 'downloads_url': 'https://api.github.com/repos/microsoftgraph/msgraph-sdk-java/downloads', 'issues_url': 'https://api.github.com/repos/microsoftgraph/msgraph-sdk-java/issues{/number}', 'pulls_url': 'https://api.github.com/repos/microsoftgraph/msgraph-sdk-java/pulls{/number}', 'milestones_url': 'https://api.github.com/repos/microsoftgraph/msgraph-sdk-java/milestones{/number}', 'notifications_url': 'https://api.github.com/repos/microsoftgraph/msgraph-sdk-java/notifications{?since,all,participating}', 'labels_url': 'https://api.github.com/repos/microsoftgraph/msgraph-sdk-java/labels{/name}', 'releases_url': 'https://api.github.com/repos/microsoftgraph/msgraph-sdk-java/releases{/id}', 'deployments_url': 'https://api.github.com/repos/microsoftgraph/msgraph-sdk-java/deployments', 'created_at': '2017-09-12T17:20:15Z', 'updated_at': '2022-02-01T13:25:51Z', 'pushed_at': '2022-02-04T19:22:02Z', 'git_url': 'git://github.com/microsoftgraph/msgraph-sdk-java.git', 'ssh_url': 'git@github.com:microsoftgraph/msgraph-sdk-java.git', 'clone_url': 'https://github.com/microsoftgraph/msgraph-sdk-java.git', 'svn_url': 'https://github.com/microsoftgraph/msgraph-sdk-java', 'homepage': 'https://docs.microsoft.com/en-us/graph/sdks/sdks-overview', 'size': 58388, 'stargazers_count': 238, 'watchers_count': 238, 'language': 'Java', 'has_issues': True, 'has_projects': True, 'has_downloads': True, 'has_wiki': False, 'has_pages': False, 'forks_count': 98, 'mirror_url': None, 'archived': False, 'disabled': False, 'open_issues_count': 2, 'license': {'key': 'mit', 'name': 'MIT License', 'spdx_id': 'MIT', 'url': 'https://api.github.com/licenses/mit', 'node_id': 'MDc6TGljZW5zZTEz'}, 'allow_forking': True, 'is_template': False, 'topics': ['java', 'microsoft-graph', 'microsoft-graph-sdk', 'sdk'], 'visibility': 'public', 'forks': 98, 'open_issues': 2, 'watchers': 238, 'default_branch': 'dev'}}, 'base': {'label': 'microsoftgraph:dev', 'ref': 'dev', 'sha': '89ab60720d8484193e21e7d113e6992401b12958', 'user': {'login': 'microsoftgraph', 'id': 17304259, 'node_id': 'MDEyOk9yZ2FuaXphdGlvbjE3MzA0MjU5', 'avatar_url': 'https://avatars.githubusercontent.com/u/17304259?v=4', 'gravatar_id': '', 'url': 'https://api.github.com/users/microsoftgraph', 'html_url': 'https://github.com/microsoftgraph', 'followers_url': 'https://api.github.com/users/microsoftgraph/followers', 'following_url': 'https://api.github.com/users/microsoftgraph/following{/other_user}', 'gists_url': 'https://api.github.com/users/microsoftgraph/gists{/gist_id}', 'starred_url': 'https://api.github.com/users/microsoftgraph/starred{/owner}{/repo}', 'subscriptions_url': 'https://api.github.com/users/microsoftgraph/subscriptions', 'organizations_url': 'https://api.github.com/users/microsoftgraph/orgs', 'repos_url': 'https://api.github.com/users/microsoftgraph/repos', 'events_url': 'https://api.github.com/users/microsoftgraph/events{/privacy}', 'received_events_url': 'https://api.github.com/users/microsoftgraph/received_events', 'type': 'Organization', 'site_admin': False}, 'repo': {'id': 103300409, 'node_id': 'MDEwOlJlcG9zaXRvcnkxMDMzMDA0MDk=', 'name': 'msgraph-sdk-java', 'full_name': 'microsoftgraph/msgraph-sdk-java', 'private': False, 'owner': {'login': 'microsoftgraph', 'id': 17304259, 'node_id': 'MDEyOk9yZ2FuaXphdGlvbjE3MzA0MjU5', 'avatar_url': 'https://avatars.githubusercontent.com/u/17304259?v=4', 'gravatar_id': '', 'url': 'https://api.github.com/users/microsoftgraph', 'html_url': 'https://github.com/microsoftgraph', 'followers_url': 'https://api.github.com/users/microsoftgraph/followers', 'following_url': 'https://api.github.com/users/microsoftgraph/following{/other_user}', 'gists_url': 'https://api.github.com/users/microsoftgraph/gists{/gist_id}', 'starred_url': 'https://api.github.com/users/microsoftgraph/starred{/owner}{/repo}', 'subscriptions_url': 'https://api.github.com/users/microsoftgraph/subscriptions', 'organizations_url': 'https://api.github.com/users/microsoftgraph/orgs', 'repos_url': 'https://api.github.com/users/microsoftgraph/repos', 'events_url': 'https://api.github.com/users/microsoftgraph/events{/privacy}', 'received_events_url': 'https://api.github.com/users/microsoftgraph/received_events', 'type': 'Organization', 'site_admin': False}, 'html_url': 'https://github.com/microsoftgraph/msgraph-sdk-java', 'description': 'Microsoft Graph SDK for Java', 'fork': False, 'url': 'https://api.github.com/repos/microsoftgraph/msgraph-sdk-java', 'forks_url': 'https://api.github.com/repos/microsoftgraph/msgraph-sdk-java/forks', 'keys_url': 'https://api.github.com/repos/microsoftgraph/msgraph-sdk-java/keys{/key_id}', 'collaborators_url': 'https://api.github.com/repos/microsoftgraph/msgraph-sdk-java/collaborators{/collaborator}', 'teams_url': 'https://api.github.com/repos/microsoftgraph/msgraph-sdk-java/teams', 'hooks_url': 'https://api.github.com/repos/microsoftgraph/msgraph-sdk-java/hooks', 'issue_events_url': 'https://api.github.com/repos/microsoftgraph/msgraph-sdk-java/issues/events{/number}', 'events_url': 'https://api.github.com/repos/microsoftgraph/msgraph-sdk-java/events', 'assignees_url': 'https://api.github.com/repos/microsoftgraph/msgraph-sdk-java/assignees{/user}', 'branches_url': 'https://api.github.com/repos/microsoftgraph/msgraph-sdk-java/branches{/branch}', 'tags_url': 'https://api.github.com/repos/microsoftgraph/msgraph-sdk-java/tags', 'blobs_url': 'https://api.github.com/repos/microsoftgraph/msgraph-sdk-java/git/blobs{/sha}', 'git_tags_url': 'https://api.github.com/repos/microsoftgraph/msgraph-sdk-java/git/tags{/sha}', 'git_refs_url': 'https://api.github.com/repos/microsoftgraph/msgraph-sdk-java/git/refs{/sha}', 'trees_url': 'https://api.github.com/repos/microsoftgraph/msgraph-sdk-java/git/trees{/sha}', 'statuses_url': 'https://api.github.com/repos/microsoftgraph/msgraph-sdk-java/statuses/{sha}', 'languages_url': 'https://api.github.com/repos/microsoftgraph/msgraph-sdk-java/languages', 'stargazers_url': 'https://api.github.com/repos/microsoftgraph/msgraph-sdk-java/stargazers', 'contributors_url': 'https://api.github.com/repos/microsoftgraph/msgraph-sdk-java/contributors', 'subscribers_url': 'https://api.github.com/repos/microsoftgraph/msgraph-sdk-java/subscribers', 'subscription_url': 'https://api.github.com/repos/microsoftgraph/msgraph-sdk-java/subscription', 'commits_url': 'https://api.github.com/repos/microsoftgraph/msgraph-sdk-java/commits{/sha}', 'git_commits_url': 'https://api.github.com/repos/microsoftgraph/msgraph-sdk-java/git/commits{/sha}', 'comments_url': 'https://api.github.com/repos/microsoftgraph/msgraph-sdk-java/comments{/number}', 'issue_comment_url': 'https://api.github.com/repos/microsoftgraph/msgraph-sdk-java/issues/comments{/number}', 'contents_url': 'https://api.github.com/repos/microsoftgraph/msgraph-sdk-java/contents/{+path}', 'compare_url': 'https://api.github.com/repos/microsoftgraph/msgraph-sdk-java/compare/{base}...{head}', 'merges_url': 'https://api.github.com/repos/microsoftgraph/msgraph-sdk-java/merges', 'archive_url': 'https://api.github.com/repos/microsoftgraph/msgraph-sdk-java/{archive_format}{/ref}', 'downloads_url': 'https://api.github.com/repos/microsoftgraph/msgraph-sdk-java/downloads', 'issues_url': 'https://api.github.com/repos/microsoftgraph/msgraph-sdk-java/issues{/number}', 'pulls_url': 'https://api.github.com/repos/microsoftgraph/msgraph-sdk-java/pulls{/number}', 'milestones_url': 'https://api.github.com/repos/microsoftgraph/msgraph-sdk-java/milestones{/number}', 'notifications_url': 'https://api.github.com/repos/microsoftgraph/msgraph-sdk-java/notifications{?since,all,participating}', 'labels_url': 'https://api.github.com/repos/microsoftgraph/msgraph-sdk-java/labels{/name}', 'releases_url': 'https://api.github.com/repos/microsoftgraph/msgraph-sdk-java/releases{/id}', 'deployments_url': 'https://api.github.com/repos/microsoftgraph/msgraph-sdk-java/deployments', 'created_at': '2017-09-12T17:20:15Z', 'updated_at': '2022-02-01T13:25:51Z', 'pushed_at': '2022-02-04T19:22:02Z', 'git_url': 'git://github.com/microsoftgraph/msgraph-sdk-java.git', 'ssh_url': 'git@github.com:microsoftgraph/msgraph-sdk-java.git', 'clone_url': 'https://github.com/microsoftgraph/msgraph-sdk-java.git', 'svn_url': 'https://github.com/microsoftgraph/msgraph-sdk-java', 'homepage': 'https://docs.microsoft.com/en-us/graph/sdks/sdks-overview', 'size': 58388, 'stargazers_count': 238, 'watchers_count': 238, 'language': 'Java', 'has_issues': True, 'has_projects': True, 'has_downloads': True, 'has_wiki': False, 'has_pages': False, 'forks_count': 98, 'mirror_url': None, 'archived': False, 'disabled': False, 'open_issues_count': 2, 'license': {'key': 'mit', 'name': 'MIT License', 'spdx_id': 'MIT', 'url': 'https://api.github.com/licenses/mit', 'node_id': 'MDc6TGljZW5zZTEz'}, 'allow_forking': True, 'is_template': False, 'topics': ['java', 'microsoft-graph', 'microsoft-graph-sdk', 'sdk'], 'visibility': 'public', 'forks': 98, 'open_issues': 2, 'watchers': 238, 'default_branch': 'dev'}}, '_links': {'self': {'href': 'https://api.github.com/repos/microsoftgraph/msgraph-sdk-java/pulls/998'}, 'html': {'href': 'https://github.com/microsoftgraph/msgraph-sdk-java/pull/998'}, 'issue': {'href': 'https://api.github.com/repos/microsoftgraph/msgraph-sdk-java/issues/998'}, 'comments': {'href': 'https://api.github.com/repos/microsoftgraph/msgraph-sdk-java/issues/998/comments'}, 'review_comments': {'href': 'https://api.github.com/repos/microsoftgraph/msgraph-sdk-java/pulls/998/comments'}, 'review_comment': {'href': 'https://api.github.com/repos/microsoftgraph/msgraph-sdk-java/pulls/comments{/number}'}, 'commits': {'href': 'https://api.github.com/repos/microsoftgraph/msgraph-sdk-java/pulls/998/commits'}, 'statuses': {'href': 'https://api.github.com/repos/microsoftgraph/msgraph-sdk-java/statuses/027379ea9fca8cef3861c5d9ad109cc0a8c7ba6a'}}, 'author_association': 'CONTRIBUTOR', 'auto_merge': None, 'active_lock_reason': None, 'merged': False, 'mergeable': None, 'rebaseable': None, 'mergeable_state': 'unknown', 'merged_by': None, 'comments': 0, 'review_comments': 0, 'maintainer_can_modify': False, 'commits': 1, 'additions': 1, 'deletions': 1, 'changed_files': 1}}",opened,Java
20082371165,CreateEvent,microsoftgraph/msgraph-sdk-java,0.0,2022-02-04T19:21:57Z,"{'ref': 'Android-Tools-Update', 'ref_type': 'branch', 'master_branch': 'dev', 'description': 'Microsoft Graph SDK for Java', 'pusher_type': 'user'}",,Java
20082298720,IssueCommentEvent,microsoftgraph/msgraph-sdk-java-core,0.0,2022-02-04T19:16:34Z,"{'action': 'created', 'issue': {'url': 'https://api.github.com/repos/microsoftgraph/msgraph-sdk-java-core/issues/431', 'repository_url': 'https://api.github.com/repos/microsoftgraph/msgraph-sdk-java-core', 'labels_url': 'https://api.github.com/repos/microsoftgraph/msgraph-sdk-java-core/issues/431/labels{/name}', 'comments_url': 'https://api.github.com/repos/microsoftgraph/msgraph-sdk-java-core/issues/431/comments', 'events_url': 'https://api.github.com/repos/microsoftgraph/msgraph-sdk-java-core/issues/431/events', 'html_url': 'https://github.com/microsoftgraph/msgraph-sdk-java-core/pull/431', 'id': 1124530963, 'node_id': 'PR_kwDOCTce4M4yGZuR', 'number': 431, 'title': '- upgrades android tools to unlock release', 'user': {'login': 'baywet', 'id': 7905502, 'node_id': 'MDQ6VXNlcjc5MDU1MDI=', 'avatar_url': 'https://avatars.githubusercontent.com/u/7905502?v=4', 'gravatar_id': '', 'url': 'https://api.github.com/users/baywet', 'html_url': 'https://github.com/baywet', 'followers_url': 'https://api.github.com/users/baywet/followers', 'following_url': 'https://api.github.com/users/baywet/following{/other_user}', 'gists_url': 'https://api.github.com/users/baywet/gists{/gist_id}', 'starred_url': 'https://api.github.com/users/baywet/starred{/owner}{/repo}', 'subscriptions_url': 'https://api.github.com/users/baywet/subscriptions', 'organizations_url': 'https://api.github.com/users/baywet/orgs', 'repos_url': 'https://api.github.com/users/baywet/repos', 'events_url': 'https://api.github.com/users/baywet/events{/privacy}', 'received_events_url': 'https://api.github.com/users/baywet/received_events', 'type': 'User', 'site_admin': False}, 'labels': [], 'state': 'open', 'locked': False, 'assignee': None, 'assignees': [], 'milestone': {'url': 'https://api.github.com/repos/microsoftgraph/msgraph-sdk-java-core/milestones/22', 'html_url': 'https://github.com/microsoftgraph/msgraph-sdk-java-core/milestone/22', 'labels_url': 'https://api.github.com/repos/microsoftgraph/msgraph-sdk-java-core/milestones/22/labels', 'id': 7350777, 'node_id': 'MI_kwDOCTce4M4AcCn5', 'number': 22, 'title': '2.0.11', 'description': '', 'creator': {'login': 'baywet', 'id': 7905502, 'node_id': 'MDQ6VXNlcjc5MDU1MDI=', 'avatar_url': 'https://avatars.githubusercontent.com/u/7905502?v=4', 'gravatar_id': '', 'url': 'https://api.github.com/users/baywet', 'html_url': 'https://github.com/baywet', 'followers_url': 'https://api.github.com/users/baywet/followers', 'following_url': 'https://api.github.com/users/baywet/following{/other_user}', 'gists_url': 'https://api.github.com/users/baywet/gists{/gist_id}', 'starred_url': 'https://api.github.com/users/baywet/starred{/owner}{/repo}', 'subscriptions_url': 'https://api.github.com/users/baywet/subscriptions', 'organizations_url': 'https://api.github.com/users/baywet/orgs', 'repos_url': 'https://api.github.com/users/baywet/repos', 'events_url': 'https://api.github.com/users/baywet/events{/privacy}', 'received_events_url': 'https://api.github.com/users/baywet/received_events', 'type': 'User', 'site_admin': False}, 'open_issues': 1, 'closed_issues': 58, 'state': 'open', 'created_at': '2021-11-11T18:58:03Z', 'updated_at': '2022-02-04T19:14:51Z', 'due_on': None, 'closed_at': None}, 'comments': 2, 'created_at': '2022-02-04T19:14:51Z', 'updated_at': '2022-02-04T19:16:34Z', 'closed_at': None, 'author_association': 'MEMBER', 'active_lock_reason': None, 'draft': False, 'pull_request': {'url': 'https://api.github.com/repos/microsoftgraph/msgraph-sdk-java-core/pulls/431', 'html_url': 'https://github.com/microsoftgraph/msgraph-sdk-java-core/pull/431', 'diff_url': 'https://github.com/microsoftgraph/msgraph-sdk-java-core/pull/431.diff', 'patch_url': 'https://github.com/microsoftgraph/msgraph-sdk-java-core/pull/431.patch', 'merged_at': None}, 'body': None, 'reactions': {'url': 'https://api.github.com/repos/microsoftgraph/msgraph-sdk-java-core/issues/431/reactions', 'total_count': 0, '+1': 0, '-1': 0, 'laugh': 0, 'hooray': 0, 'confused': 0, 'heart': 0, 'rocket': 0, 'eyes': 0}, 'timeline_url': 'https://api.github.com/repos/microsoftgraph/msgraph-sdk-java-core/issues/431/timeline', 'performed_via_github_app': None}, 'comment': {'url': 'https://api.github.com/repos/microsoftgraph/msgraph-sdk-java-core/issues/comments/1030277561', 'html_url': 'https://github.com/microsoftgraph/msgraph-sdk-java-core/pull/431#issuecomment-1030277561', 'issue_url': 'https://api.github.com/repos/microsoftgraph/msgraph-sdk-java-core/issues/431', 'id': 1030277561, 'node_id': 'IC_kwDOCTce4M49aMm5', 'user': {'login': 'ramsessanchez', 'id': 63934382, 'node_id': 'MDQ6VXNlcjYzOTM0Mzgy', 'avatar_url': 'https://avatars.githubusercontent.com/u/63934382?v=4', 'gravatar_id': '', 'url': 'https://api.github.com/users/ramsessanchez', 'html_url': 'https://github.com/ramsessanchez', 'followers_url': 'https://api.github.com/users/ramsessanchez/followers', 'following_url': 'https://api.github.com/users/ramsessanchez/following{/other_user}', 'gists_url': 'https://api.github.com/users/ramsessanchez/gists{/gist_id}', 'starred_url': 'https://api.github.com/users/ramsessanchez/starred{/owner}{/repo}', 'subscriptions_url': 'https://api.github.com/users/ramsessanchez/subscriptions', 'organizations_url': 'https://api.github.com/users/ramsessanchez/orgs', 'repos_url': 'https://api.github.com/users/ramsessanchez/repos', 'events_url': 'https://api.github.com/users/ramsessanchez/events{/privacy}', 'received_events_url': 'https://api.github.com/users/ramsessanchez/received_events', 'type': 'User', 'site_admin': False}, 'created_at': '2022-02-04T19:16:34Z', 'updated_at': '2022-02-04T19:16:34Z', 'author_association': 'CONTRIBUTOR', 'body': '> @ramsessanchez to replicate in v1 and beta\r\n\r\nDo we push this to master as well? ', 'reactions': {'url': 'https://api.github.com/repos/microsoftgraph/msgraph-sdk-java-core/issues/comments/1030277561/reactions', 'total_count': 0, '+1': 0, '-1': 0, 'laugh': 0, 'hooray': 0, 'confused': 0, 'heart': 0, 'rocket': 0, 'eyes': 0}, 'performed_via_github_app': None}}",created,Java
20082199710,PullRequestReviewEvent,microsoftgraph/msgraph-sdk-java-core,0.0,2022-02-04T19:09:17Z,"{'action': 'created', 'review': {'id': 873476424, 'node_id': 'PRR_kwDOCTce4M40EDFI', 'user': {'login': 'ramsessanchez', 'id': 63934382, 'node_id': 'MDQ6VXNlcjYzOTM0Mzgy', 'avatar_url': 'https://avatars.githubusercontent.com/u/63934382?v=4', 'gravatar_id': '', 'url': 'https://api.github.com/users/ramsessanchez', 'html_url': 'https://github.com/ramsessanchez', 'followers_url': 'https://api.github.com/users/ramsessanchez/followers', 'following_url': 'https://api.github.com/users/ramsessanchez/following{/other_user}', 'gists_url': 'https://api.github.com/users/ramsessanchez/gists{/gist_id}', 'starred_url': 'https://api.github.com/users/ramsessanchez/starred{/owner}{/repo}', 'subscriptions_url': 'https://api.github.com/users/ramsessanchez/subscriptions', 'organizations_url': 'https://api.github.com/users/ramsessanchez/orgs', 'repos_url': 'https://api.github.com/users/ramsessanchez/repos', 'events_url': 'https://api.github.com/users/ramsessanchez/events{/privacy}', 'received_events_url': 'https://api.github.com/users/ramsessanchez/received_events', 'type': 'User', 'site_admin': False}, 'body': '', 'commit_id': '39261cd778e59f1646590f6ca47d4f587b1ae7c1', 'submitted_at': '2022-02-04T19:09:16Z', 'state': 'approved', 'html_url': 'https://github.com/microsoftgraph/msgraph-sdk-java-core/pull/430#pullrequestreview-873476424', 'pull_request_url': 'https://api.github.com/repos/microsoftgraph/msgraph-sdk-java-core/pulls/430', 'author_association': 'CONTRIBUTOR', '_links': {'html': {'href': 'https://github.com/microsoftgraph/msgraph-sdk-java-core/pull/430#pullrequestreview-873476424'}, 'pull_request': {'href': 'https://api.github.com/repos/microsoftgraph/msgraph-sdk-java-core/pulls/430'}}}, 'pull_request': {'url': 'https://api.github.com/repos/microsoftgraph/msgraph-sdk-java-core/pulls/430', 'id': 840241420, 'node_id': 'PR_kwDOCTce4M4yFREM', 'html_url': 'https://github.com/microsoftgraph/msgraph-sdk-java-core/pull/430', 'diff_url': 'https://github.com/microsoftgraph/msgraph-sdk-java-core/pull/430.diff', 'patch_url': 'https://github.com/microsoftgraph/msgraph-sdk-java-core/pull/430.patch', 'issue_url': 'https://api.github.com/repos/microsoftgraph/msgraph-sdk-java-core/issues/430', 'number': 430, 'state': 'open', 'locked': False, 'title': 'release 2.0.11', 'user': {'login': 'baywet', 'id': 7905502, 'node_id': 'MDQ6VXNlcjc5MDU1MDI=', 'avatar_url': 'https://avatars.githubusercontent.com/u/7905502?v=4', 'gravatar_id': '', 'url': 'https://api.github.com/users/baywet', 'html_url': 'https://github.com/baywet', 'followers_url': 'https://api.github.com/users/baywet/followers', 'following_url': 'https://api.github.com/users/baywet/following{/other_user}', 'gists_url': 'https://api.github.com/users/baywet/gists{/gist_id}', 'starred_url': 'https://api.github.com/users/baywet/starred{/owner}{/repo}', 'subscriptions_url': 'https://api.github.com/users/baywet/subscriptions', 'organizations_url': 'https://api.github.com/users/baywet/orgs', 'repos_url': 'https://api.github.com/users/baywet/repos', 'events_url': 'https://api.github.com/users/baywet/events{/privacy}', 'received_events_url': 'https://api.github.com/users/baywet/received_events', 'type': 'User', 'site_admin': False}, 'body': None, 'created_at': '2022-02-04T13:03:56Z', 'updated_at': '2022-02-04T19:09:17Z', 'closed_at': None, 'merged_at': None, 'merge_commit_sha': 'a37c160896a2f7bbd9c3c6065e0f70aa24e60a6c', 'assignee': {'login': 'ramsessanchez', 'id': 63934382, 'node_id': 'MDQ6VXNlcjYzOTM0Mzgy', 'avatar_url': 'https://avatars.githubusercontent.com/u/63934382?v=4', 'gravatar_id': '', 'url': 'https://api.github.com/users/ramsessanchez', 'html_url': 'https://github.com/ramsessanchez', 'followers_url': 'https://api.github.com/users/ramsessanchez/followers', 'following_url': 'https://api.github.com/users/ramsessanchez/following{/other_user}', 'gists_url': 'https://api.github.com/users/ramsessanchez/gists{/gist_id}', 'starred_url': 'https://api.github.com/users/ramsessanchez/starred{/owner}{/repo}', 'subscriptions_url': 'https://api.github.com/users/ramsessanchez/subscriptions', 'organizations_url': 'https://api.github.com/users/ramsessanchez/orgs', 'repos_url': 'https://api.github.com/users/ramsessanchez/repos', 'events_url': 'https://api.github.com/users/ramsessanchez/events{/privacy}', 'received_events_url': 'https://api.github.com/users/ramsessanchez/received_events', 'type': 'User', 'site_admin': False}, 'assignees': [{'login': 'ramsessanchez', 'id': 63934382, 'node_id': 'MDQ6VXNlcjYzOTM0Mzgy', 'avatar_url': 'https://avatars.githubusercontent.com/u/63934382?v=4', 'gravatar_id': '', 'url': 'https://api.github.com/users/ramsessanchez', 'html_url': 'https://github.com/ramsessanchez', 'followers_url': 'https://api.github.com/users/ramsessanchez/followers', 'following_url': 'https://api.github.com/users/ramsessanchez/following{/other_user}', 'gists_url': 'https://api.github.com/users/ramsessanchez/gists{/gist_id}', 'starred_url': 'https://api.github.com/users/ramsessanchez/starred{/owner}{/repo}', 'subscriptions_url': 'https://api.github.com/users/ramsessanchez/subscriptions', 'organizations_url': 'https://api.github.com/users/ramsessanchez/orgs', 'repos_url': 'https://api.github.com/users/ramsessanchez/repos', 'events_url': 'https://api.github.com/users/ramsessanchez/events{/privacy}', 'received_events_url': 'https://api.github.com/users/ramsessanchez/received_events', 'type': 'User', 'site_admin': False}], 'requested_reviewers': [{'login': 'zengin', 'id': 803311, 'node_id': 'MDQ6VXNlcjgwMzMxMQ==', 'avatar_url': 'https://avatars.githubusercontent.com/u/803311?v=4', 'gravatar_id': '', 'url': 'https://api.github.com/users/zengin', 'html_url': 'https://github.com/zengin', 'followers_url': 'https://api.github.com/users/zengin/followers', 'following_url': 'https://api.github.com/users/zengin/following{/other_user}', 'gists_url': 'https://api.github.com/users/zengin/gists{/gist_id}', 'starred_url': 'https://api.github.com/users/zengin/starred{/owner}{/repo}', 'subscriptions_url': 'https://api.github.com/users/zengin/subscriptions', 'organizations_url': 'https://api.github.com/users/zengin/orgs', 'repos_url': 'https://api.github.com/users/zengin/repos', 'events_url': 'https://api.github.com/users/zengin/events{/privacy}', 'received_events_url': 'https://api.github.com/users/zengin/received_events', 'type': 'User', 'site_admin': False}, {'login': 'MIchaelMainer', 'id': 8527305, 'node_id': 'MDQ6VXNlcjg1MjczMDU=', 'avatar_url': 'https://avatars.githubusercontent.com/u/8527305?v=4', 'gravatar_id': '', 'url': 'https://api.github.com/users/MIchaelMainer', 'html_url': 'https://github.com/MIchaelMainer', 'followers_url': 'https://api.github.com/users/MIchaelMainer/followers', 'following_url': 'https://api.github.com/users/MIchaelMainer/following{/other_user}', 'gists_url': 'https://api.github.com/users/MIchaelMainer/gists{/gist_id}', 'starred_url': 'https://api.github.com/users/MIchaelMainer/starred{/owner}{/repo}', 'subscriptions_url': 'https://api.github.com/users/MIchaelMainer/subscriptions', 'organizations_url': 'https://api.github.com/users/MIchaelMainer/orgs', 'repos_url': 'https://api.github.com/users/MIchaelMainer/repos', 'events_url': 'https://api.github.com/users/MIchaelMainer/events{/privacy}', 'received_events_url': 'https://api.github.com/users/MIchaelMainer/received_events', 'type': 'User', 'site_admin': False}, {'login': 'ddyett', 'id': 20829981, 'node_id': 'MDQ6VXNlcjIwODI5OTgx', 'avatar_url': 'https://avatars.githubusercontent.com/u/20829981?v=4', 'gravatar_id': '', 'url': 'https://api.github.com/users/ddyett', 'html_url': 'https://github.com/ddyett', 'followers_url': 'https://api.github.com/users/ddyett/followers', 'following_url': 'https://api.github.com/users/ddyett/following{/other_user}', 'gists_url': 'https://api.github.com/users/ddyett/gists{/gist_id}', 'starred_url': 'https://api.github.com/users/ddyett/starred{/owner}{/repo}', 'subscriptions_url': 'https://api.github.com/users/ddyett/subscriptions', 'organizations_url': 'https://api.github.com/users/ddyett/orgs', 'repos_url': 'https://api.github.com/users/ddyett/repos', 'events_url': 'https://api.github.com/users/ddyett/events{/privacy}', 'received_events_url': 'https://api.github.com/users/ddyett/received_events', 'type': 'User', 'site_admin': False}, {'login': 'nikithauc', 'id': 23219007, 'node_id': 'MDQ6VXNlcjIzMjE5MDA3', 'avatar_url': 'https://avatars.githubusercontent.com/u/23219007?v=4', 'gravatar_id': '', 'url': 'https://api.github.com/users/nikithauc', 'html_url': 'https://github.com/nikithauc', 'followers_url': 'https://api.github.com/users/nikithauc/followers', 'following_url': 'https://api.github.com/users/nikithauc/following{/other_user}', 'gists_url': 'https://api.github.com/users/nikithauc/gists{/gist_id}', 'starred_url': 'https://api.github.com/users/nikithauc/starred{/owner}{/repo}', 'subscriptions_url': 'https://api.github.com/users/nikithauc/subscriptions', 'organizations_url': 'https://api.github.com/users/nikithauc/orgs', 'repos_url': 'https://api.github.com/users/nikithauc/repos', 'events_url': 'https://api.github.com/users/nikithauc/events{/privacy}', 'received_events_url': 'https://api.github.com/users/nikithauc/received_events', 'type': 'User', 'site_admin': False}], 'requested_teams': [], 'labels': [], 'milestone': {'url': 'https://api.github.com/repos/microsoftgraph/msgraph-sdk-java-core/milestones/22', 'html_url': 'https://github.com/microsoftgraph/msgraph-sdk-java-core/milestone/22', 'labels_url': 'https://api.github.com/repos/microsoftgraph/msgraph-sdk-java-core/milestones/22/labels', 'id': 7350777, 'node_id': 'MI_kwDOCTce4M4AcCn5', 'number': 22, 'title': '2.0.11', 'description': '', 'creator': {'login': 'baywet', 'id': 7905502, 'node_id': 'MDQ6VXNlcjc5MDU1MDI=', 'avatar_url': 'https://avatars.githubusercontent.com/u/7905502?v=4', 'gravatar_id': '', 'url': 'https://api.github.com/users/baywet', 'html_url': 'https://github.com/baywet', 'followers_url': 'https://api.github.com/users/baywet/followers', 'following_url': 'https://api.github.com/users/baywet/following{/other_user}', 'gists_url': 'https://api.github.com/users/baywet/gists{/gist_id}', 'starred_url': 'https://api.github.com/users/baywet/starred{/owner}{/repo}', 'subscriptions_url': 'https://api.github.com/users/baywet/subscriptions', 'organizations_url': 'https://api.github.com/users/baywet/orgs', 'repos_url': 'https://api.github.com/users/baywet/repos', 'events_url': 'https://api.github.com/users/baywet/events{/privacy}', 'received_events_url': 'https://api.github.com/users/baywet/received_events', 'type': 'User', 'site_admin': False}, 'open_issues': 1, 'closed_issues': 57, 'state': 'open', 'created_at': '2021-11-11T18:58:03Z', 'updated_at': '2022-02-04T13:03:56Z', 'due_on': None, 'closed_at': None}, 'draft': False, 'commits_url': 'https://api.github.com/repos/microsoftgraph/msgraph-sdk-java-core/pulls/430/commits', 'review_comments_url': 'https://api.github.com/repos/microsoftgraph/msgraph-sdk-java-core/pulls/430/comments', 'review_comment_url': 'https://api.github.com/repos/microsoftgraph/msgraph-sdk-java-core/pulls/comments{/number}', 'comments_url': 'https://api.github.com/repos/microsoftgraph/msgraph-sdk-java-core/issues/430/comments', 'statuses_url': 'https://api.github.com/repos/microsoftgraph/msgraph-sdk-java-core/statuses/39261cd778e59f1646590f6ca47d4f587b1ae7c1', 'head': {'label': 'microsoftgraph:dev', 'ref': 'dev', 'sha': '39261cd778e59f1646590f6ca47d4f587b1ae7c1', 'user': {'login': 'microsoftgraph', 'id': 17304259, 'node_id': 'MDEyOk9yZ2FuaXphdGlvbjE3MzA0MjU5', 'avatar_url': 'https://avatars.githubusercontent.com/u/17304259?v=4', 'gravatar_id': '', 'url': 'https://api.github.com/users/microsoftgraph', 'html_url': 'https://github.com/microsoftgraph', 'followers_url': 'https://api.github.com/users/microsoftgraph/followers', 'following_url': 'https://api.github.com/users/microsoftgraph/following{/other_user}', 'gists_url': 'https://api.github.com/users/microsoftgraph/gists{/gist_id}', 'starred_url': 'https://api.github.com/users/microsoftgraph/starred{/owner}{/repo}', 'subscriptions_url': 'https://api.github.com/users/microsoftgraph/subscriptions', 'organizations_url': 'https://api.github.com/users/microsoftgraph/orgs', 'repos_url': 'https://api.github.com/users/microsoftgraph/repos', 'events_url': 'https://api.github.com/users/microsoftgraph/events{/privacy}', 'received_events_url': 'https://api.github.com/users/microsoftgraph/received_events', 'type': 'Organization', 'site_admin': False}, 'repo': {'id': 154607328, 'node_id': 'MDEwOlJlcG9zaXRvcnkxNTQ2MDczMjg=', 'name': 'msgraph-sdk-java-core', 'full_name': 'microsoftgraph/msgraph-sdk-java-core', 'private': False, 'owner': {'login': 'microsoftgraph', 'id': 17304259, 'node_id': 'MDEyOk9yZ2FuaXphdGlvbjE3MzA0MjU5', 'avatar_url': 'https://avatars.githubusercontent.com/u/17304259?v=4', 'gravatar_id': '', 'url': 'https://api.github.com/users/microsoftgraph', 'html_url': 'https://github.com/microsoftgraph', 'followers_url': 'https://api.github.com/users/microsoftgraph/followers', 'following_url': 'https://api.github.com/users/microsoftgraph/following{/other_user}', 'gists_url': 'https://api.github.com/users/microsoftgraph/gists{/gist_id}', 'starred_url': 'https://api.github.com/users/microsoftgraph/starred{/owner}{/repo}', 'subscriptions_url': 'https://api.github.com/users/microsoftgraph/subscriptions', 'organizations_url': 'https://api.github.com/users/microsoftgraph/orgs', 'repos_url': 'https://api.github.com/users/microsoftgraph/repos', 'events_url': 'https://api.github.com/users/microsoftgraph/events{/privacy}', 'received_events_url': 'https://api.github.com/users/microsoftgraph/received_events', 'type': 'Organization', 'site_admin': False}, 'html_url': 'https://github.com/microsoftgraph/msgraph-sdk-java-core', 'description': 'Microsoft Graph SDK for Java - Core Library', 'fork': False, 'url': 'https://api.github.com/repos/microsoftgraph/msgraph-sdk-java-core', 'forks_url': 'https://api.github.com/repos/microsoftgraph/msgraph-sdk-java-core/forks', 'keys_url': 'https://api.github.com/repos/microsoftgraph/msgraph-sdk-java-core/keys{/key_id}', 'collaborators_url': 'https://api.github.com/repos/microsoftgraph/msgraph-sdk-java-core/collaborators{/collaborator}', 'teams_url': 'https://api.github.com/repos/microsoftgraph/msgraph-sdk-java-core/teams', 'hooks_url': 'https://api.github.com/repos/microsoftgraph/msgraph-sdk-java-core/hooks', 'issue_events_url': 'https://api.github.com/repos/microsoftgraph/msgraph-sdk-java-core/issues/events{/number}', 'events_url': 'https://api.github.com/repos/microsoftgraph/msgraph-sdk-java-core/events', 'assignees_url': 'https://api.github.com/repos/microsoftgraph/msgraph-sdk-java-core/assignees{/user}', 'branches_url': 'https://api.github.com/repos/microsoftgraph/msgraph-sdk-java-core/branches{/branch}', 'tags_url': 'https://api.github.com/repos/microsoftgraph/msgraph-sdk-java-core/tags', 'blobs_url': 'https://api.github.com/repos/microsoftgraph/msgraph-sdk-java-core/git/blobs{/sha}', 'git_tags_url': 'https://api.github.com/repos/microsoftgraph/msgraph-sdk-java-core/git/tags{/sha}', 'git_refs_url': 'https://api.github.com/repos/microsoftgraph/msgraph-sdk-java-core/git/refs{/sha}', 'trees_url': 'https://api.github.com/repos/microsoftgraph/msgraph-sdk-java-core/git/trees{/sha}', 'statuses_url': 'https://api.github.com/repos/microsoftgraph/msgraph-sdk-java-core/statuses/{sha}', 'languages_url': 'https://api.github.com/repos/microsoftgraph/msgraph-sdk-java-core/languages', 'stargazers_url': 'https://api.github.com/repos/microsoftgraph/msgraph-sdk-java-core/stargazers', 'contributors_url': 'https://api.github.com/repos/microsoftgraph/msgraph-sdk-java-core/contributors', 'subscribers_url': 'https://api.github.com/repos/microsoftgraph/msgraph-sdk-java-core/subscribers', 'subscription_url': 'https://api.github.com/repos/microsoftgraph/msgraph-sdk-java-core/subscription', 'commits_url': 'https://api.github.com/repos/microsoftgraph/msgraph-sdk-java-core/commits{/sha}', 'git_commits_url': 'https://api.github.com/repos/microsoftgraph/msgraph-sdk-java-core/git/commits{/sha}', 'comments_url': 'https://api.github.com/repos/microsoftgraph/msgraph-sdk-java-core/comments{/number}', 'issue_comment_url': 'https://api.github.com/repos/microsoftgraph/msgraph-sdk-java-core/issues/comments{/number}', 'contents_url': 'https://api.github.com/repos/microsoftgraph/msgraph-sdk-java-core/contents/{+path}', 'compare_url': 'https://api.github.com/repos/microsoftgraph/msgraph-sdk-java-core/compare/{base}...{head}', 'merges_url': 'https://api.github.com/repos/microsoftgraph/msgraph-sdk-java-core/merges', 'archive_url': 'https://api.github.com/repos/microsoftgraph/msgraph-sdk-java-core/{archive_format}{/ref}', 'downloads_url': 'https://api.github.com/repos/microsoftgraph/msgraph-sdk-java-core/downloads', 'issues_url': 'https://api.github.com/repos/microsoftgraph/msgraph-sdk-java-core/issues{/number}', 'pulls_url': 'https://api.github.com/repos/microsoftgraph/msgraph-sdk-java-core/pulls{/number}', 'milestones_url': 'https://api.github.com/repos/microsoftgraph/msgraph-sdk-java-core/milestones{/number}', 'notifications_url': 'https://api.github.com/repos/microsoftgraph/msgraph-sdk-java-core/notifications{?since,all,participating}', 'labels_url': 'https://api.github.com/repos/microsoftgraph/msgraph-sdk-java-core/labels{/name}', 'releases_url': 'https://api.github.com/repos/microsoftgraph/msgraph-sdk-java-core/releases{/id}', 'deployments_url': 'https://api.github.com/repos/microsoftgraph/msgraph-sdk-java-core/deployments', 'created_at': '2018-10-25T03:53:47Z', 'updated_at': '2022-01-27T03:45:26Z', 'pushed_at': '2022-02-04T13:03:57Z', 'git_url': 'git://github.com/microsoftgraph/msgraph-sdk-java-core.git', 'ssh_url': 'git@github.com:microsoftgraph/msgraph-sdk-java-core.git', 'clone_url': 'https://github.com/microsoftgraph/msgraph-sdk-java-core.git', 'svn_url': 'https://github.com/microsoftgraph/msgraph-sdk-java-core', 'homepage': 'https://docs.microsoft.com/en-us/graph/sdks/sdks-overview', 'size': 1672, 'stargazers_count': 22, 'watchers_count': 22, 'language': 'Java', 'has_issues': True, 'has_projects': True, 'has_downloads': True, 'has_wiki': False, 'has_pages': False, 'forks_count': 21, 'mirror_url': None, 'archived': False, 'disabled': False, 'open_issues_count': 9, 'license': {'key': 'mit', 'name': 'MIT License', 'spdx_id': 'MIT', 'url': 'https://api.github.com/licenses/mit', 'node_id': 'MDc6TGljZW5zZTEz'}, 'allow_forking': True, 'is_template': False, 'topics': ['hacktoberfest', 'java', 'microsoft-graph', 'sdk'], 'visibility': 'public', 'forks': 21, 'open_issues': 9, 'watchers': 22, 'default_branch': 'dev'}}, 'base': {'label': 'microsoftgraph:master', 'ref': 'master', 'sha': '683bd9ce71a814d1776b70b7862869f7bfc3dd3b', 'user': {'login': 'microsoftgraph', 'id': 17304259, 'node_id': 'MDEyOk9yZ2FuaXphdGlvbjE3MzA0MjU5', 'avatar_url': 'https://avatars.githubusercontent.com/u/17304259?v=4', 'gravatar_id': '', 'url': 'https://api.github.com/users/microsoftgraph', 'html_url': 'https://github.com/microsoftgraph', 'followers_url': 'https://api.github.com/users/microsoftgraph/followers', 'following_url': 'https://api.github.com/users/microsoftgraph/following{/other_user}', 'gists_url': 'https://api.github.com/users/microsoftgraph/gists{/gist_id}', 'starred_url': 'https://api.github.com/users/microsoftgraph/starred{/owner}{/repo}', 'subscriptions_url': 'https://api.github.com/users/microsoftgraph/subscriptions', 'organizations_url': 'https://api.github.com/users/microsoftgraph/orgs', 'repos_url': 'https://api.github.com/users/microsoftgraph/repos', 'events_url': 'https://api.github.com/users/microsoftgraph/events{/privacy}', 'received_events_url': 'https://api.github.com/users/microsoftgraph/received_events', 'type': 'Organization', 'site_admin': False}, 'repo': {'id': 154607328, 'node_id': 'MDEwOlJlcG9zaXRvcnkxNTQ2MDczMjg=', 'name': 'msgraph-sdk-java-core', 'full_name': 'microsoftgraph/msgraph-sdk-java-core', 'private': False, 'owner': {'login': 'microsoftgraph', 'id': 17304259, 'node_id': 'MDEyOk9yZ2FuaXphdGlvbjE3MzA0MjU5', 'avatar_url': 'https://avatars.githubusercontent.com/u/17304259?v=4', 'gravatar_id': '', 'url': 'https://api.github.com/users/microsoftgraph', 'html_url': 'https://github.com/microsoftgraph', 'followers_url': 'https://api.github.com/users/microsoftgraph/followers', 'following_url': 'https://api.github.com/users/microsoftgraph/following{/other_user}', 'gists_url': 'https://api.github.com/users/microsoftgraph/gists{/gist_id}', 'starred_url': 'https://api.github.com/users/microsoftgraph/starred{/owner}{/repo}', 'subscriptions_url': 'https://api.github.com/users/microsoftgraph/subscriptions', 'organizations_url': 'https://api.github.com/users/microsoftgraph/orgs', 'repos_url': 'https://api.github.com/users/microsoftgraph/repos', 'events_url': 'https://api.github.com/users/microsoftgraph/events{/privacy}', 'received_events_url': 'https://api.github.com/users/microsoftgraph/received_events', 'type': 'Organization', 'site_admin': False}, 'html_url': 'https://github.com/microsoftgraph/msgraph-sdk-java-core', 'description': 'Microsoft Graph SDK for Java - Core Library', 'fork': False, 'url': 'https://api.github.com/repos/microsoftgraph/msgraph-sdk-java-core', 'forks_url': 'https://api.github.com/repos/microsoftgraph/msgraph-sdk-java-core/forks', 'keys_url': 'https://api.github.com/repos/microsoftgraph/msgraph-sdk-java-core/keys{/key_id}', 'collaborators_url': 'https://api.github.com/repos/microsoftgraph/msgraph-sdk-java-core/collaborators{/collaborator}', 'teams_url': 'https://api.github.com/repos/microsoftgraph/msgraph-sdk-java-core/teams', 'hooks_url': 'https://api.github.com/repos/microsoftgraph/msgraph-sdk-java-core/hooks', 'issue_events_url': 'https://api.github.com/repos/microsoftgraph/msgraph-sdk-java-core/issues/events{/number}', 'events_url': 'https://api.github.com/repos/microsoftgraph/msgraph-sdk-java-core/events', 'assignees_url': 'https://api.github.com/repos/microsoftgraph/msgraph-sdk-java-core/assignees{/user}', 'branches_url': 'https://api.github.com/repos/microsoftgraph/msgraph-sdk-java-core/branches{/branch}', 'tags_url': 'https://api.github.com/repos/microsoftgraph/msgraph-sdk-java-core/tags', 'blobs_url': 'https://api.github.com/repos/microsoftgraph/msgraph-sdk-java-core/git/blobs{/sha}', 'git_tags_url': 'https://api.github.com/repos/microsoftgraph/msgraph-sdk-java-core/git/tags{/sha}', 'git_refs_url': 'https://api.github.com/repos/microsoftgraph/msgraph-sdk-java-core/git/refs{/sha}', 'trees_url': 'https://api.github.com/repos/microsoftgraph/msgraph-sdk-java-core/git/trees{/sha}', 'statuses_url': 'https://api.github.com/repos/microsoftgraph/msgraph-sdk-java-core/statuses/{sha}', 'languages_url': 'https://api.github.com/repos/microsoftgraph/msgraph-sdk-java-core/languages', 'stargazers_url': 'https://api.github.com/repos/microsoftgraph/msgraph-sdk-java-core/stargazers', 'contributors_url': 'https://api.github.com/repos/microsoftgraph/msgraph-sdk-java-core/contributors', 'subscribers_url': 'https://api.github.com/repos/microsoftgraph/msgraph-sdk-java-core/subscribers', 'subscription_url': 'https://api.github.com/repos/microsoftgraph/msgraph-sdk-java-core/subscription', 'commits_url': 'https://api.github.com/repos/microsoftgraph/msgraph-sdk-java-core/commits{/sha}', 'git_commits_url': 'https://api.github.com/repos/microsoftgraph/msgraph-sdk-java-core/git/commits{/sha}', 'comments_url': 'https://api.github.com/repos/microsoftgraph/msgraph-sdk-java-core/comments{/number}', 'issue_comment_url': 'https://api.github.com/repos/microsoftgraph/msgraph-sdk-java-core/issues/comments{/number}', 'contents_url': 'https://api.github.com/repos/microsoftgraph/msgraph-sdk-java-core/contents/{+path}', 'compare_url': 'https://api.github.com/repos/microsoftgraph/msgraph-sdk-java-core/compare/{base}...{head}', 'merges_url': 'https://api.github.com/repos/microsoftgraph/msgraph-sdk-java-core/merges', 'archive_url': 'https://api.github.com/repos/microsoftgraph/msgraph-sdk-java-core/{archive_format}{/ref}', 'downloads_url': 'https://api.github.com/repos/microsoftgraph/msgraph-sdk-java-core/downloads', 'issues_url': 'https://api.github.com/repos/microsoftgraph/msgraph-sdk-java-core/issues{/number}', 'pulls_url': 'https://api.github.com/repos/microsoftgraph/msgraph-sdk-java-core/pulls{/number}', 'milestones_url': 'https://api.github.com/repos/microsoftgraph/msgraph-sdk-java-core/milestones{/number}', 'notifications_url': 'https://api.github.com/repos/microsoftgraph/msgraph-sdk-java-core/notifications{?since,all,participating}', 'labels_url': 'https://api.github.com/repos/microsoftgraph/msgraph-sdk-java-core/labels{/name}', 'releases_url': 'https://api.github.com/repos/microsoftgraph/msgraph-sdk-java-core/releases{/id}', 'deployments_url': 'https://api.github.com/repos/microsoftgraph/msgraph-sdk-java-core/deployments', 'created_at': '2018-10-25T03:53:47Z', 'updated_at': '2022-01-27T03:45:26Z', 'pushed_at': '2022-02-04T13:03:57Z', 'git_url': 'git://github.com/microsoftgraph/msgraph-sdk-java-core.git', 'ssh_url': 'git@github.com:microsoftgraph/msgraph-sdk-java-core.git', 'clone_url': 'https://github.com/microsoftgraph/msgraph-sdk-java-core.git', 'svn_url': 'https://github.com/microsoftgraph/msgraph-sdk-java-core', 'homepage': 'https://docs.microsoft.com/en-us/graph/sdks/sdks-overview', 'size': 1672, 'stargazers_count': 22, 'watchers_count': 22, 'language': 'Java', 'has_issues': True, 'has_projects': True, 'has_downloads': True, 'has_wiki': False, 'has_pages': False, 'forks_count': 21, 'mirror_url': None, 'archived': False, 'disabled': False, 'open_issues_count': 9, 'license': {'key': 'mit', 'name': 'MIT License', 'spdx_id': 'MIT', 'url': 'https://api.github.com/licenses/mit', 'node_id': 'MDc6TGljZW5zZTEz'}, 'allow_forking': True, 'is_template': False, 'topics': ['hacktoberfest', 'java', 'microsoft-graph', 'sdk'], 'visibility': 'public', 'forks': 21, 'open_issues': 9, 'watchers': 22, 'default_branch': 'dev'}}, '_links': {'self': {'href': 'https://api.github.com/repos/microsoftgraph/msgraph-sdk-java-core/pulls/430'}, 'html': {'href': 'https://github.com/microsoftgraph/msgraph-sdk-java-core/pull/430'}, 'issue': {'href': 'https://api.github.com/repos/microsoftgraph/msgraph-sdk-java-core/issues/430'}, 'comments': {'href': 'https://api.github.com/repos/microsoftgraph/msgraph-sdk-java-core/issues/430/comments'}, 'review_comments': {'href': 'https://api.github.com/repos/microsoftgraph/msgraph-sdk-java-core/pulls/430/comments'}, 'review_comment': {'href': 'https://api.github.com/repos/microsoftgraph/msgraph-sdk-java-core/pulls/comments{/number}'}, 'commits': {'href': 'https://api.github.com/repos/microsoftgraph/msgraph-sdk-java-core/pulls/430/commits'}, 'statuses': {'href': 'https://api.github.com/repos/microsoftgraph/msgraph-sdk-java-core/statuses/39261cd778e59f1646590f6ca47d4f587b1ae7c1'}}, 'author_association': 'MEMBER', 'auto_merge': {'enabled_by': {'login': 'baywet', 'id': 7905502, 'node_id': 'MDQ6VXNlcjc5MDU1MDI=', 'avatar_url': 'https://avatars.githubusercontent.com/u/7905502?v=4', 'gravatar_id': '', 'url': 'https://api.github.com/users/baywet', 'html_url': 'https://github.com/baywet', 'followers_url': 'https://api.github.com/users/baywet/followers', 'following_url': 'https://api.github.com/users/baywet/following{/other_user}', 'gists_url': 'https://api.github.com/users/baywet/gists{/gist_id}', 'starred_url': 'https://api.github.com/users/baywet/starred{/owner}{/repo}', 'subscriptions_url': 'https://api.github.com/users/baywet/subscriptions', 'organizations_url': 'https://api.github.com/users/baywet/orgs', 'repos_url': 'https://api.github.com/users/baywet/repos', 'events_url': 'https://api.github.com/users/baywet/events{/privacy}', 'received_events_url': 'https://api.github.com/users/baywet/received_events', 'type': 'User', 'site_admin': False}, 'merge_method': 'merge', 'commit_title': 'Merge pull request #430 from microsoftgraph/dev', 'commit_message': 'release 2.0.11'}, 'active_lock_reason': None}}",created,Java
20075858887,PullRequestEvent,microsoftgraph/msgraph-sdk-java-core,0.0,2022-02-04T12:38:01Z,"{'action': 'opened', 'number': 429, 'pull_request': {'url': 'https://api.github.com/repos/microsoftgraph/msgraph-sdk-java-core/pulls/429', 'id': 840220243, 'node_id': 'PR_kwDOCTce4M4yFL5T', 'html_url': 'https://github.com/microsoftgraph/msgraph-sdk-java-core/pull/429', 'diff_url': 'https://github.com/microsoftgraph/msgraph-sdk-java-core/pull/429.diff', 'patch_url': 'https://github.com/microsoftgraph/msgraph-sdk-java-core/pull/429.patch', 'issue_url': 'https://api.github.com/repos/microsoftgraph/msgraph-sdk-java-core/issues/429', 'number': 429, 'state': 'open', 'locked': False, 'title': 'Rsh/http2', 'user': {'login': 'ramsessanchez', 'id': 63934382, 'node_id': 'MDQ6VXNlcjYzOTM0Mzgy', 'avatar_url': 'https://avatars.githubusercontent.com/u/63934382?v=4', 'gravatar_id': '', 'url': 'https://api.github.com/users/ramsessanchez', 'html_url': 'https://github.com/ramsessanchez', 'followers_url': 'https://api.github.com/users/ramsessanchez/followers', 'following_url': 'https://api.github.com/users/ramsessanchez/following{/other_user}', 'gists_url': 'https://api.github.com/users/ramsessanchez/gists{/gist_id}', 'starred_url': 'https://api.github.com/users/ramsessanchez/starred{/owner}{/repo}', 'subscriptions_url': 'https://api.github.com/users/ramsessanchez/subscriptions', 'organizations_url': 'https://api.github.com/users/ramsessanchez/orgs', 'repos_url': 'https://api.github.com/users/ramsessanchez/repos', 'events_url': 'https://api.github.com/users/ramsessanchez/events{/privacy}', 'received_events_url': 'https://api.github.com/users/ramsessanchez/received_events', 'type': 'User', 'site_admin': False}, 'body': 'Remove lock on Http1.1 protocol.\r\nInclude changes to docs in prep for 2.0.11 release. \r\nUpdate changelog. ', 'created_at': '2022-02-04T12:37:58Z', 'updated_at': '2022-02-04T12:37:59Z', 'closed_at': None, 'merged_at': None, 'merge_commit_sha': 'f241c27050ce5b0e22cd272f5cc1a9e95a609344', 'assignee': None, 'assignees': [], 'requested_reviewers': [{'login': 'zengin', 'id': 803311, 'node_id': 'MDQ6VXNlcjgwMzMxMQ==', 'avatar_url': 'https://avatars.githubusercontent.com/u/803311?v=4', 'gravatar_id': '', 'url': 'https://api.github.com/users/zengin', 'html_url': 'https://github.com/zengin', 'followers_url': 'https://api.github.com/users/zengin/followers', 'following_url': 'https://api.github.com/users/zengin/following{/other_user}', 'gists_url': 'https://api.github.com/users/zengin/gists{/gist_id}', 'starred_url': 'https://api.github.com/users/zengin/starred{/owner}{/repo}', 'subscriptions_url': 'https://api.github.com/users/zengin/subscriptions', 'organizations_url': 'https://api.github.com/users/zengin/orgs', 'repos_url': 'https://api.github.com/users/zengin/repos', 'events_url': 'https://api.github.com/users/zengin/events{/privacy}', 'received_events_url': 'https://api.github.com/users/zengin/received_events', 'type': 'User', 'site_admin': False}, {'login': 'baywet', 'id': 7905502, 'node_id': 'MDQ6VXNlcjc5MDU1MDI=', 'avatar_url': 'https://avatars.githubusercontent.com/u/7905502?v=4', 'gravatar_id': '', 'url': 'https://api.github.com/users/baywet', 'html_url': 'https://github.com/baywet', 'followers_url': 'https://api.github.com/users/baywet/followers', 'following_url': 'https://api.github.com/users/baywet/following{/other_user}', 'gists_url': 'https://api.github.com/users/baywet/gists{/gist_id}', 'starred_url': 'https://api.github.com/users/baywet/starred{/owner}{/repo}', 'subscriptions_url': 'https://api.github.com/users/baywet/subscriptions', 'organizations_url': 'https://api.github.com/users/baywet/orgs', 'repos_url': 'https://api.github.com/users/baywet/repos', 'events_url': 'https://api.github.com/users/baywet/events{/privacy}', 'received_events_url': 'https://api.github.com/users/baywet/received_events', 'type': 'User', 'site_admin': False}, {'login': 'MIchaelMainer', 'id': 8527305, 'node_id': 'MDQ6VXNlcjg1MjczMDU=', 'avatar_url': 'https://avatars.githubusercontent.com/u/8527305?v=4', 'gravatar_id': '', 'url': 'https://api.github.com/users/MIchaelMainer', 'html_url': 'https://github.com/MIchaelMainer', 'followers_url': 'https://api.github.com/users/MIchaelMainer/followers', 'following_url': 'https://api.github.com/users/MIchaelMainer/following{/other_user}', 'gists_url': 'https://api.github.com/users/MIchaelMainer/gists{/gist_id}', 'starred_url': 'https://api.github.com/users/MIchaelMainer/starred{/owner}{/repo}', 'subscriptions_url': 'https://api.github.com/users/MIchaelMainer/subscriptions', 'organizations_url': 'https://api.github.com/users/MIchaelMainer/orgs', 'repos_url': 'https://api.github.com/users/MIchaelMainer/repos', 'events_url': 'https://api.github.com/users/MIchaelMainer/events{/privacy}', 'received_events_url': 'https://api.github.com/users/MIchaelMainer/received_events', 'type': 'User', 'site_admin': False}, {'login': 'ddyett', 'id': 20829981, 'node_id': 'MDQ6VXNlcjIwODI5OTgx', 'avatar_url': 'https://avatars.githubusercontent.com/u/20829981?v=4', 'gravatar_id': '', 'url': 'https://api.github.com/users/ddyett', 'html_url': 'https://github.com/ddyett', 'followers_url': 'https://api.github.com/users/ddyett/followers', 'following_url': 'https://api.github.com/users/ddyett/following{/other_user}', 'gists_url': 'https://api.github.com/users/ddyett/gists{/gist_id}', 'starred_url': 'https://api.github.com/users/ddyett/starred{/owner}{/repo}', 'subscriptions_url': 'https://api.github.com/users/ddyett/subscriptions', 'organizations_url': 'https://api.github.com/users/ddyett/orgs', 'repos_url': 'https://api.github.com/users/ddyett/repos', 'events_url': 'https://api.github.com/users/ddyett/events{/privacy}', 'received_events_url': 'https://api.github.com/users/ddyett/received_events', 'type': 'User', 'site_admin': False}, {'login': 'nikithauc', 'id': 23219007, 'node_id': 'MDQ6VXNlcjIzMjE5MDA3', 'avatar_url': 'https://avatars.githubusercontent.com/u/23219007?v=4', 'gravatar_id': '', 'url': 'https://api.github.com/users/nikithauc', 'html_url': 'https://github.com/nikithauc', 'followers_url': 'https://api.github.com/users/nikithauc/followers', 'following_url': 'https://api.github.com/users/nikithauc/following{/other_user}', 'gists_url': 'https://api.github.com/users/nikithauc/gists{/gist_id}', 'starred_url': 'https://api.github.com/users/nikithauc/starred{/owner}{/repo}', 'subscriptions_url': 'https://api.github.com/users/nikithauc/subscriptions', 'organizations_url': 'https://api.github.com/users/nikithauc/orgs', 'repos_url': 'https://api.github.com/users/nikithauc/repos', 'events_url': 'https://api.github.com/users/nikithauc/events{/privacy}', 'received_events_url': 'https://api.github.com/users/nikithauc/received_events', 'type': 'User', 'site_admin': False}], 'requested_teams': [], 'labels': [], 'milestone': None, 'draft': False, 'commits_url': 'https://api.github.com/repos/microsoftgraph/msgraph-sdk-java-core/pulls/429/commits', 'review_comments_url': 'https://api.github.com/repos/microsoftgraph/msgraph-sdk-java-core/pulls/429/comments', 'review_comment_url': 'https://api.github.com/repos/microsoftgraph/msgraph-sdk-java-core/pulls/comments{/number}', 'comments_url': 'https://api.github.com/repos/microsoftgraph/msgraph-sdk-java-core/issues/429/comments', 'statuses_url': 'https://api.github.com/repos/microsoftgraph/msgraph-sdk-java-core/statuses/dbb9fbd6f4bd751416afe5ba037aec0712edcb90', 'head': {'label': 'microsoftgraph:rsh/http2', 'ref': 'rsh/http2', 'sha': 'dbb9fbd6f4bd751416afe5ba037aec0712edcb90', 'user': {'login': 'microsoftgraph', 'id': 17304259, 'node_id': 'MDEyOk9yZ2FuaXphdGlvbjE3MzA0MjU5', 'avatar_url': 'https://avatars.githubusercontent.com/u/17304259?v=4', 'gravatar_id': '', 'url': 'https://api.github.com/users/microsoftgraph', 'html_url': 'https://github.com/microsoftgraph', 'followers_url': 'https://api.github.com/users/microsoftgraph/followers', 'following_url': 'https://api.github.com/users/microsoftgraph/following{/other_user}', 'gists_url': 'https://api.github.com/users/microsoftgraph/gists{/gist_id}', 'starred_url': 'https://api.github.com/users/microsoftgraph/starred{/owner}{/repo}', 'subscriptions_url': 'https://api.github.com/users/microsoftgraph/subscriptions', 'organizations_url': 'https://api.github.com/users/microsoftgraph/orgs', 'repos_url': 'https://api.github.com/users/microsoftgraph/repos', 'events_url': 'https://api.github.com/users/microsoftgraph/events{/privacy}', 'received_events_url': 'https://api.github.com/users/microsoftgraph/received_events', 'type': 'Organization', 'site_admin': False}, 'repo': {'id': 154607328, 'node_id': 'MDEwOlJlcG9zaXRvcnkxNTQ2MDczMjg=', 'name': 'msgraph-sdk-java-core', 'full_name': 'microsoftgraph/msgraph-sdk-java-core', 'private': False, 'owner': {'login': 'microsoftgraph', 'id': 17304259, 'node_id': 'MDEyOk9yZ2FuaXphdGlvbjE3MzA0MjU5', 'avatar_url': 'https://avatars.githubusercontent.com/u/17304259?v=4', 'gravatar_id': '', 'url': 'https://api.github.com/users/microsoftgraph', 'html_url': 'https://github.com/microsoftgraph', 'followers_url': 'https://api.github.com/users/microsoftgraph/followers', 'following_url': 'https://api.github.com/users/microsoftgraph/following{/other_user}', 'gists_url': 'https://api.github.com/users/microsoftgraph/gists{/gist_id}', 'starred_url': 'https://api.github.com/users/microsoftgraph/starred{/owner}{/repo}', 'subscriptions_url': 'https://api.github.com/users/microsoftgraph/subscriptions', 'organizations_url': 'https://api.github.com/users/microsoftgraph/orgs', 'repos_url': 'https://api.github.com/users/microsoftgraph/repos', 'events_url': 'https://api.github.com/users/microsoftgraph/events{/privacy}', 'received_events_url': 'https://api.github.com/users/microsoftgraph/received_events', 'type': 'Organization', 'site_admin': False}, 'html_url': 'https://github.com/microsoftgraph/msgraph-sdk-java-core', 'description': 'Microsoft Graph SDK for Java - Core Library', 'fork': False, 'url': 'https://api.github.com/repos/microsoftgraph/msgraph-sdk-java-core', 'forks_url': 'https://api.github.com/repos/microsoftgraph/msgraph-sdk-java-core/forks', 'keys_url': 'https://api.github.com/repos/microsoftgraph/msgraph-sdk-java-core/keys{/key_id}', 'collaborators_url': 'https://api.github.com/repos/microsoftgraph/msgraph-sdk-java-core/collaborators{/collaborator}', 'teams_url': 'https://api.github.com/repos/microsoftgraph/msgraph-sdk-java-core/teams', 'hooks_url': 'https://api.github.com/repos/microsoftgraph/msgraph-sdk-java-core/hooks', 'issue_events_url': 'https://api.github.com/repos/microsoftgraph/msgraph-sdk-java-core/issues/events{/number}', 'events_url': 'https://api.github.com/repos/microsoftgraph/msgraph-sdk-java-core/events', 'assignees_url': 'https://api.github.com/repos/microsoftgraph/msgraph-sdk-java-core/assignees{/user}', 'branches_url': 'https://api.github.com/repos/microsoftgraph/msgraph-sdk-java-core/branches{/branch}', 'tags_url': 'https://api.github.com/repos/microsoftgraph/msgraph-sdk-java-core/tags', 'blobs_url': 'https://api.github.com/repos/microsoftgraph/msgraph-sdk-java-core/git/blobs{/sha}', 'git_tags_url': 'https://api.github.com/repos/microsoftgraph/msgraph-sdk-java-core/git/tags{/sha}', 'git_refs_url': 'https://api.github.com/repos/microsoftgraph/msgraph-sdk-java-core/git/refs{/sha}', 'trees_url': 'https://api.github.com/repos/microsoftgraph/msgraph-sdk-java-core/git/trees{/sha}', 'statuses_url': 'https://api.github.com/repos/microsoftgraph/msgraph-sdk-java-core/statuses/{sha}', 'languages_url': 'https://api.github.com/repos/microsoftgraph/msgraph-sdk-java-core/languages', 'stargazers_url': 'https://api.github.com/repos/microsoftgraph/msgraph-sdk-java-core/stargazers', 'contributors_url': 'https://api.github.com/repos/microsoftgraph/msgraph-sdk-java-core/contributors', 'subscribers_url': 'https://api.github.com/repos/microsoftgraph/msgraph-sdk-java-core/subscribers', 'subscription_url': 'https://api.github.com/repos/microsoftgraph/msgraph-sdk-java-core/subscription', 'commits_url': 'https://api.github.com/repos/microsoftgraph/msgraph-sdk-java-core/commits{/sha}', 'git_commits_url': 'https://api.github.com/repos/microsoftgraph/msgraph-sdk-java-core/git/commits{/sha}', 'comments_url': 'https://api.github.com/repos/microsoftgraph/msgraph-sdk-java-core/comments{/number}', 'issue_comment_url': 'https://api.github.com/repos/microsoftgraph/msgraph-sdk-java-core/issues/comments{/number}', 'contents_url': 'https://api.github.com/repos/microsoftgraph/msgraph-sdk-java-core/contents/{+path}', 'compare_url': 'https://api.github.com/repos/microsoftgraph/msgraph-sdk-java-core/compare/{base}...{head}', 'merges_url': 'https://api.github.com/repos/microsoftgraph/msgraph-sdk-java-core/merges', 'archive_url': 'https://api.github.com/repos/microsoftgraph/msgraph-sdk-java-core/{archive_format}{/ref}', 'downloads_url': 'https://api.github.com/repos/microsoftgraph/msgraph-sdk-java-core/downloads', 'issues_url': 'https://api.github.com/repos/microsoftgraph/msgraph-sdk-java-core/issues{/number}', 'pulls_url': 'https://api.github.com/repos/microsoftgraph/msgraph-sdk-java-core/pulls{/number}', 'milestones_url': 'https://api.github.com/repos/microsoftgraph/msgraph-sdk-java-core/milestones{/number}', 'notifications_url': 'https://api.github.com/repos/microsoftgraph/msgraph-sdk-java-core/notifications{?since,all,participating}', 'labels_url': 'https://api.github.com/repos/microsoftgraph/msgraph-sdk-java-core/labels{/name}', 'releases_url': 'https://api.github.com/repos/microsoftgraph/msgraph-sdk-java-core/releases{/id}', 'deployments_url': 'https://api.github.com/repos/microsoftgraph/msgraph-sdk-java-core/deployments', 'created_at': '2018-10-25T03:53:47Z', 'updated_at': '2022-01-27T03:45:26Z', 'pushed_at': '2022-02-04T12:37:59Z', 'git_url': 'git://github.com/microsoftgraph/msgraph-sdk-java-core.git', 'ssh_url': 'git@github.com:microsoftgraph/msgraph-sdk-java-core.git', 'clone_url': 'https://github.com/microsoftgraph/msgraph-sdk-java-core.git', 'svn_url': 'https://github.com/microsoftgraph/msgraph-sdk-java-core', 'homepage': 'https://docs.microsoft.com/en-us/graph/sdks/sdks-overview', 'size': 1662, 'stargazers_count': 22, 'watchers_count': 22, 'language': 'Java', 'has_issues': True, 'has_projects': True, 'has_downloads': True, 'has_wiki': False, 'has_pages': False, 'forks_count': 21, 'mirror_url': None, 'archived': False, 'disabled': False, 'open_issues_count': 11, 'license': {'key': 'mit', 'name': 'MIT License', 'spdx_id': 'MIT', 'url': 'https://api.github.com/licenses/mit', 'node_id': 'MDc6TGljZW5zZTEz'}, 'allow_forking': True, 'is_template': False, 'topics': ['hacktoberfest', 'java', 'microsoft-graph', 'sdk'], 'visibility': 'public', 'forks': 21, 'open_issues': 11, 'watchers': 22, 'default_branch': 'dev'}}, 'base': {'label': 'microsoftgraph:dev', 'ref': 'dev', 'sha': 'ad482bcb535e3c4e1157ac61c6e719b2ffeae1db', 'user': {'login': 'microsoftgraph', 'id': 17304259, 'node_id': 'MDEyOk9yZ2FuaXphdGlvbjE3MzA0MjU5', 'avatar_url': 'https://avatars.githubusercontent.com/u/17304259?v=4', 'gravatar_id': '', 'url': 'https://api.github.com/users/microsoftgraph', 'html_url': 'https://github.com/microsoftgraph', 'followers_url': 'https://api.github.com/users/microsoftgraph/followers', 'following_url': 'https://api.github.com/users/microsoftgraph/following{/other_user}', 'gists_url': 'https://api.github.com/users/microsoftgraph/gists{/gist_id}', 'starred_url': 'https://api.github.com/users/microsoftgraph/starred{/owner}{/repo}', 'subscriptions_url': 'https://api.github.com/users/microsoftgraph/subscriptions', 'organizations_url': 'https://api.github.com/users/microsoftgraph/orgs', 'repos_url': 'https://api.github.com/users/microsoftgraph/repos', 'events_url': 'https://api.github.com/users/microsoftgraph/events{/privacy}', 'received_events_url': 'https://api.github.com/users/microsoftgraph/received_events', 'type': 'Organization', 'site_admin': False}, 'repo': {'id': 154607328, 'node_id': 'MDEwOlJlcG9zaXRvcnkxNTQ2MDczMjg=', 'name': 'msgraph-sdk-java-core', 'full_name': 'microsoftgraph/msgraph-sdk-java-core', 'private': False, 'owner': {'login': 'microsoftgraph', 'id': 17304259, 'node_id': 'MDEyOk9yZ2FuaXphdGlvbjE3MzA0MjU5', 'avatar_url': 'https://avatars.githubusercontent.com/u/17304259?v=4', 'gravatar_id': '', 'url': 'https://api.github.com/users/microsoftgraph', 'html_url': 'https://github.com/microsoftgraph', 'followers_url': 'https://api.github.com/users/microsoftgraph/followers', 'following_url': 'https://api.github.com/users/microsoftgraph/following{/other_user}', 'gists_url': 'https://api.github.com/users/microsoftgraph/gists{/gist_id}', 'starred_url': 'https://api.github.com/users/microsoftgraph/starred{/owner}{/repo}', 'subscriptions_url': 'https://api.github.com/users/microsoftgraph/subscriptions', 'organizations_url': 'https://api.github.com/users/microsoftgraph/orgs', 'repos_url': 'https://api.github.com/users/microsoftgraph/repos', 'events_url': 'https://api.github.com/users/microsoftgraph/events{/privacy}', 'received_events_url': 'https://api.github.com/users/microsoftgraph/received_events', 'type': 'Organization', 'site_admin': False}, 'html_url': 'https://github.com/microsoftgraph/msgraph-sdk-java-core', 'description': 'Microsoft Graph SDK for Java - Core Library', 'fork': False, 'url': 'https://api.github.com/repos/microsoftgraph/msgraph-sdk-java-core', 'forks_url': 'https://api.github.com/repos/microsoftgraph/msgraph-sdk-java-core/forks', 'keys_url': 'https://api.github.com/repos/microsoftgraph/msgraph-sdk-java-core/keys{/key_id}', 'collaborators_url': 'https://api.github.com/repos/microsoftgraph/msgraph-sdk-java-core/collaborators{/collaborator}', 'teams_url': 'https://api.github.com/repos/microsoftgraph/msgraph-sdk-java-core/teams', 'hooks_url': 'https://api.github.com/repos/microsoftgraph/msgraph-sdk-java-core/hooks', 'issue_events_url': 'https://api.github.com/repos/microsoftgraph/msgraph-sdk-java-core/issues/events{/number}', 'events_url': 'https://api.github.com/repos/microsoftgraph/msgraph-sdk-java-core/events', 'assignees_url': 'https://api.github.com/repos/microsoftgraph/msgraph-sdk-java-core/assignees{/user}', 'branches_url': 'https://api.github.com/repos/microsoftgraph/msgraph-sdk-java-core/branches{/branch}', 'tags_url': 'https://api.github.com/repos/microsoftgraph/msgraph-sdk-java-core/tags', 'blobs_url': 'https://api.github.com/repos/microsoftgraph/msgraph-sdk-java-core/git/blobs{/sha}', 'git_tags_url': 'https://api.github.com/repos/microsoftgraph/msgraph-sdk-java-core/git/tags{/sha}', 'git_refs_url': 'https://api.github.com/repos/microsoftgraph/msgraph-sdk-java-core/git/refs{/sha}', 'trees_url': 'https://api.github.com/repos/microsoftgraph/msgraph-sdk-java-core/git/trees{/sha}', 'statuses_url': 'https://api.github.com/repos/microsoftgraph/msgraph-sdk-java-core/statuses/{sha}', 'languages_url': 'https://api.github.com/repos/microsoftgraph/msgraph-sdk-java-core/languages', 'stargazers_url': 'https://api.github.com/repos/microsoftgraph/msgraph-sdk-java-core/stargazers', 'contributors_url': 'https://api.github.com/repos/microsoftgraph/msgraph-sdk-java-core/contributors', 'subscribers_url': 'https://api.github.com/repos/microsoftgraph/msgraph-sdk-java-core/subscribers', 'subscription_url': 'https://api.github.com/repos/microsoftgraph/msgraph-sdk-java-core/subscription', 'commits_url': 'https://api.github.com/repos/microsoftgraph/msgraph-sdk-java-core/commits{/sha}', 'git_commits_url': 'https://api.github.com/repos/microsoftgraph/msgraph-sdk-java-core/git/commits{/sha}', 'comments_url': 'https://api.github.com/repos/microsoftgraph/msgraph-sdk-java-core/comments{/number}', 'issue_comment_url': 'https://api.github.com/repos/microsoftgraph/msgraph-sdk-java-core/issues/comments{/number}', 'contents_url': 'https://api.github.com/repos/microsoftgraph/msgraph-sdk-java-core/contents/{+path}', 'compare_url': 'https://api.github.com/repos/microsoftgraph/msgraph-sdk-java-core/compare/{base}...{head}', 'merges_url': 'https://api.github.com/repos/microsoftgraph/msgraph-sdk-java-core/merges', 'archive_url': 'https://api.github.com/repos/microsoftgraph/msgraph-sdk-java-core/{archive_format}{/ref}', 'downloads_url': 'https://api.github.com/repos/microsoftgraph/msgraph-sdk-java-core/downloads', 'issues_url': 'https://api.github.com/repos/microsoftgraph/msgraph-sdk-java-core/issues{/number}', 'pulls_url': 'https://api.github.com/repos/microsoftgraph/msgraph-sdk-java-core/pulls{/number}', 'milestones_url': 'https://api.github.com/repos/microsoftgraph/msgraph-sdk-java-core/milestones{/number}', 'notifications_url': 'https://api.github.com/repos/microsoftgraph/msgraph-sdk-java-core/notifications{?since,all,participating}', 'labels_url': 'https://api.github.com/repos/microsoftgraph/msgraph-sdk-java-core/labels{/name}', 'releases_url': 'https://api.github.com/repos/microsoftgraph/msgraph-sdk-java-core/releases{/id}', 'deployments_url': 'https://api.github.com/repos/microsoftgraph/msgraph-sdk-java-core/deployments', 'created_at': '2018-10-25T03:53:47Z', 'updated_at': '2022-01-27T03:45:26Z', 'pushed_at': '2022-02-04T12:37:59Z', 'git_url': 'git://github.com/microsoftgraph/msgraph-sdk-java-core.git', 'ssh_url': 'git@github.com:microsoftgraph/msgraph-sdk-java-core.git', 'clone_url': 'https://github.com/microsoftgraph/msgraph-sdk-java-core.git', 'svn_url': 'https://github.com/microsoftgraph/msgraph-sdk-java-core', 'homepage': 'https://docs.microsoft.com/en-us/graph/sdks/sdks-overview', 'size': 1662, 'stargazers_count': 22, 'watchers_count': 22, 'language': 'Java', 'has_issues': True, 'has_projects': True, 'has_downloads': True, 'has_wiki': False, 'has_pages': False, 'forks_count': 21, 'mirror_url': None, 'archived': False, 'disabled': False, 'open_issues_count': 11, 'license': {'key': 'mit', 'name': 'MIT License', 'spdx_id': 'MIT', 'url': 'https://api.github.com/licenses/mit', 'node_id': 'MDc6TGljZW5zZTEz'}, 'allow_forking': True, 'is_template': False, 'topics': ['hacktoberfest', 'java', 'microsoft-graph', 'sdk'], 'visibility': 'public', 'forks': 21, 'open_issues': 11, 'watchers': 22, 'default_branch': 'dev'}}, '_links': {'self': {'href': 'https://api.github.com/repos/microsoftgraph/msgraph-sdk-java-core/pulls/429'}, 'html': {'href': 'https://github.com/microsoftgraph/msgraph-sdk-java-core/pull/429'}, 'issue': {'href': 'https://api.github.com/repos/microsoftgraph/msgraph-sdk-java-core/issues/429'}, 'comments': {'href': 'https://api.github.com/repos/microsoftgraph/msgraph-sdk-java-core/issues/429/comments'}, 'review_comments': {'href': 'https://api.github.com/repos/microsoftgraph/msgraph-sdk-java-core/pulls/429/comments'}, 'review_comment': {'href': 'https://api.github.com/repos/microsoftgraph/msgraph-sdk-java-core/pulls/comments{/number}'}, 'commits': {'href': 'https://api.github.com/repos/microsoftgraph/msgraph-sdk-java-core/pulls/429/commits'}, 'statuses': {'href': 'https://api.github.com/repos/microsoftgraph/msgraph-sdk-java-core/statuses/dbb9fbd6f4bd751416afe5ba037aec0712edcb90'}}, 'author_association': 'CONTRIBUTOR', 'auto_merge': None, 'active_lock_reason': None, 'merged': False, 'mergeable': True, 'rebaseable': True, 'mergeable_state': 'unstable', 'merged_by': None, 'comments': 0, 'review_comments': 0, 'maintainer_can_modify': False, 'commits': 4, 'additions': 32, 'deletions': 7, 'changed_files': 6}}",opened,Java
20075806810,PushEvent,microsoftgraph/msgraph-sdk-java-core,0.0,2022-02-04T12:34:32Z,"{'push_id': 9011886291, 'size': 2, 'distinct_size': 2, 'ref': 'refs/heads/rsh/http2', 'head': 'dbb9fbd6f4bd751416afe5ba037aec0712edcb90', 'before': 'd4901deaa5891e126e4a38df19643f53054eb8ff', 'commits': [{'sha': '50a73b674a3b10df48e562c3c939ba2e5fcbd5ef', 'author': {'email': '63934382+ramsessanchez@users.noreply.github.com', 'name': 'ramsessanchez'}, 'message': 'Update docs to represent update to 2.0.11', 'distinct': True, 'url': 'https://api.github.com/repos/microsoftgraph/msgraph-sdk-java-core/commits/50a73b674a3b10df48e562c3c939ba2e5fcbd5ef'}, {'sha': 'dbb9fbd6f4bd751416afe5ba037aec0712edcb90', 'author': {'email': '63934382+ramsessanchez@users.noreply.github.com', 'name': 'ramsessanchez'}, 'message': ""Merge branch 'rsh/http2' of https://github.com/microsoftgraph/msgraph-sdk-java-core into rsh/http2"", 'distinct': True, 'url': 'https://api.github.com/repos/microsoftgraph/msgraph-sdk-java-core/commits/dbb9fbd6f4bd751416afe5ba037aec0712edcb90'}]}",,Java
20075733162,PushEvent,microsoftgraph/msgraph-sdk-java-core,0.0,2022-02-04T12:29:32Z,"{'push_id': 9011849326, 'size': 1, 'distinct_size': 1, 'ref': 'refs/heads/rsh/http2', 'head': 'd4901deaa5891e126e4a38df19643f53054eb8ff', 'before': 'c5cae37b0ce0f43429da34949ef405bb1ca1e1e7', 'commits': [{'sha': 'd4901deaa5891e126e4a38df19643f53054eb8ff', 'author': {'email': '63934382+ramsessanchez@users.noreply.github.com', 'name': 'ramsessanchez'}, 'message': 'Update CHANGELOG.md', 'distinct': True, 'url': 'https://api.github.com/repos/microsoftgraph/msgraph-sdk-java-core/commits/d4901deaa5891e126e4a38df19643f53054eb8ff'}]}",,Java
20075002211,CreateEvent,microsoftgraph/msgraph-sdk-java-core,0.0,2022-02-04T11:41:10Z,"{'ref': 'rsh/http2', 'ref_type': 'branch', 'master_branch': 'dev', 'description': 'Microsoft Graph SDK for Java - Core Library', 'pusher_type': 'user'}",,Java
20064208135,PushEvent,microsoftgraph/msgraph-beta-sdk-java,0.0,2022-02-03T19:34:23Z,"{'push_id': 9006046616, 'size': 3, 'distinct_size': 3, 'ref': 'refs/heads/dev', 'head': '375754a4d9c30e77f5af049ddefa2f84d2700e40', 'before': 'fd91028956952b31bc40cf67a7fd5829e4f3b1fb', 'commits': [{'sha': 'be4ab3a9083b6f0bb2e9d1bc56eeca37677ddbd7', 'author': {'email': 'GraphTooling@service.microsoft.com', 'name': 'Microsoft Graph DevX Tooling'}, 'message': 'Update generated files with build 65252', 'distinct': True, 'url': 'https://api.github.com/repos/microsoftgraph/msgraph-beta-sdk-java/commits/be4ab3a9083b6f0bb2e9d1bc56eeca37677ddbd7'}, {'sha': '776a1e4d86641f0f189e525ea67acc47c7b3c334', 'author': {'email': '63934382+ramsessanchez@users.noreply.github.com', 'name': 'ramsessanchez'}, 'message': 'Update CHANGELOG.md', 'distinct': True, 'url': 'https://api.github.com/repos/microsoftgraph/msgraph-beta-sdk-java/commits/776a1e4d86641f0f189e525ea67acc47c7b3c334'}, {'sha': '375754a4d9c30e77f5af049ddefa2f84d2700e40', 'author': {'email': '63934382+ramsessanchez@users.noreply.github.com', 'name': 'ramsessanchez'}, 'message': 'Merge pull request #244 from microsoftgraph/beta/pipelinebuild/65252\n\nGenerated beta models and request builders using Typewriter', 'distinct': True, 'url': 'https://api.github.com/repos/microsoftgraph/msgraph-beta-sdk-java/commits/375754a4d9c30e77f5af049ddefa2f84d2700e40'}]}",,Java
20064207861,DeleteEvent,microsoftgraph/msgraph-beta-sdk-java,0.0,2022-02-03T19:34:22Z,"{'ref': 'beta/pipelinebuild/65252', 'ref_type': 'branch', 'pusher_type': 'user'}",,Java
20064207759,PullRequestEvent,microsoftgraph/msgraph-beta-sdk-java,0.0,2022-02-03T19:34:21Z,"{'action': 'closed', 'number': 244, 'pull_request': {'url': 'https://api.github.com/repos/microsoftgraph/msgraph-beta-sdk-java/pulls/244', 'id': 837046136, 'node_id': 'PR_kwDODDF5Ls4x5E94', 'html_url': 'https://github.com/microsoftgraph/msgraph-beta-sdk-java/pull/244', 'diff_url': 'https://github.com/microsoftgraph/msgraph-beta-sdk-java/pull/244.diff', 'patch_url': 'https://github.com/microsoftgraph/msgraph-beta-sdk-java/pull/244.patch', 'issue_url': 'https://api.github.com/repos/microsoftgraph/msgraph-beta-sdk-java/issues/244', 'number': 244, 'state': 'closed', 'locked': False, 'title': 'Generated beta models and request builders using Typewriter', 'user': {'login': 'ramsessanchez', 'id': 63934382, 'node_id': 'MDQ6VXNlcjYzOTM0Mzgy', 'avatar_url': 'https://avatars.githubusercontent.com/u/63934382?v=4', 'gravatar_id': '', 'url': 'https://api.github.com/users/ramsessanchez', 'html_url': 'https://github.com/ramsessanchez', 'followers_url': 'https://api.github.com/users/ramsessanchez/followers', 'following_url': 'https://api.github.com/users/ramsessanchez/following{/other_user}', 'gists_url': 'https://api.github.com/users/ramsessanchez/gists{/gist_id}', 'starred_url': 'https://api.github.com/users/ramsessanchez/starred{/owner}{/repo}', 'subscriptions_url': 'https://api.github.com/users/ramsessanchez/subscriptions', 'organizations_url': 'https://api.github.com/users/ramsessanchez/orgs', 'repos_url': 'https://api.github.com/users/ramsessanchez/repos', 'events_url': 'https://api.github.com/users/ramsessanchez/events{/privacy}', 'received_events_url': 'https://api.github.com/users/ramsessanchez/received_events', 'type': 'User', 'site_admin': False}, 'body': 'This pull request was automatically created by the GitHub Action, **create pull request**. \n\n The commit hash is _be4ab3a9083b6f0bb2e9d1bc56eeca37677ddbd7_. \n\n **Important** Check for unexpected deletions or changes in this PR.\n\n###### Microsoft Reviewers: [Open in CodeFlow](https://portal.fabricbot.ms/api/codeflow?pullrequest=https://github.com/microsoftgraph/msgraph-beta-sdk-java/pull/244)', 'created_at': '2022-02-01T10:19:37Z', 'updated_at': '2022-02-03T19:34:21Z', 'closed_at': '2022-02-03T19:34:21Z', 'merged_at': '2022-02-03T19:34:21Z', 'merge_commit_sha': '375754a4d9c30e77f5af049ddefa2f84d2700e40', 'assignee': {'login': 'ramsessanchez', 'id': 63934382, 'node_id': 'MDQ6VXNlcjYzOTM0Mzgy', 'avatar_url': 'https://avatars.githubusercontent.com/u/63934382?v=4', 'gravatar_id': '', 'url': 'https://api.github.com/users/ramsessanchez', 'html_url': 'https://github.com/ramsessanchez', 'followers_url': 'https://api.github.com/users/ramsessanchez/followers', 'following_url': 'https://api.github.com/users/ramsessanchez/following{/other_user}', 'gists_url': 'https://api.github.com/users/ramsessanchez/gists{/gist_id}', 'starred_url': 'https://api.github.com/users/ramsessanchez/starred{/owner}{/repo}', 'subscriptions_url': 'https://api.github.com/users/ramsessanchez/subscriptions', 'organizations_url': 'https://api.github.com/users/ramsessanchez/orgs', 'repos_url': 'https://api.github.com/users/ramsessanchez/repos', 'events_url': 'https://api.github.com/users/ramsessanchez/events{/privacy}', 'received_events_url': 'https://api.github.com/users/ramsessanchez/received_events', 'type': 'User', 'site_admin': False}, 'assignees': [{'login': 'ramsessanchez', 'id': 63934382, 'node_id': 'MDQ6VXNlcjYzOTM0Mzgy', 'avatar_url': 'https://avatars.githubusercontent.com/u/63934382?v=4', 'gravatar_id': '', 'url': 'https://api.github.com/users/ramsessanchez', 'html_url': 'https://github.com/ramsessanchez', 'followers_url': 'https://api.github.com/users/ramsessanchez/followers', 'following_url': 'https://api.github.com/users/ramsessanchez/following{/other_user}', 'gists_url': 'https://api.github.com/users/ramsessanchez/gists{/gist_id}', 'starred_url': 'https://api.github.com/users/ramsessanchez/starred{/owner}{/repo}', 'subscriptions_url': 'https://api.github.com/users/ramsessanchez/subscriptions', 'organizations_url': 'https://api.github.com/users/ramsessanchez/orgs', 'repos_url': 'https://api.github.com/users/ramsessanchez/repos', 'events_url': 'https://api.github.com/users/ramsessanchez/events{/privacy}', 'received_events_url': 'https://api.github.com/users/ramsessanchez/received_events', 'type': 'User', 'site_admin': False}], 'requested_reviewers': [{'login': 'zengin', 'id': 803311, 'node_id': 'MDQ6VXNlcjgwMzMxMQ==', 'avatar_url': 'https://avatars.githubusercontent.com/u/803311?v=4', 'gravatar_id': '', 'url': 'https://api.github.com/users/zengin', 'html_url': 'https://github.com/zengin', 'followers_url': 'https://api.github.com/users/zengin/followers', 'following_url': 'https://api.github.com/users/zengin/following{/other_user}', 'gists_url': 'https://api.github.com/users/zengin/gists{/gist_id}', 'starred_url': 'https://api.github.com/users/zengin/starred{/owner}{/repo}', 'subscriptions_url': 'https://api.github.com/users/zengin/subscriptions', 'organizations_url': 'https://api.github.com/users/zengin/orgs', 'repos_url': 'https://api.github.com/users/zengin/repos', 'events_url': 'https://api.github.com/users/zengin/events{/privacy}', 'received_events_url': 'https://api.github.com/users/zengin/received_events', 'type': 'User', 'site_admin': False}, {'login': 'peombwa', 'id': 7061532, 'node_id': 'MDQ6VXNlcjcwNjE1MzI=', 'avatar_url': 'https://avatars.githubusercontent.com/u/7061532?v=4', 'gravatar_id': '', 'url': 'https://api.github.com/users/peombwa', 'html_url': 'https://github.com/peombwa', 'followers_url': 'https://api.github.com/users/peombwa/followers', 'following_url': 'https://api.github.com/users/peombwa/following{/other_user}', 'gists_url': 'https://api.github.com/users/peombwa/gists{/gist_id}', 'starred_url': 'https://api.github.com/users/peombwa/starred{/owner}{/repo}', 'subscriptions_url': 'https://api.github.com/users/peombwa/subscriptions', 'organizations_url': 'https://api.github.com/users/peombwa/orgs', 'repos_url': 'https://api.github.com/users/peombwa/repos', 'events_url': 'https://api.github.com/users/peombwa/events{/privacy}', 'received_events_url': 'https://api.github.com/users/peombwa/received_events', 'type': 'User', 'site_admin': False}, {'login': 'MIchaelMainer', 'id': 8527305, 'node_id': 'MDQ6VXNlcjg1MjczMDU=', 'avatar_url': 'https://avatars.githubusercontent.com/u/8527305?v=4', 'gravatar_id': '', 'url': 'https://api.github.com/users/MIchaelMainer', 'html_url': 'https://github.com/MIchaelMainer', 'followers_url': 'https://api.github.com/users/MIchaelMainer/followers', 'following_url': 'https://api.github.com/users/MIchaelMainer/following{/other_user}', 'gists_url': 'https://api.github.com/users/MIchaelMainer/gists{/gist_id}', 'starred_url': 'https://api.github.com/users/MIchaelMainer/starred{/owner}{/repo}', 'subscriptions_url': 'https://api.github.com/users/MIchaelMainer/subscriptions', 'organizations_url': 'https://api.github.com/users/MIchaelMainer/orgs', 'repos_url': 'https://api.github.com/users/MIchaelMainer/repos', 'events_url': 'https://api.github.com/users/MIchaelMainer/events{/privacy}', 'received_events_url': 'https://api.github.com/users/MIchaelMainer/received_events', 'type': 'User', 'site_admin': False}, {'login': 'ddyett', 'id': 20829981, 'node_id': 'MDQ6VXNlcjIwODI5OTgx', 'avatar_url': 'https://avatars.githubusercontent.com/u/20829981?v=4', 'gravatar_id': '', 'url': 'https://api.github.com/users/ddyett', 'html_url': 'https://github.com/ddyett', 'followers_url': 'https://api.github.com/users/ddyett/followers', 'following_url': 'https://api.github.com/users/ddyett/following{/other_user}', 'gists_url': 'https://api.github.com/users/ddyett/gists{/gist_id}', 'starred_url': 'https://api.github.com/users/ddyett/starred{/owner}{/repo}', 'subscriptions_url': 'https://api.github.com/users/ddyett/subscriptions', 'organizations_url': 'https://api.github.com/users/ddyett/orgs', 'repos_url': 'https://api.github.com/users/ddyett/repos', 'events_url': 'https://api.github.com/users/ddyett/events{/privacy}', 'received_events_url': 'https://api.github.com/users/ddyett/received_events', 'type': 'User', 'site_admin': False}, {'login': 'nikithauc', 'id': 23219007, 'node_id': 'MDQ6VXNlcjIzMjE5MDA3', 'avatar_url': 'https://avatars.githubusercontent.com/u/23219007?v=4', 'gravatar_id': '', 'url': 'https://api.github.com/users/nikithauc', 'html_url': 'https://github.com/nikithauc', 'followers_url': 'https://api.github.com/users/nikithauc/followers', 'following_url': 'https://api.github.com/users/nikithauc/following{/other_user}', 'gists_url': 'https://api.github.com/users/nikithauc/gists{/gist_id}', 'starred_url': 'https://api.github.com/users/nikithauc/starred{/owner}{/repo}', 'subscriptions_url': 'https://api.github.com/users/nikithauc/subscriptions', 'organizations_url': 'https://api.github.com/users/nikithauc/orgs', 'repos_url': 'https://api.github.com/users/nikithauc/repos', 'events_url': 'https://api.github.com/users/nikithauc/events{/privacy}', 'received_events_url': 'https://api.github.com/users/nikithauc/received_events', 'type': 'User', 'site_admin': False}], 'requested_teams': [], 'labels': [{'id': 2333584516, 'node_id': 'MDU6TGFiZWwyMzMzNTg0NTE2', 'url': 'https://api.github.com/repos/microsoftgraph/msgraph-beta-sdk-java/labels/generated', 'name': 'generated', 'color': 'ededed', 'default': False, 'description': ''}], 'milestone': None, 'draft': False, 'commits_url': 'https://api.github.com/repos/microsoftgraph/msgraph-beta-sdk-java/pulls/244/commits', 'review_comments_url': 'https://api.github.com/repos/microsoftgraph/msgraph-beta-sdk-java/pulls/244/comments', 'review_comment_url': 'https://api.github.com/repos/microsoftgraph/msgraph-beta-sdk-java/pulls/comments{/number}', 'comments_url': 'https://api.github.com/repos/microsoftgraph/msgraph-beta-sdk-java/issues/244/comments', 'statuses_url': 'https://api.github.com/repos/microsoftgraph/msgraph-beta-sdk-java/statuses/776a1e4d86641f0f189e525ea67acc47c7b3c334', 'head': {'label': 'microsoftgraph:beta/pipelinebuild/65252', 'ref': 'beta/pipelinebuild/65252', 'sha': '776a1e4d86641f0f189e525ea67acc47c7b3c334', 'user': {'login': 'microsoftgraph', 'id': 17304259, 'node_id': 'MDEyOk9yZ2FuaXphdGlvbjE3MzA0MjU5', 'avatar_url': 'https://avatars.githubusercontent.com/u/17304259?v=4', 'gravatar_id': '', 'url': 'https://api.github.com/users/microsoftgraph', 'html_url': 'https://github.com/microsoftgraph', 'followers_url': 'https://api.github.com/users/microsoftgraph/followers', 'following_url': 'https://api.github.com/users/microsoftgraph/following{/other_user}', 'gists_url': 'https://api.github.com/users/microsoftgraph/gists{/gist_id}', 'starred_url': 'https://api.github.com/users/microsoftgraph/starred{/owner}{/repo}', 'subscriptions_url': 'https://api.github.com/users/microsoftgraph/subscriptions', 'organizations_url': 'https://api.github.com/users/microsoftgraph/orgs', 'repos_url': 'https://api.github.com/users/microsoftgraph/repos', 'events_url': 'https://api.github.com/users/microsoftgraph/events{/privacy}', 'received_events_url': 'https://api.github.com/users/microsoftgraph/received_events', 'type': 'Organization', 'site_admin': False}, 'repo': {'id': 204568878, 'node_id': 'MDEwOlJlcG9zaXRvcnkyMDQ1Njg4Nzg=', 'name': 'msgraph-beta-sdk-java', 'full_name': 'microsoftgraph/msgraph-beta-sdk-java', 'private': False, 'owner': {'login': 'microsoftgraph', 'id': 17304259, 'node_id': 'MDEyOk9yZ2FuaXphdGlvbjE3MzA0MjU5', 'avatar_url': 'https://avatars.githubusercontent.com/u/17304259?v=4', 'gravatar_id': '', 'url': 'https://api.github.com/users/microsoftgraph', 'html_url': 'https://github.com/microsoftgraph', 'followers_url': 'https://api.github.com/users/microsoftgraph/followers', 'following_url': 'https://api.github.com/users/microsoftgraph/following{/other_user}', 'gists_url': 'https://api.github.com/users/microsoftgraph/gists{/gist_id}', 'starred_url': 'https://api.github.com/users/microsoftgraph/starred{/owner}{/repo}', 'subscriptions_url': 'https://api.github.com/users/microsoftgraph/subscriptions', 'organizations_url': 'https://api.github.com/users/microsoftgraph/orgs', 'repos_url': 'https://api.github.com/users/microsoftgraph/repos', 'events_url': 'https://api.github.com/users/microsoftgraph/events{/privacy}', 'received_events_url': 'https://api.github.com/users/microsoftgraph/received_events', 'type': 'Organization', 'site_admin': False}, 'html_url': 'https://github.com/microsoftgraph/msgraph-beta-sdk-java', 'description': 'Microsoft Graph Beta Java SDK', 'fork': False, 'url': 'https://api.github.com/repos/microsoftgraph/msgraph-beta-sdk-java', 'forks_url': 'https://api.github.com/repos/microsoftgraph/msgraph-beta-sdk-java/forks', 'keys_url': 'https://api.github.com/repos/microsoftgraph/msgraph-beta-sdk-java/keys{/key_id}', 'collaborators_url': 'https://api.github.com/repos/microsoftgraph/msgraph-beta-sdk-java/collaborators{/collaborator}', 'teams_url': 'https://api.github.com/repos/microsoftgraph/msgraph-beta-sdk-java/teams', 'hooks_url': 'https://api.github.com/repos/microsoftgraph/msgraph-beta-sdk-java/hooks', 'issue_events_url': 'https://api.github.com/repos/microsoftgraph/msgraph-beta-sdk-java/issues/events{/number}', 'events_url': 'https://api.github.com/repos/microsoftgraph/msgraph-beta-sdk-java/events', 'assignees_url': 'https://api.github.com/repos/microsoftgraph/msgraph-beta-sdk-java/assignees{/user}', 'branches_url': 'https://api.github.com/repos/microsoftgraph/msgraph-beta-sdk-java/branches{/branch}', 'tags_url': 'https://api.github.com/repos/microsoftgraph/msgraph-beta-sdk-java/tags', 'blobs_url': 'https://api.github.com/repos/microsoftgraph/msgraph-beta-sdk-java/git/blobs{/sha}', 'git_tags_url': 'https://api.github.com/repos/microsoftgraph/msgraph-beta-sdk-java/git/tags{/sha}', 'git_refs_url': 'https://api.github.com/repos/microsoftgraph/msgraph-beta-sdk-java/git/refs{/sha}', 'trees_url': 'https://api.github.com/repos/microsoftgraph/msgraph-beta-sdk-java/git/trees{/sha}', 'statuses_url': 'https://api.github.com/repos/microsoftgraph/msgraph-beta-sdk-java/statuses/{sha}', 'languages_url': 'https://api.github.com/repos/microsoftgraph/msgraph-beta-sdk-java/languages', 'stargazers_url': 'https://api.github.com/repos/microsoftgraph/msgraph-beta-sdk-java/stargazers', 'contributors_url': 'https://api.github.com/repos/microsoftgraph/msgraph-beta-sdk-java/contributors', 'subscribers_url': 'https://api.github.com/repos/microsoftgraph/msgraph-beta-sdk-java/subscribers', 'subscription_url': 'https://api.github.com/repos/microsoftgraph/msgraph-beta-sdk-java/subscription', 'commits_url': 'https://api.github.com/repos/microsoftgraph/msgraph-beta-sdk-java/commits{/sha}', 'git_commits_url': 'https://api.github.com/repos/microsoftgraph/msgraph-beta-sdk-java/git/commits{/sha}', 'comments_url': 'https://api.github.com/repos/microsoftgraph/msgraph-beta-sdk-java/comments{/number}', 'issue_comment_url': 'https://api.github.com/repos/microsoftgraph/msgraph-beta-sdk-java/issues/comments{/number}', 'contents_url': 'https://api.github.com/repos/microsoftgraph/msgraph-beta-sdk-java/contents/{+path}', 'compare_url': 'https://api.github.com/repos/microsoftgraph/msgraph-beta-sdk-java/compare/{base}...{head}', 'merges_url': 'https://api.github.com/repos/microsoftgraph/msgraph-beta-sdk-java/merges', 'archive_url': 'https://api.github.com/repos/microsoftgraph/msgraph-beta-sdk-java/{archive_format}{/ref}', 'downloads_url': 'https://api.github.com/repos/microsoftgraph/msgraph-beta-sdk-java/downloads', 'issues_url': 'https://api.github.com/repos/microsoftgraph/msgraph-beta-sdk-java/issues{/number}', 'pulls_url': 'https://api.github.com/repos/microsoftgraph/msgraph-beta-sdk-java/pulls{/number}', 'milestones_url': 'https://api.github.com/repos/microsoftgraph/msgraph-beta-sdk-java/milestones{/number}', 'notifications_url': 'https://api.github.com/repos/microsoftgraph/msgraph-beta-sdk-java/notifications{?since,all,participating}', 'labels_url': 'https://api.github.com/repos/microsoftgraph/msgraph-beta-sdk-java/labels{/name}', 'releases_url': 'https://api.github.com/repos/microsoftgraph/msgraph-beta-sdk-java/releases{/id}', 'deployments_url': 'https://api.github.com/repos/microsoftgraph/msgraph-beta-sdk-java/deployments', 'created_at': '2019-08-26T21:59:24Z', 'updated_at': '2022-01-06T17:44:15Z', 'pushed_at': '2022-02-03T19:34:21Z', 'git_url': 'git://github.com/microsoftgraph/msgraph-beta-sdk-java.git', 'ssh_url': 'git@github.com:microsoftgraph/msgraph-beta-sdk-java.git', 'clone_url': 'https://github.com/microsoftgraph/msgraph-beta-sdk-java.git', 'svn_url': 'https://github.com/microsoftgraph/msgraph-beta-sdk-java', 'homepage': 'https://docs.microsoft.com/en-us/graph/sdks/use-beta?tabs=Java', 'size': 49998, 'stargazers_count': 7, 'watchers_count': 7, 'language': 'Java', 'has_issues': True, 'has_projects': True, 'has_downloads': True, 'has_wiki': False, 'has_pages': False, 'forks_count': 4, 'mirror_url': None, 'archived': False, 'disabled': False, 'open_issues_count': 2, 'license': {'key': 'mit', 'name': 'MIT License', 'spdx_id': 'MIT', 'url': 'https://api.github.com/licenses/mit', 'node_id': 'MDc6TGljZW5zZTEz'}, 'allow_forking': True, 'is_template': False, 'topics': ['java', 'microsoft-graph', 'sdk'], 'visibility': 'public', 'forks': 4, 'open_issues': 2, 'watchers': 7, 'default_branch': 'dev'}}, 'base': {'label': 'microsoftgraph:dev', 'ref': 'dev', 'sha': '905749a67cab3a83b503c20170cff308dd947791', 'user': {'login': 'microsoftgraph', 'id': 17304259, 'node_id': 'MDEyOk9yZ2FuaXphdGlvbjE3MzA0MjU5', 'avatar_url': 'https://avatars.githubusercontent.com/u/17304259?v=4', 'gravatar_id': '', 'url': 'https://api.github.com/users/microsoftgraph', 'html_url': 'https://github.com/microsoftgraph', 'followers_url': 'https://api.github.com/users/microsoftgraph/followers', 'following_url': 'https://api.github.com/users/microsoftgraph/following{/other_user}', 'gists_url': 'https://api.github.com/users/microsoftgraph/gists{/gist_id}', 'starred_url': 'https://api.github.com/users/microsoftgraph/starred{/owner}{/repo}', 'subscriptions_url': 'https://api.github.com/users/microsoftgraph/subscriptions', 'organizations_url': 'https://api.github.com/users/microsoftgraph/orgs', 'repos_url': 'https://api.github.com/users/microsoftgraph/repos', 'events_url': 'https://api.github.com/users/microsoftgraph/events{/privacy}', 'received_events_url': 'https://api.github.com/users/microsoftgraph/received_events', 'type': 'Organization', 'site_admin': False}, 'repo': {'id': 204568878, 'node_id': 'MDEwOlJlcG9zaXRvcnkyMDQ1Njg4Nzg=', 'name': 'msgraph-beta-sdk-java', 'full_name': 'microsoftgraph/msgraph-beta-sdk-java', 'private': False, 'owner': {'login': 'microsoftgraph', 'id': 17304259, 'node_id': 'MDEyOk9yZ2FuaXphdGlvbjE3MzA0MjU5', 'avatar_url': 'https://avatars.githubusercontent.com/u/17304259?v=4', 'gravatar_id': '', 'url': 'https://api.github.com/users/microsoftgraph', 'html_url': 'https://github.com/microsoftgraph', 'followers_url': 'https://api.github.com/users/microsoftgraph/followers', 'following_url': 'https://api.github.com/users/microsoftgraph/following{/other_user}', 'gists_url': 'https://api.github.com/users/microsoftgraph/gists{/gist_id}', 'starred_url': 'https://api.github.com/users/microsoftgraph/starred{/owner}{/repo}', 'subscriptions_url': 'https://api.github.com/users/microsoftgraph/subscriptions', 'organizations_url': 'https://api.github.com/users/microsoftgraph/orgs', 'repos_url': 'https://api.github.com/users/microsoftgraph/repos', 'events_url': 'https://api.github.com/users/microsoftgraph/events{/privacy}', 'received_events_url': 'https://api.github.com/users/microsoftgraph/received_events', 'type': 'Organization', 'site_admin': False}, 'html_url': 'https://github.com/microsoftgraph/msgraph-beta-sdk-java', 'description': 'Microsoft Graph Beta Java SDK', 'fork': False, 'url': 'https://api.github.com/repos/microsoftgraph/msgraph-beta-sdk-java', 'forks_url': 'https://api.github.com/repos/microsoftgraph/msgraph-beta-sdk-java/forks', 'keys_url': 'https://api.github.com/repos/microsoftgraph/msgraph-beta-sdk-java/keys{/key_id}', 'collaborators_url': 'https://api.github.com/repos/microsoftgraph/msgraph-beta-sdk-java/collaborators{/collaborator}', 'teams_url': 'https://api.github.com/repos/microsoftgraph/msgraph-beta-sdk-java/teams', 'hooks_url': 'https://api.github.com/repos/microsoftgraph/msgraph-beta-sdk-java/hooks', 'issue_events_url': 'https://api.github.com/repos/microsoftgraph/msgraph-beta-sdk-java/issues/events{/number}', 'events_url': 'https://api.github.com/repos/microsoftgraph/msgraph-beta-sdk-java/events', 'assignees_url': 'https://api.github.com/repos/microsoftgraph/msgraph-beta-sdk-java/assignees{/user}', 'branches_url': 'https://api.github.com/repos/microsoftgraph/msgraph-beta-sdk-java/branches{/branch}', 'tags_url': 'https://api.github.com/repos/microsoftgraph/msgraph-beta-sdk-java/tags', 'blobs_url': 'https://api.github.com/repos/microsoftgraph/msgraph-beta-sdk-java/git/blobs{/sha}', 'git_tags_url': 'https://api.github.com/repos/microsoftgraph/msgraph-beta-sdk-java/git/tags{/sha}', 'git_refs_url': 'https://api.github.com/repos/microsoftgraph/msgraph-beta-sdk-java/git/refs{/sha}', 'trees_url': 'https://api.github.com/repos/microsoftgraph/msgraph-beta-sdk-java/git/trees{/sha}', 'statuses_url': 'https://api.github.com/repos/microsoftgraph/msgraph-beta-sdk-java/statuses/{sha}', 'languages_url': 'https://api.github.com/repos/microsoftgraph/msgraph-beta-sdk-java/languages', 'stargazers_url': 'https://api.github.com/repos/microsoftgraph/msgraph-beta-sdk-java/stargazers', 'contributors_url': 'https://api.github.com/repos/microsoftgraph/msgraph-beta-sdk-java/contributors', 'subscribers_url': 'https://api.github.com/repos/microsoftgraph/msgraph-beta-sdk-java/subscribers', 'subscription_url': 'https://api.github.com/repos/microsoftgraph/msgraph-beta-sdk-java/subscription', 'commits_url': 'https://api.github.com/repos/microsoftgraph/msgraph-beta-sdk-java/commits{/sha}', 'git_commits_url': 'https://api.github.com/repos/microsoftgraph/msgraph-beta-sdk-java/git/commits{/sha}', 'comments_url': 'https://api.github.com/repos/microsoftgraph/msgraph-beta-sdk-java/comments{/number}', 'issue_comment_url': 'https://api.github.com/repos/microsoftgraph/msgraph-beta-sdk-java/issues/comments{/number}', 'contents_url': 'https://api.github.com/repos/microsoftgraph/msgraph-beta-sdk-java/contents/{+path}', 'compare_url': 'https://api.github.com/repos/microsoftgraph/msgraph-beta-sdk-java/compare/{base}...{head}', 'merges_url': 'https://api.github.com/repos/microsoftgraph/msgraph-beta-sdk-java/merges', 'archive_url': 'https://api.github.com/repos/microsoftgraph/msgraph-beta-sdk-java/{archive_format}{/ref}', 'downloads_url': 'https://api.github.com/repos/microsoftgraph/msgraph-beta-sdk-java/downloads', 'issues_url': 'https://api.github.com/repos/microsoftgraph/msgraph-beta-sdk-java/issues{/number}', 'pulls_url': 'https://api.github.com/repos/microsoftgraph/msgraph-beta-sdk-java/pulls{/number}', 'milestones_url': 'https://api.github.com/repos/microsoftgraph/msgraph-beta-sdk-java/milestones{/number}', 'notifications_url': 'https://api.github.com/repos/microsoftgraph/msgraph-beta-sdk-java/notifications{?since,all,participating}', 'labels_url': 'https://api.github.com/repos/microsoftgraph/msgraph-beta-sdk-java/labels{/name}', 'releases_url': 'https://api.github.com/repos/microsoftgraph/msgraph-beta-sdk-java/releases{/id}', 'deployments_url': 'https://api.github.com/repos/microsoftgraph/msgraph-beta-sdk-java/deployments', 'created_at': '2019-08-26T21:59:24Z', 'updated_at': '2022-01-06T17:44:15Z', 'pushed_at': '2022-02-03T19:34:21Z', 'git_url': 'git://github.com/microsoftgraph/msgraph-beta-sdk-java.git', 'ssh_url': 'git@github.com:microsoftgraph/msgraph-beta-sdk-java.git', 'clone_url': 'https://github.com/microsoftgraph/msgraph-beta-sdk-java.git', 'svn_url': 'https://github.com/microsoftgraph/msgraph-beta-sdk-java', 'homepage': 'https://docs.microsoft.com/en-us/graph/sdks/use-beta?tabs=Java', 'size': 49998, 'stargazers_count': 7, 'watchers_count': 7, 'language': 'Java', 'has_issues': True, 'has_projects': True, 'has_downloads': True, 'has_wiki': False, 'has_pages': False, 'forks_count': 4, 'mirror_url': None, 'archived': False, 'disabled': False, 'open_issues_count': 2, 'license': {'key': 'mit', 'name': 'MIT License', 'spdx_id': 'MIT', 'url': 'https://api.github.com/licenses/mit', 'node_id': 'MDc6TGljZW5zZTEz'}, 'allow_forking': True, 'is_template': False, 'topics': ['java', 'microsoft-graph', 'sdk'], 'visibility': 'public', 'forks': 4, 'open_issues': 2, 'watchers': 7, 'default_branch': 'dev'}}, '_links': {'self': {'href': 'https://api.github.com/repos/microsoftgraph/msgraph-beta-sdk-java/pulls/244'}, 'html': {'href': 'https://github.com/microsoftgraph/msgraph-beta-sdk-java/pull/244'}, 'issue': {'href': 'https://api.github.com/repos/microsoftgraph/msgraph-beta-sdk-java/issues/244'}, 'comments': {'href': 'https://api.github.com/repos/microsoftgraph/msgraph-beta-sdk-java/issues/244/comments'}, 'review_comments': {'href': 'https://api.github.com/repos/microsoftgraph/msgraph-beta-sdk-java/pulls/244/comments'}, 'review_comment': {'href': 'https://api.github.com/repos/microsoftgraph/msgraph-beta-sdk-java/pulls/comments{/number}'}, 'commits': {'href': 'https://api.github.com/repos/microsoftgraph/msgraph-beta-sdk-java/pulls/244/commits'}, 'statuses': {'href': 'https://api.github.com/repos/microsoftgraph/msgraph-beta-sdk-java/statuses/776a1e4d86641f0f189e525ea67acc47c7b3c334'}}, 'author_association': 'CONTRIBUTOR', 'auto_merge': None, 'active_lock_reason': None, 'merged': True, 'mergeable': None, 'rebaseable': None, 'mergeable_state': 'unknown', 'merged_by': {'login': 'ramsessanchez', 'id': 63934382, 'node_id': 'MDQ6VXNlcjYzOTM0Mzgy', 'avatar_url': 'https://avatars.githubusercontent.com/u/63934382?v=4', 'gravatar_id': '', 'url': 'https://api.github.com/users/ramsessanchez', 'html_url': 'https://github.com/ramsessanchez', 'followers_url': 'https://api.github.com/users/ramsessanchez/followers', 'following_url': 'https://api.github.com/users/ramsessanchez/following{/other_user}', 'gists_url': 'https://api.github.com/users/ramsessanchez/gists{/gist_id}', 'starred_url': 'https://api.github.com/users/ramsessanchez/starred{/owner}{/repo}', 'subscriptions_url': 'https://api.github.com/users/ramsessanchez/subscriptions', 'organizations_url': 'https://api.github.com/users/ramsessanchez/orgs', 'repos_url': 'https://api.github.com/users/ramsessanchez/repos', 'events_url': 'https://api.github.com/users/ramsessanchez/events{/privacy}', 'received_events_url': 'https://api.github.com/users/ramsessanchez/received_events', 'type': 'User', 'site_admin': False}, 'comments': 0, 'review_comments': 0, 'maintainer_can_modify': False, 'commits': 2, 'additions': 4477, 'deletions': 390, 'changed_files': 136}}",closed,Java
20063865528,PushEvent,microsoftgraph/msgraph-beta-sdk-java,0.0,2022-02-03T19:12:17Z,"{'push_id': 9005879489, 'size': 1, 'distinct_size': 1, 'ref': 'refs/heads/beta/pipelinebuild/65252', 'head': '776a1e4d86641f0f189e525ea67acc47c7b3c334', 'before': 'be4ab3a9083b6f0bb2e9d1bc56eeca37677ddbd7', 'commits': [{'sha': '776a1e4d86641f0f189e525ea67acc47c7b3c334', 'author': {'email': '63934382+ramsessanchez@users.noreply.github.com', 'name': 'ramsessanchez'}, 'message': 'Update CHANGELOG.md', 'distinct': True, 'url': 'https://api.github.com/repos/microsoftgraph/msgraph-beta-sdk-java/commits/776a1e4d86641f0f189e525ea67acc47c7b3c334'}]}",,Java
20014189625,PullRequestEvent,microsoftgraph/msgraph-beta-sdk-java,0.0,2022-02-01T10:19:38Z,"{'action': 'opened', 'number': 244, 'pull_request': {'url': 'https://api.github.com/repos/microsoftgraph/msgraph-beta-sdk-java/pulls/244', 'id': 837046136, 'node_id': 'PR_kwDODDF5Ls4x5E94', 'html_url': 'https://github.com/microsoftgraph/msgraph-beta-sdk-java/pull/244', 'diff_url': 'https://github.com/microsoftgraph/msgraph-beta-sdk-java/pull/244.diff', 'patch_url': 'https://github.com/microsoftgraph/msgraph-beta-sdk-java/pull/244.patch', 'issue_url': 'https://api.github.com/repos/microsoftgraph/msgraph-beta-sdk-java/issues/244', 'number': 244, 'state': 'open', 'locked': False, 'title': 'Generated beta models and request builders using Typewriter', 'user': {'login': 'ramsessanchez', 'id': 63934382, 'node_id': 'MDQ6VXNlcjYzOTM0Mzgy', 'avatar_url': 'https://avatars.githubusercontent.com/u/63934382?v=4', 'gravatar_id': '', 'url': 'https://api.github.com/users/ramsessanchez', 'html_url': 'https://github.com/ramsessanchez', 'followers_url': 'https://api.github.com/users/ramsessanchez/followers', 'following_url': 'https://api.github.com/users/ramsessanchez/following{/other_user}', 'gists_url': 'https://api.github.com/users/ramsessanchez/gists{/gist_id}', 'starred_url': 'https://api.github.com/users/ramsessanchez/starred{/owner}{/repo}', 'subscriptions_url': 'https://api.github.com/users/ramsessanchez/subscriptions', 'organizations_url': 'https://api.github.com/users/ramsessanchez/orgs', 'repos_url': 'https://api.github.com/users/ramsessanchez/repos', 'events_url': 'https://api.github.com/users/ramsessanchez/events{/privacy}', 'received_events_url': 'https://api.github.com/users/ramsessanchez/received_events', 'type': 'User', 'site_admin': False}, 'body': 'This pull request was automatically created by the GitHub Action, **create pull request**. \n\n The commit hash is _be4ab3a9083b6f0bb2e9d1bc56eeca37677ddbd7_. \n\n **Important** Check for unexpected deletions or changes in this PR.', 'created_at': '2022-02-01T10:19:37Z', 'updated_at': '2022-02-01T10:19:37Z', 'closed_at': None, 'merged_at': None, 'merge_commit_sha': None, 'assignee': None, 'assignees': [], 'requested_reviewers': [], 'requested_teams': [], 'labels': [], 'milestone': None, 'draft': False, 'commits_url': 'https://api.github.com/repos/microsoftgraph/msgraph-beta-sdk-java/pulls/244/commits', 'review_comments_url': 'https://api.github.com/repos/microsoftgraph/msgraph-beta-sdk-java/pulls/244/comments', 'review_comment_url': 'https://api.github.com/repos/microsoftgraph/msgraph-beta-sdk-java/pulls/comments{/number}', 'comments_url': 'https://api.github.com/repos/microsoftgraph/msgraph-beta-sdk-java/issues/244/comments', 'statuses_url': 'https://api.github.com/repos/microsoftgraph/msgraph-beta-sdk-java/statuses/be4ab3a9083b6f0bb2e9d1bc56eeca37677ddbd7', 'head': {'label': 'microsoftgraph:beta/pipelinebuild/65252', 'ref': 'beta/pipelinebuild/65252', 'sha': 'be4ab3a9083b6f0bb2e9d1bc56eeca37677ddbd7', 'user': {'login': 'microsoftgraph', 'id': 17304259, 'node_id': 'MDEyOk9yZ2FuaXphdGlvbjE3MzA0MjU5', 'avatar_url': 'https://avatars.githubusercontent.com/u/17304259?v=4', 'gravatar_id': '', 'url': 'https://api.github.com/users/microsoftgraph', 'html_url': 'https://github.com/microsoftgraph', 'followers_url': 'https://api.github.com/users/microsoftgraph/followers', 'following_url': 'https://api.github.com/users/microsoftgraph/following{/other_user}', 'gists_url': 'https://api.github.com/users/microsoftgraph/gists{/gist_id}', 'starred_url': 'https://api.github.com/users/microsoftgraph/starred{/owner}{/repo}', 'subscriptions_url': 'https://api.github.com/users/microsoftgraph/subscriptions', 'organizations_url': 'https://api.github.com/users/microsoftgraph/orgs', 'repos_url': 'https://api.github.com/users/microsoftgraph/repos', 'events_url': 'https://api.github.com/users/microsoftgraph/events{/privacy}', 'received_events_url': 'https://api.github.com/users/microsoftgraph/received_events', 'type': 'Organization', 'site_admin': False}, 'repo': {'id': 204568878, 'node_id': 'MDEwOlJlcG9zaXRvcnkyMDQ1Njg4Nzg=', 'name': 'msgraph-beta-sdk-java', 'full_name': 'microsoftgraph/msgraph-beta-sdk-java', 'private': False, 'owner': {'login': 'microsoftgraph', 'id': 17304259, 'node_id': 'MDEyOk9yZ2FuaXphdGlvbjE3MzA0MjU5', 'avatar_url': 'https://avatars.githubusercontent.com/u/17304259?v=4', 'gravatar_id': '', 'url': 'https://api.github.com/users/microsoftgraph', 'html_url': 'https://github.com/microsoftgraph', 'followers_url': 'https://api.github.com/users/microsoftgraph/followers', 'following_url': 'https://api.github.com/users/microsoftgraph/following{/other_user}', 'gists_url': 'https://api.github.com/users/microsoftgraph/gists{/gist_id}', 'starred_url': 'https://api.github.com/users/microsoftgraph/starred{/owner}{/repo}', 'subscriptions_url': 'https://api.github.com/users/microsoftgraph/subscriptions', 'organizations_url': 'https://api.github.com/users/microsoftgraph/orgs', 'repos_url': 'https://api.github.com/users/microsoftgraph/repos', 'events_url': 'https://api.github.com/users/microsoftgraph/events{/privacy}', 'received_events_url': 'https://api.github.com/users/microsoftgraph/received_events', 'type': 'Organization', 'site_admin': False}, 'html_url': 'https://github.com/microsoftgraph/msgraph-beta-sdk-java', 'description': 'Microsoft Graph Beta Java SDK', 'fork': False, 'url': 'https://api.github.com/repos/microsoftgraph/msgraph-beta-sdk-java', 'forks_url': 'https://api.github.com/repos/microsoftgraph/msgraph-beta-sdk-java/forks', 'keys_url': 'https://api.github.com/repos/microsoftgraph/msgraph-beta-sdk-java/keys{/key_id}', 'collaborators_url': 'https://api.github.com/repos/microsoftgraph/msgraph-beta-sdk-java/collaborators{/collaborator}', 'teams_url': 'https://api.github.com/repos/microsoftgraph/msgraph-beta-sdk-java/teams', 'hooks_url': 'https://api.github.com/repos/microsoftgraph/msgraph-beta-sdk-java/hooks', 'issue_events_url': 'https://api.github.com/repos/microsoftgraph/msgraph-beta-sdk-java/issues/events{/number}', 'events_url': 'https://api.github.com/repos/microsoftgraph/msgraph-beta-sdk-java/events', 'assignees_url': 'https://api.github.com/repos/microsoftgraph/msgraph-beta-sdk-java/assignees{/user}', 'branches_url': 'https://api.github.com/repos/microsoftgraph/msgraph-beta-sdk-java/branches{/branch}', 'tags_url': 'https://api.github.com/repos/microsoftgraph/msgraph-beta-sdk-java/tags', 'blobs_url': 'https://api.github.com/repos/microsoftgraph/msgraph-beta-sdk-java/git/blobs{/sha}', 'git_tags_url': 'https://api.github.com/repos/microsoftgraph/msgraph-beta-sdk-java/git/tags{/sha}', 'git_refs_url': 'https://api.github.com/repos/microsoftgraph/msgraph-beta-sdk-java/git/refs{/sha}', 'trees_url': 'https://api.github.com/repos/microsoftgraph/msgraph-beta-sdk-java/git/trees{/sha}', 'statuses_url': 'https://api.github.com/repos/microsoftgraph/msgraph-beta-sdk-java/statuses/{sha}', 'languages_url': 'https://api.github.com/repos/microsoftgraph/msgraph-beta-sdk-java/languages', 'stargazers_url': 'https://api.github.com/repos/microsoftgraph/msgraph-beta-sdk-java/stargazers', 'contributors_url': 'https://api.github.com/repos/microsoftgraph/msgraph-beta-sdk-java/contributors', 'subscribers_url': 'https://api.github.com/repos/microsoftgraph/msgraph-beta-sdk-java/subscribers', 'subscription_url': 'https://api.github.com/repos/microsoftgraph/msgraph-beta-sdk-java/subscription', 'commits_url': 'https://api.github.com/repos/microsoftgraph/msgraph-beta-sdk-java/commits{/sha}', 'git_commits_url': 'https://api.github.com/repos/microsoftgraph/msgraph-beta-sdk-java/git/commits{/sha}', 'comments_url': 'https://api.github.com/repos/microsoftgraph/msgraph-beta-sdk-java/comments{/number}', 'issue_comment_url': 'https://api.github.com/repos/microsoftgraph/msgraph-beta-sdk-java/issues/comments{/number}', 'contents_url': 'https://api.github.com/repos/microsoftgraph/msgraph-beta-sdk-java/contents/{+path}', 'compare_url': 'https://api.github.com/repos/microsoftgraph/msgraph-beta-sdk-java/compare/{base}...{head}', 'merges_url': 'https://api.github.com/repos/microsoftgraph/msgraph-beta-sdk-java/merges', 'archive_url': 'https://api.github.com/repos/microsoftgraph/msgraph-beta-sdk-java/{archive_format}{/ref}', 'downloads_url': 'https://api.github.com/repos/microsoftgraph/msgraph-beta-sdk-java/downloads', 'issues_url': 'https://api.github.com/repos/microsoftgraph/msgraph-beta-sdk-java/issues{/number}', 'pulls_url': 'https://api.github.com/repos/microsoftgraph/msgraph-beta-sdk-java/pulls{/number}', 'milestones_url': 'https://api.github.com/repos/microsoftgraph/msgraph-beta-sdk-java/milestones{/number}', 'notifications_url': 'https://api.github.com/repos/microsoftgraph/msgraph-beta-sdk-java/notifications{?since,all,participating}', 'labels_url': 'https://api.github.com/repos/microsoftgraph/msgraph-beta-sdk-java/labels{/name}', 'releases_url': 'https://api.github.com/repos/microsoftgraph/msgraph-beta-sdk-java/releases{/id}', 'deployments_url': 'https://api.github.com/repos/microsoftgraph/msgraph-beta-sdk-java/deployments', 'created_at': '2019-08-26T21:59:24Z', 'updated_at': '2022-01-06T17:44:15Z', 'pushed_at': '2022-02-01T10:19:21Z', 'git_url': 'git://github.com/microsoftgraph/msgraph-beta-sdk-java.git', 'ssh_url': 'git@github.com:microsoftgraph/msgraph-beta-sdk-java.git', 'clone_url': 'https://github.com/microsoftgraph/msgraph-beta-sdk-java.git', 'svn_url': 'https://github.com/microsoftgraph/msgraph-beta-sdk-java', 'homepage': 'https://docs.microsoft.com/en-us/graph/sdks/use-beta?tabs=Java', 'size': 49930, 'stargazers_count': 7, 'watchers_count': 7, 'language': 'Java', 'has_issues': True, 'has_projects': True, 'has_downloads': True, 'has_wiki': False, 'has_pages': False, 'forks_count': 4, 'mirror_url': None, 'archived': False, 'disabled': False, 'open_issues_count': 3, 'license': {'key': 'mit', 'name': 'MIT License', 'spdx_id': 'MIT', 'url': 'https://api.github.com/licenses/mit', 'node_id': 'MDc6TGljZW5zZTEz'}, 'allow_forking': True, 'is_template': False, 'topics': ['java', 'microsoft-graph', 'sdk'], 'visibility': 'public', 'forks': 4, 'open_issues': 3, 'watchers': 7, 'default_branch': 'dev'}}, 'base': {'label': 'microsoftgraph:dev', 'ref': 'dev', 'sha': '905749a67cab3a83b503c20170cff308dd947791', 'user': {'login': 'microsoftgraph', 'id': 17304259, 'node_id': 'MDEyOk9yZ2FuaXphdGlvbjE3MzA0MjU5', 'avatar_url': 'https://avatars.githubusercontent.com/u/17304259?v=4', 'gravatar_id': '', 'url': 'https://api.github.com/users/microsoftgraph', 'html_url': 'https://github.com/microsoftgraph', 'followers_url': 'https://api.github.com/users/microsoftgraph/followers', 'following_url': 'https://api.github.com/users/microsoftgraph/following{/other_user}', 'gists_url': 'https://api.github.com/users/microsoftgraph/gists{/gist_id}', 'starred_url': 'https://api.github.com/users/microsoftgraph/starred{/owner}{/repo}', 'subscriptions_url': 'https://api.github.com/users/microsoftgraph/subscriptions', 'organizations_url': 'https://api.github.com/users/microsoftgraph/orgs', 'repos_url': 'https://api.github.com/users/microsoftgraph/repos', 'events_url': 'https://api.github.com/users/microsoftgraph/events{/privacy}', 'received_events_url': 'https://api.github.com/users/microsoftgraph/received_events', 'type': 'Organization', 'site_admin': False}, 'repo': {'id': 204568878, 'node_id': 'MDEwOlJlcG9zaXRvcnkyMDQ1Njg4Nzg=', 'name': 'msgraph-beta-sdk-java', 'full_name': 'microsoftgraph/msgraph-beta-sdk-java', 'private': False, 'owner': {'login': 'microsoftgraph', 'id': 17304259, 'node_id': 'MDEyOk9yZ2FuaXphdGlvbjE3MzA0MjU5', 'avatar_url': 'https://avatars.githubusercontent.com/u/17304259?v=4', 'gravatar_id': '', 'url': 'https://api.github.com/users/microsoftgraph', 'html_url': 'https://github.com/microsoftgraph', 'followers_url': 'https://api.github.com/users/microsoftgraph/followers', 'following_url': 'https://api.github.com/users/microsoftgraph/following{/other_user}', 'gists_url': 'https://api.github.com/users/microsoftgraph/gists{/gist_id}', 'starred_url': 'https://api.github.com/users/microsoftgraph/starred{/owner}{/repo}', 'subscriptions_url': 'https://api.github.com/users/microsoftgraph/subscriptions', 'organizations_url': 'https://api.github.com/users/microsoftgraph/orgs', 'repos_url': 'https://api.github.com/users/microsoftgraph/repos', 'events_url': 'https://api.github.com/users/microsoftgraph/events{/privacy}', 'received_events_url': 'https://api.github.com/users/microsoftgraph/received_events', 'type': 'Organization', 'site_admin': False}, 'html_url': 'https://github.com/microsoftgraph/msgraph-beta-sdk-java', 'description': 'Microsoft Graph Beta Java SDK', 'fork': False, 'url': 'https://api.github.com/repos/microsoftgraph/msgraph-beta-sdk-java', 'forks_url': 'https://api.github.com/repos/microsoftgraph/msgraph-beta-sdk-java/forks', 'keys_url': 'https://api.github.com/repos/microsoftgraph/msgraph-beta-sdk-java/keys{/key_id}', 'collaborators_url': 'https://api.github.com/repos/microsoftgraph/msgraph-beta-sdk-java/collaborators{/collaborator}', 'teams_url': 'https://api.github.com/repos/microsoftgraph/msgraph-beta-sdk-java/teams', 'hooks_url': 'https://api.github.com/repos/microsoftgraph/msgraph-beta-sdk-java/hooks', 'issue_events_url': 'https://api.github.com/repos/microsoftgraph/msgraph-beta-sdk-java/issues/events{/number}', 'events_url': 'https://api.github.com/repos/microsoftgraph/msgraph-beta-sdk-java/events', 'assignees_url': 'https://api.github.com/repos/microsoftgraph/msgraph-beta-sdk-java/assignees{/user}', 'branches_url': 'https://api.github.com/repos/microsoftgraph/msgraph-beta-sdk-java/branches{/branch}', 'tags_url': 'https://api.github.com/repos/microsoftgraph/msgraph-beta-sdk-java/tags', 'blobs_url': 'https://api.github.com/repos/microsoftgraph/msgraph-beta-sdk-java/git/blobs{/sha}', 'git_tags_url': 'https://api.github.com/repos/microsoftgraph/msgraph-beta-sdk-java/git/tags{/sha}', 'git_refs_url': 'https://api.github.com/repos/microsoftgraph/msgraph-beta-sdk-java/git/refs{/sha}', 'trees_url': 'https://api.github.com/repos/microsoftgraph/msgraph-beta-sdk-java/git/trees{/sha}', 'statuses_url': 'https://api.github.com/repos/microsoftgraph/msgraph-beta-sdk-java/statuses/{sha}', 'languages_url': 'https://api.github.com/repos/microsoftgraph/msgraph-beta-sdk-java/languages', 'stargazers_url': 'https://api.github.com/repos/microsoftgraph/msgraph-beta-sdk-java/stargazers', 'contributors_url': 'https://api.github.com/repos/microsoftgraph/msgraph-beta-sdk-java/contributors', 'subscribers_url': 'https://api.github.com/repos/microsoftgraph/msgraph-beta-sdk-java/subscribers', 'subscription_url': 'https://api.github.com/repos/microsoftgraph/msgraph-beta-sdk-java/subscription', 'commits_url': 'https://api.github.com/repos/microsoftgraph/msgraph-beta-sdk-java/commits{/sha}', 'git_commits_url': 'https://api.github.com/repos/microsoftgraph/msgraph-beta-sdk-java/git/commits{/sha}', 'comments_url': 'https://api.github.com/repos/microsoftgraph/msgraph-beta-sdk-java/comments{/number}', 'issue_comment_url': 'https://api.github.com/repos/microsoftgraph/msgraph-beta-sdk-java/issues/comments{/number}', 'contents_url': 'https://api.github.com/repos/microsoftgraph/msgraph-beta-sdk-java/contents/{+path}', 'compare_url': 'https://api.github.com/repos/microsoftgraph/msgraph-beta-sdk-java/compare/{base}...{head}', 'merges_url': 'https://api.github.com/repos/microsoftgraph/msgraph-beta-sdk-java/merges', 'archive_url': 'https://api.github.com/repos/microsoftgraph/msgraph-beta-sdk-java/{archive_format}{/ref}', 'downloads_url': 'https://api.github.com/repos/microsoftgraph/msgraph-beta-sdk-java/downloads', 'issues_url': 'https://api.github.com/repos/microsoftgraph/msgraph-beta-sdk-java/issues{/number}', 'pulls_url': 'https://api.github.com/repos/microsoftgraph/msgraph-beta-sdk-java/pulls{/number}', 'milestones_url': 'https://api.github.com/repos/microsoftgraph/msgraph-beta-sdk-java/milestones{/number}', 'notifications_url': 'https://api.github.com/repos/microsoftgraph/msgraph-beta-sdk-java/notifications{?since,all,participating}', 'labels_url': 'https://api.github.com/repos/microsoftgraph/msgraph-beta-sdk-java/labels{/name}', 'releases_url': 'https://api.github.com/repos/microsoftgraph/msgraph-beta-sdk-java/releases{/id}', 'deployments_url': 'https://api.github.com/repos/microsoftgraph/msgraph-beta-sdk-java/deployments', 'created_at': '2019-08-26T21:59:24Z', 'updated_at': '2022-01-06T17:44:15Z', 'pushed_at': '2022-02-01T10:19:21Z', 'git_url': 'git://github.com/microsoftgraph/msgraph-beta-sdk-java.git', 'ssh_url': 'git@github.com:microsoftgraph/msgraph-beta-sdk-java.git', 'clone_url': 'https://github.com/microsoftgraph/msgraph-beta-sdk-java.git', 'svn_url': 'https://github.com/microsoftgraph/msgraph-beta-sdk-java', 'homepage': 'https://docs.microsoft.com/en-us/graph/sdks/use-beta?tabs=Java', 'size': 49930, 'stargazers_count': 7, 'watchers_count': 7, 'language': 'Java', 'has_issues': True, 'has_projects': True, 'has_downloads': True, 'has_wiki': False, 'has_pages': False, 'forks_count': 4, 'mirror_url': None, 'archived': False, 'disabled': False, 'open_issues_count': 3, 'license': {'key': 'mit', 'name': 'MIT License', 'spdx_id': 'MIT', 'url': 'https://api.github.com/licenses/mit', 'node_id': 'MDc6TGljZW5zZTEz'}, 'allow_forking': True, 'is_template': False, 'topics': ['java', 'microsoft-graph', 'sdk'], 'visibility': 'public', 'forks': 4, 'open_issues': 3, 'watchers': 7, 'default_branch': 'dev'}}, '_links': {'self': {'href': 'https://api.github.com/repos/microsoftgraph/msgraph-beta-sdk-java/pulls/244'}, 'html': {'href': 'https://github.com/microsoftgraph/msgraph-beta-sdk-java/pull/244'}, 'issue': {'href': 'https://api.github.com/repos/microsoftgraph/msgraph-beta-sdk-java/issues/244'}, 'comments': {'href': 'https://api.github.com/repos/microsoftgraph/msgraph-beta-sdk-java/issues/244/comments'}, 'review_comments': {'href': 'https://api.github.com/repos/microsoftgraph/msgraph-beta-sdk-java/pulls/244/comments'}, 'review_comment': {'href': 'https://api.github.com/repos/microsoftgraph/msgraph-beta-sdk-java/pulls/comments{/number}'}, 'commits': {'href': 'https://api.github.com/repos/microsoftgraph/msgraph-beta-sdk-java/pulls/244/commits'}, 'statuses': {'href': 'https://api.github.com/repos/microsoftgraph/msgraph-beta-sdk-java/statuses/be4ab3a9083b6f0bb2e9d1bc56eeca37677ddbd7'}}, 'author_association': 'CONTRIBUTOR', 'auto_merge': None, 'active_lock_reason': None, 'merged': False, 'mergeable': None, 'rebaseable': None, 'mergeable_state': 'unknown', 'merged_by': None, 'comments': 0, 'review_comments': 0, 'maintainer_can_modify': False, 'commits': 1, 'additions': 4465, 'deletions': 390, 'changed_files': 135}}",opened,Java
20013982182,PullRequestEvent,microsoftgraph/msgraph-sdk-java,0.0,2022-02-01T10:07:42Z,"{'action': 'opened', 'number': 992, 'pull_request': {'url': 'https://api.github.com/repos/microsoftgraph/msgraph-sdk-java/pulls/992', 'id': 837034612, 'node_id': 'PR_kwDOBig9Oc4x5CJ0', 'html_url': 'https://github.com/microsoftgraph/msgraph-sdk-java/pull/992', 'diff_url': 'https://github.com/microsoftgraph/msgraph-sdk-java/pull/992.diff', 'patch_url': 'https://github.com/microsoftgraph/msgraph-sdk-java/pull/992.patch', 'issue_url': 'https://api.github.com/repos/microsoftgraph/msgraph-sdk-java/issues/992', 'number': 992, 'state': 'open', 'locked': False, 'title': 'Generated v1.0 models and request builders using Typewriter', 'user': {'login': 'ramsessanchez', 'id': 63934382, 'node_id': 'MDQ6VXNlcjYzOTM0Mzgy', 'avatar_url': 'https://avatars.githubusercontent.com/u/63934382?v=4', 'gravatar_id': '', 'url': 'https://api.github.com/users/ramsessanchez', 'html_url': 'https://github.com/ramsessanchez', 'followers_url': 'https://api.github.com/users/ramsessanchez/followers', 'following_url': 'https://api.github.com/users/ramsessanchez/following{/other_user}', 'gists_url': 'https://api.github.com/users/ramsessanchez/gists{/gist_id}', 'starred_url': 'https://api.github.com/users/ramsessanchez/starred{/owner}{/repo}', 'subscriptions_url': 'https://api.github.com/users/ramsessanchez/subscriptions', 'organizations_url': 'https://api.github.com/users/ramsessanchez/orgs', 'repos_url': 'https://api.github.com/users/ramsessanchez/repos', 'events_url': 'https://api.github.com/users/ramsessanchez/events{/privacy}', 'received_events_url': 'https://api.github.com/users/ramsessanchez/received_events', 'type': 'User', 'site_admin': False}, 'body': 'This pull request was automatically created by the GitHub Action, **create pull request**. \n\n The commit hash is _3306a34c5e668e6755ca51fffa19da83183ebfe6_. \n\n **Important** Check for unexpected deletions or changes in this PR.', 'created_at': '2022-02-01T10:07:41Z', 'updated_at': '2022-02-01T10:07:42Z', 'closed_at': None, 'merged_at': None, 'merge_commit_sha': 'a4ac5ac806983bed35f2e3390bee5c046e42645b', 'assignee': None, 'assignees': [{'login': 'ramsessanchez', 'id': 63934382, 'node_id': 'MDQ6VXNlcjYzOTM0Mzgy', 'avatar_url': 'https://avatars.githubusercontent.com/u/63934382?v=4', 'gravatar_id': '', 'url': 'https://api.github.com/users/ramsessanchez', 'html_url': 'https://github.com/ramsessanchez', 'followers_url': 'https://api.github.com/users/ramsessanchez/followers', 'following_url': 'https://api.github.com/users/ramsessanchez/following{/other_user}', 'gists_url': 'https://api.github.com/users/ramsessanchez/gists{/gist_id}', 'starred_url': 'https://api.github.com/users/ramsessanchez/starred{/owner}{/repo}', 'subscriptions_url': 'https://api.github.com/users/ramsessanchez/subscriptions', 'organizations_url': 'https://api.github.com/users/ramsessanchez/orgs', 'repos_url': 'https://api.github.com/users/ramsessanchez/repos', 'events_url': 'https://api.github.com/users/ramsessanchez/events{/privacy}', 'received_events_url': 'https://api.github.com/users/ramsessanchez/received_events', 'type': 'User', 'site_admin': False}], 'requested_reviewers': [{'login': 'zengin', 'id': 803311, 'node_id': 'MDQ6VXNlcjgwMzMxMQ==', 'avatar_url': 'https://avatars.githubusercontent.com/u/803311?v=4', 'gravatar_id': '', 'url': 'https://api.github.com/users/zengin', 'html_url': 'https://github.com/zengin', 'followers_url': 'https://api.github.com/users/zengin/followers', 'following_url': 'https://api.github.com/users/zengin/following{/other_user}', 'gists_url': 'https://api.github.com/users/zengin/gists{/gist_id}', 'starred_url': 'https://api.github.com/users/zengin/starred{/owner}{/repo}', 'subscriptions_url': 'https://api.github.com/users/zengin/subscriptions', 'organizations_url': 'https://api.github.com/users/zengin/orgs', 'repos_url': 'https://api.github.com/users/zengin/repos', 'events_url': 'https://api.github.com/users/zengin/events{/privacy}', 'received_events_url': 'https://api.github.com/users/zengin/received_events', 'type': 'User', 'site_admin': False}, {'login': 'baywet', 'id': 7905502, 'node_id': 'MDQ6VXNlcjc5MDU1MDI=', 'avatar_url': 'https://avatars.githubusercontent.com/u/7905502?v=4', 'gravatar_id': '', 'url': 'https://api.github.com/users/baywet', 'html_url': 'https://github.com/baywet', 'followers_url': 'https://api.github.com/users/baywet/followers', 'following_url': 'https://api.github.com/users/baywet/following{/other_user}', 'gists_url': 'https://api.github.com/users/baywet/gists{/gist_id}', 'starred_url': 'https://api.github.com/users/baywet/starred{/owner}{/repo}', 'subscriptions_url': 'https://api.github.com/users/baywet/subscriptions', 'organizations_url': 'https://api.github.com/users/baywet/orgs', 'repos_url': 'https://api.github.com/users/baywet/repos', 'events_url': 'https://api.github.com/users/baywet/events{/privacy}', 'received_events_url': 'https://api.github.com/users/baywet/received_events', 'type': 'User', 'site_admin': False}, {'login': 'MIchaelMainer', 'id': 8527305, 'node_id': 'MDQ6VXNlcjg1MjczMDU=', 'avatar_url': 'https://avatars.githubusercontent.com/u/8527305?v=4', 'gravatar_id': '', 'url': 'https://api.github.com/users/MIchaelMainer', 'html_url': 'https://github.com/MIchaelMainer', 'followers_url': 'https://api.github.com/users/MIchaelMainer/followers', 'following_url': 'https://api.github.com/users/MIchaelMainer/following{/other_user}', 'gists_url': 'https://api.github.com/users/MIchaelMainer/gists{/gist_id}', 'starred_url': 'https://api.github.com/users/MIchaelMainer/starred{/owner}{/repo}', 'subscriptions_url': 'https://api.github.com/users/MIchaelMainer/subscriptions', 'organizations_url': 'https://api.github.com/users/MIchaelMainer/orgs', 'repos_url': 'https://api.github.com/users/MIchaelMainer/repos', 'events_url': 'https://api.github.com/users/MIchaelMainer/events{/privacy}', 'received_events_url': 'https://api.github.com/users/MIchaelMainer/received_events', 'type': 'User', 'site_admin': False}, {'login': 'ddyett', 'id': 20829981, 'node_id': 'MDQ6VXNlcjIwODI5OTgx', 'avatar_url': 'https://avatars.githubusercontent.com/u/20829981?v=4', 'gravatar_id': '', 'url': 'https://api.github.com/users/ddyett', 'html_url': 'https://github.com/ddyett', 'followers_url': 'https://api.github.com/users/ddyett/followers', 'following_url': 'https://api.github.com/users/ddyett/following{/other_user}', 'gists_url': 'https://api.github.com/users/ddyett/gists{/gist_id}', 'starred_url': 'https://api.github.com/users/ddyett/starred{/owner}{/repo}', 'subscriptions_url': 'https://api.github.com/users/ddyett/subscriptions', 'organizations_url': 'https://api.github.com/users/ddyett/orgs', 'repos_url': 'https://api.github.com/users/ddyett/repos', 'events_url': 'https://api.github.com/users/ddyett/events{/privacy}', 'received_events_url': 'https://api.github.com/users/ddyett/received_events', 'type': 'User', 'site_admin': False}, {'login': 'nikithauc', 'id': 23219007, 'node_id': 'MDQ6VXNlcjIzMjE5MDA3', 'avatar_url': 'https://avatars.githubusercontent.com/u/23219007?v=4', 'gravatar_id': '', 'url': 'https://api.github.com/users/nikithauc', 'html_url': 'https://github.com/nikithauc', 'followers_url': 'https://api.github.com/users/nikithauc/followers', 'following_url': 'https://api.github.com/users/nikithauc/following{/other_user}', 'gists_url': 'https://api.github.com/users/nikithauc/gists{/gist_id}', 'starred_url': 'https://api.github.com/users/nikithauc/starred{/owner}{/repo}', 'subscriptions_url': 'https://api.github.com/users/nikithauc/subscriptions', 'organizations_url': 'https://api.github.com/users/nikithauc/orgs', 'repos_url': 'https://api.github.com/users/nikithauc/repos', 'events_url': 'https://api.github.com/users/nikithauc/events{/privacy}', 'received_events_url': 'https://api.github.com/users/nikithauc/received_events', 'type': 'User', 'site_admin': False}], 'requested_teams': [], 'labels': [], 'milestone': None, 'draft': False, 'commits_url': 'https://api.github.com/repos/microsoftgraph/msgraph-sdk-java/pulls/992/commits', 'review_comments_url': 'https://api.github.com/repos/microsoftgraph/msgraph-sdk-java/pulls/992/comments', 'review_comment_url': 'https://api.github.com/repos/microsoftgraph/msgraph-sdk-java/pulls/comments{/number}', 'comments_url': 'https://api.github.com/repos/microsoftgraph/msgraph-sdk-java/issues/992/comments', 'statuses_url': 'https://api.github.com/repos/microsoftgraph/msgraph-sdk-java/statuses/3306a34c5e668e6755ca51fffa19da83183ebfe6', 'head': {'label': 'microsoftgraph:v1.0/pipelinebuild/65252', 'ref': 'v1.0/pipelinebuild/65252', 'sha': '3306a34c5e668e6755ca51fffa19da83183ebfe6', 'user': {'login': 'microsoftgraph', 'id': 17304259, 'node_id': 'MDEyOk9yZ2FuaXphdGlvbjE3MzA0MjU5', 'avatar_url': 'https://avatars.githubusercontent.com/u/17304259?v=4', 'gravatar_id': '', 'url': 'https://api.github.com/users/microsoftgraph', 'html_url': 'https://github.com/microsoftgraph', 'followers_url': 'https://api.github.com/users/microsoftgraph/followers', 'following_url': 'https://api.github.com/users/microsoftgraph/following{/other_user}', 'gists_url': 'https://api.github.com/users/microsoftgraph/gists{/gist_id}', 'starred_url': 'https://api.github.com/users/microsoftgraph/starred{/owner}{/repo}', 'subscriptions_url': 'https://api.github.com/users/microsoftgraph/subscriptions', 'organizations_url': 'https://api.github.com/users/microsoftgraph/orgs', 'repos_url': 'https://api.github.com/users/microsoftgraph/repos', 'events_url': 'https://api.github.com/users/microsoftgraph/events{/privacy}', 'received_events_url': 'https://api.github.com/users/microsoftgraph/received_events', 'type': 'Organization', 'site_admin': False}, 'repo': {'id': 103300409, 'node_id': 'MDEwOlJlcG9zaXRvcnkxMDMzMDA0MDk=', 'name': 'msgraph-sdk-java', 'full_name': 'microsoftgraph/msgraph-sdk-java', 'private': False, 'owner': {'login': 'microsoftgraph', 'id': 17304259, 'node_id': 'MDEyOk9yZ2FuaXphdGlvbjE3MzA0MjU5', 'avatar_url': 'https://avatars.githubusercontent.com/u/17304259?v=4', 'gravatar_id': '', 'url': 'https://api.github.com/users/microsoftgraph', 'html_url': 'https://github.com/microsoftgraph', 'followers_url': 'https://api.github.com/users/microsoftgraph/followers', 'following_url': 'https://api.github.com/users/microsoftgraph/following{/other_user}', 'gists_url': 'https://api.github.com/users/microsoftgraph/gists{/gist_id}', 'starred_url': 'https://api.github.com/users/microsoftgraph/starred{/owner}{/repo}', 'subscriptions_url': 'https://api.github.com/users/microsoftgraph/subscriptions', 'organizations_url': 'https://api.github.com/users/microsoftgraph/orgs', 'repos_url': 'https://api.github.com/users/microsoftgraph/repos', 'events_url': 'https://api.github.com/users/microsoftgraph/events{/privacy}', 'received_events_url': 'https://api.github.com/users/microsoftgraph/received_events', 'type': 'Organization', 'site_admin': False}, 'html_url': 'https://github.com/microsoftgraph/msgraph-sdk-java', 'description': 'Microsoft Graph SDK for Java', 'fork': False, 'url': 'https://api.github.com/repos/microsoftgraph/msgraph-sdk-java', 'forks_url': 'https://api.github.com/repos/microsoftgraph/msgraph-sdk-java/forks', 'keys_url': 'https://api.github.com/repos/microsoftgraph/msgraph-sdk-java/keys{/key_id}', 'collaborators_url': 'https://api.github.com/repos/microsoftgraph/msgraph-sdk-java/collaborators{/collaborator}', 'teams_url': 'https://api.github.com/repos/microsoftgraph/msgraph-sdk-java/teams', 'hooks_url': 'https://api.github.com/repos/microsoftgraph/msgraph-sdk-java/hooks', 'issue_events_url': 'https://api.github.com/repos/microsoftgraph/msgraph-sdk-java/issues/events{/number}', 'events_url': 'https://api.github.com/repos/microsoftgraph/msgraph-sdk-java/events', 'assignees_url': 'https://api.github.com/repos/microsoftgraph/msgraph-sdk-java/assignees{/user}', 'branches_url': 'https://api.github.com/repos/microsoftgraph/msgraph-sdk-java/branches{/branch}', 'tags_url': 'https://api.github.com/repos/microsoftgraph/msgraph-sdk-java/tags', 'blobs_url': 'https://api.github.com/repos/microsoftgraph/msgraph-sdk-java/git/blobs{/sha}', 'git_tags_url': 'https://api.github.com/repos/microsoftgraph/msgraph-sdk-java/git/tags{/sha}', 'git_refs_url': 'https://api.github.com/repos/microsoftgraph/msgraph-sdk-java/git/refs{/sha}', 'trees_url': 'https://api.github.com/repos/microsoftgraph/msgraph-sdk-java/git/trees{/sha}', 'statuses_url': 'https://api.github.com/repos/microsoftgraph/msgraph-sdk-java/statuses/{sha}', 'languages_url': 'https://api.github.com/repos/microsoftgraph/msgraph-sdk-java/languages', 'stargazers_url': 'https://api.github.com/repos/microsoftgraph/msgraph-sdk-java/stargazers', 'contributors_url': 'https://api.github.com/repos/microsoftgraph/msgraph-sdk-java/contributors', 'subscribers_url': 'https://api.github.com/repos/microsoftgraph/msgraph-sdk-java/subscribers', 'subscription_url': 'https://api.github.com/repos/microsoftgraph/msgraph-sdk-java/subscription', 'commits_url': 'https://api.github.com/repos/microsoftgraph/msgraph-sdk-java/commits{/sha}', 'git_commits_url': 'https://api.github.com/repos/microsoftgraph/msgraph-sdk-java/git/commits{/sha}', 'comments_url': 'https://api.github.com/repos/microsoftgraph/msgraph-sdk-java/comments{/number}', 'issue_comment_url': 'https://api.github.com/repos/microsoftgraph/msgraph-sdk-java/issues/comments{/number}', 'contents_url': 'https://api.github.com/repos/microsoftgraph/msgraph-sdk-java/contents/{+path}', 'compare_url': 'https://api.github.com/repos/microsoftgraph/msgraph-sdk-java/compare/{base}...{head}', 'merges_url': 'https://api.github.com/repos/microsoftgraph/msgraph-sdk-java/merges', 'archive_url': 'https://api.github.com/repos/microsoftgraph/msgraph-sdk-java/{archive_format}{/ref}', 'downloads_url': 'https://api.github.com/repos/microsoftgraph/msgraph-sdk-java/downloads', 'issues_url': 'https://api.github.com/repos/microsoftgraph/msgraph-sdk-java/issues{/number}', 'pulls_url': 'https://api.github.com/repos/microsoftgraph/msgraph-sdk-java/pulls{/number}', 'milestones_url': 'https://api.github.com/repos/microsoftgraph/msgraph-sdk-java/milestones{/number}', 'notifications_url': 'https://api.github.com/repos/microsoftgraph/msgraph-sdk-java/notifications{?since,all,participating}', 'labels_url': 'https://api.github.com/repos/microsoftgraph/msgraph-sdk-java/labels{/name}', 'releases_url': 'https://api.github.com/repos/microsoftgraph/msgraph-sdk-java/releases{/id}', 'deployments_url': 'https://api.github.com/repos/microsoftgraph/msgraph-sdk-java/deployments', 'created_at': '2017-09-12T17:20:15Z', 'updated_at': '2022-01-27T03:44:54Z', 'pushed_at': '2022-02-01T10:07:42Z', 'git_url': 'git://github.com/microsoftgraph/msgraph-sdk-java.git', 'ssh_url': 'git@github.com:microsoftgraph/msgraph-sdk-java.git', 'clone_url': 'https://github.com/microsoftgraph/msgraph-sdk-java.git', 'svn_url': 'https://github.com/microsoftgraph/msgraph-sdk-java', 'homepage': 'https://docs.microsoft.com/en-us/graph/sdks/sdks-overview', 'size': 58374, 'stargazers_count': 237, 'watchers_count': 237, 'language': 'Java', 'has_issues': True, 'has_projects': True, 'has_downloads': True, 'has_wiki': False, 'has_pages': False, 'forks_count': 97, 'mirror_url': None, 'archived': False, 'disabled': False, 'open_issues_count': 2, 'license': {'key': 'mit', 'name': 'MIT License', 'spdx_id': 'MIT', 'url': 'https://api.github.com/licenses/mit', 'node_id': 'MDc6TGljZW5zZTEz'}, 'allow_forking': True, 'is_template': False, 'topics': ['java', 'microsoft-graph', 'microsoft-graph-sdk', 'sdk'], 'visibility': 'public', 'forks': 97, 'open_issues': 2, 'watchers': 237, 'default_branch': 'dev'}}, 'base': {'label': 'microsoftgraph:dev', 'ref': 'dev', 'sha': '81e2348c13b461c88a02d371a59d0e06173803c8', 'user': {'login': 'microsoftgraph', 'id': 17304259, 'node_id': 'MDEyOk9yZ2FuaXphdGlvbjE3MzA0MjU5', 'avatar_url': 'https://avatars.githubusercontent.com/u/17304259?v=4', 'gravatar_id': '', 'url': 'https://api.github.com/users/microsoftgraph', 'html_url': 'https://github.com/microsoftgraph', 'followers_url': 'https://api.github.com/users/microsoftgraph/followers', 'following_url': 'https://api.github.com/users/microsoftgraph/following{/other_user}', 'gists_url': 'https://api.github.com/users/microsoftgraph/gists{/gist_id}', 'starred_url': 'https://api.github.com/users/microsoftgraph/starred{/owner}{/repo}', 'subscriptions_url': 'https://api.github.com/users/microsoftgraph/subscriptions', 'organizations_url': 'https://api.github.com/users/microsoftgraph/orgs', 'repos_url': 'https://api.github.com/users/microsoftgraph/repos', 'events_url': 'https://api.github.com/users/microsoftgraph/events{/privacy}', 'received_events_url': 'https://api.github.com/users/microsoftgraph/received_events', 'type': 'Organization', 'site_admin': False}, 'repo': {'id': 103300409, 'node_id': 'MDEwOlJlcG9zaXRvcnkxMDMzMDA0MDk=', 'name': 'msgraph-sdk-java', 'full_name': 'microsoftgraph/msgraph-sdk-java', 'private': False, 'owner': {'login': 'microsoftgraph', 'id': 17304259, 'node_id': 'MDEyOk9yZ2FuaXphdGlvbjE3MzA0MjU5', 'avatar_url': 'https://avatars.githubusercontent.com/u/17304259?v=4', 'gravatar_id': '', 'url': 'https://api.github.com/users/microsoftgraph', 'html_url': 'https://github.com/microsoftgraph', 'followers_url': 'https://api.github.com/users/microsoftgraph/followers', 'following_url': 'https://api.github.com/users/microsoftgraph/following{/other_user}', 'gists_url': 'https://api.github.com/users/microsoftgraph/gists{/gist_id}', 'starred_url': 'https://api.github.com/users/microsoftgraph/starred{/owner}{/repo}', 'subscriptions_url': 'https://api.github.com/users/microsoftgraph/subscriptions', 'organizations_url': 'https://api.github.com/users/microsoftgraph/orgs', 'repos_url': 'https://api.github.com/users/microsoftgraph/repos', 'events_url': 'https://api.github.com/users/microsoftgraph/events{/privacy}', 'received_events_url': 'https://api.github.com/users/microsoftgraph/received_events', 'type': 'Organization', 'site_admin': False}, 'html_url': 'https://github.com/microsoftgraph/msgraph-sdk-java', 'description': 'Microsoft Graph SDK for Java', 'fork': False, 'url': 'https://api.github.com/repos/microsoftgraph/msgraph-sdk-java', 'forks_url': 'https://api.github.com/repos/microsoftgraph/msgraph-sdk-java/forks', 'keys_url': 'https://api.github.com/repos/microsoftgraph/msgraph-sdk-java/keys{/key_id}', 'collaborators_url': 'https://api.github.com/repos/microsoftgraph/msgraph-sdk-java/collaborators{/collaborator}', 'teams_url': 'https://api.github.com/repos/microsoftgraph/msgraph-sdk-java/teams', 'hooks_url': 'https://api.github.com/repos/microsoftgraph/msgraph-sdk-java/hooks', 'issue_events_url': 'https://api.github.com/repos/microsoftgraph/msgraph-sdk-java/issues/events{/number}', 'events_url': 'https://api.github.com/repos/microsoftgraph/msgraph-sdk-java/events', 'assignees_url': 'https://api.github.com/repos/microsoftgraph/msgraph-sdk-java/assignees{/user}', 'branches_url': 'https://api.github.com/repos/microsoftgraph/msgraph-sdk-java/branches{/branch}', 'tags_url': 'https://api.github.com/repos/microsoftgraph/msgraph-sdk-java/tags', 'blobs_url': 'https://api.github.com/repos/microsoftgraph/msgraph-sdk-java/git/blobs{/sha}', 'git_tags_url': 'https://api.github.com/repos/microsoftgraph/msgraph-sdk-java/git/tags{/sha}', 'git_refs_url': 'https://api.github.com/repos/microsoftgraph/msgraph-sdk-java/git/refs{/sha}', 'trees_url': 'https://api.github.com/repos/microsoftgraph/msgraph-sdk-java/git/trees{/sha}', 'statuses_url': 'https://api.github.com/repos/microsoftgraph/msgraph-sdk-java/statuses/{sha}', 'languages_url': 'https://api.github.com/repos/microsoftgraph/msgraph-sdk-java/languages', 'stargazers_url': 'https://api.github.com/repos/microsoftgraph/msgraph-sdk-java/stargazers', 'contributors_url': 'https://api.github.com/repos/microsoftgraph/msgraph-sdk-java/contributors', 'subscribers_url': 'https://api.github.com/repos/microsoftgraph/msgraph-sdk-java/subscribers', 'subscription_url': 'https://api.github.com/repos/microsoftgraph/msgraph-sdk-java/subscription', 'commits_url': 'https://api.github.com/repos/microsoftgraph/msgraph-sdk-java/commits{/sha}', 'git_commits_url': 'https://api.github.com/repos/microsoftgraph/msgraph-sdk-java/git/commits{/sha}', 'comments_url': 'https://api.github.com/repos/microsoftgraph/msgraph-sdk-java/comments{/number}', 'issue_comment_url': 'https://api.github.com/repos/microsoftgraph/msgraph-sdk-java/issues/comments{/number}', 'contents_url': 'https://api.github.com/repos/microsoftgraph/msgraph-sdk-java/contents/{+path}', 'compare_url': 'https://api.github.com/repos/microsoftgraph/msgraph-sdk-java/compare/{base}...{head}', 'merges_url': 'https://api.github.com/repos/microsoftgraph/msgraph-sdk-java/merges', 'archive_url': 'https://api.github.com/repos/microsoftgraph/msgraph-sdk-java/{archive_format}{/ref}', 'downloads_url': 'https://api.github.com/repos/microsoftgraph/msgraph-sdk-java/downloads', 'issues_url': 'https://api.github.com/repos/microsoftgraph/msgraph-sdk-java/issues{/number}', 'pulls_url': 'https://api.github.com/repos/microsoftgraph/msgraph-sdk-java/pulls{/number}', 'milestones_url': 'https://api.github.com/repos/microsoftgraph/msgraph-sdk-java/milestones{/number}', 'notifications_url': 'https://api.github.com/repos/microsoftgraph/msgraph-sdk-java/notifications{?since,all,participating}', 'labels_url': 'https://api.github.com/repos/microsoftgraph/msgraph-sdk-java/labels{/name}', 'releases_url': 'https://api.github.com/repos/microsoftgraph/msgraph-sdk-java/releases{/id}', 'deployments_url': 'https://api.github.com/repos/microsoftgraph/msgraph-sdk-java/deployments', 'created_at': '2017-09-12T17:20:15Z', 'updated_at': '2022-01-27T03:44:54Z', 'pushed_at': '2022-02-01T10:07:42Z', 'git_url': 'git://github.com/microsoftgraph/msgraph-sdk-java.git', 'ssh_url': 'git@github.com:microsoftgraph/msgraph-sdk-java.git', 'clone_url': 'https://github.com/microsoftgraph/msgraph-sdk-java.git', 'svn_url': 'https://github.com/microsoftgraph/msgraph-sdk-java', 'homepage': 'https://docs.microsoft.com/en-us/graph/sdks/sdks-overview', 'size': 58374, 'stargazers_count': 237, 'watchers_count': 237, 'language': 'Java', 'has_issues': True, 'has_projects': True, 'has_downloads': True, 'has_wiki': False, 'has_pages': False, 'forks_count': 97, 'mirror_url': None, 'archived': False, 'disabled': False, 'open_issues_count': 2, 'license': {'key': 'mit', 'name': 'MIT License', 'spdx_id': 'MIT', 'url': 'https://api.github.com/licenses/mit', 'node_id': 'MDc6TGljZW5zZTEz'}, 'allow_forking': True, 'is_template': False, 'topics': ['java', 'microsoft-graph', 'microsoft-graph-sdk', 'sdk'], 'visibility': 'public', 'forks': 97, 'open_issues': 2, 'watchers': 237, 'default_branch': 'dev'}}, '_links': {'self': {'href': 'https://api.github.com/repos/microsoftgraph/msgraph-sdk-java/pulls/992'}, 'html': {'href': 'https://github.com/microsoftgraph/msgraph-sdk-java/pull/992'}, 'issue': {'href': 'https://api.github.com/repos/microsoftgraph/msgraph-sdk-java/issues/992'}, 'comments': {'href': 'https://api.github.com/repos/microsoftgraph/msgraph-sdk-java/issues/992/comments'}, 'review_comments': {'href': 'https://api.github.com/repos/microsoftgraph/msgraph-sdk-java/pulls/992/comments'}, 'review_comment': {'href': 'https://api.github.com/repos/microsoftgraph/msgraph-sdk-java/pulls/comments{/number}'}, 'commits': {'href': 'https://api.github.com/repos/microsoftgraph/msgraph-sdk-java/pulls/992/commits'}, 'statuses': {'href': 'https://api.github.com/repos/microsoftgraph/msgraph-sdk-java/statuses/3306a34c5e668e6755ca51fffa19da83183ebfe6'}}, 'author_association': 'CONTRIBUTOR', 'auto_merge': None, 'active_lock_reason': None, 'merged': False, 'mergeable': True, 'rebaseable': True, 'mergeable_state': 'unstable', 'merged_by': None, 'comments': 0, 'review_comments': 0, 'maintainer_can_modify': False, 'commits': 1, 'additions': 10, 'deletions': 7, 'changed_files': 6}}",opened,Java
19944577176,PushEvent,microsoftgraph/msgraph-sdk-java,0.0,2022-01-27T12:07:53Z,"{'push_id': 8945041000, 'size': 3, 'distinct_size': 3, 'ref': 'refs/heads/dev', 'head': '81e2348c13b461c88a02d371a59d0e06173803c8', 'before': 'f1b453c78ace9d05e02c47598f0f1c41cccb03bc', 'commits': [{'sha': '0e5e982e5393d792834dfe384c9ed07feb58f74e', 'author': {'email': 'GraphTooling@service.microsoft.com', 'name': 'Microsoft Graph DevX Tooling'}, 'message': 'Update generated files with build 64725', 'distinct': True, 'url': 'https://api.github.com/repos/microsoftgraph/msgraph-sdk-java/commits/0e5e982e5393d792834dfe384c9ed07feb58f74e'}, {'sha': 'e6c2e01629085453bcdc65c4e370a1c136ca081e', 'author': {'email': '63934382+ramsessanchez@users.noreply.github.com', 'name': 'ramsessanchez'}, 'message': 'Update CHANGELOG.md', 'distinct': True, 'url': 'https://api.github.com/repos/microsoftgraph/msgraph-sdk-java/commits/e6c2e01629085453bcdc65c4e370a1c136ca081e'}, {'sha': '81e2348c13b461c88a02d371a59d0e06173803c8', 'author': {'email': '63934382+ramsessanchez@users.noreply.github.com', 'name': 'ramsessanchez'}, 'message': 'Merge pull request #987 from microsoftgraph/v1.0/pipelinebuild/64725\n\nGenerated v1.0 models and request builders using Typewriter', 'distinct': True, 'url': 'https://api.github.com/repos/microsoftgraph/msgraph-sdk-java/commits/81e2348c13b461c88a02d371a59d0e06173803c8'}]}",,Java
19944577004,DeleteEvent,microsoftgraph/msgraph-sdk-java,0.0,2022-01-27T12:07:52Z,"{'ref': 'v1.0/pipelinebuild/64725', 'ref_type': 'branch', 'pusher_type': 'user'}",,Java
19944576897,PullRequestEvent,microsoftgraph/msgraph-sdk-java,0.0,2022-01-27T12:07:52Z,"{'action': 'closed', 'number': 987, 'pull_request': {'url': 'https://api.github.com/repos/microsoftgraph/msgraph-sdk-java/pulls/987', 'id': 831283008, 'node_id': 'PR_kwDOBig9Oc4xjF9A', 'html_url': 'https://github.com/microsoftgraph/msgraph-sdk-java/pull/987', 'diff_url': 'https://github.com/microsoftgraph/msgraph-sdk-java/pull/987.diff', 'patch_url': 'https://github.com/microsoftgraph/msgraph-sdk-java/pull/987.patch', 'issue_url': 'https://api.github.com/repos/microsoftgraph/msgraph-sdk-java/issues/987', 'number': 987, 'state': 'closed', 'locked': False, 'title': 'Generated v1.0 models and request builders using Typewriter', 'user': {'login': 'ramsessanchez', 'id': 63934382, 'node_id': 'MDQ6VXNlcjYzOTM0Mzgy', 'avatar_url': 'https://avatars.githubusercontent.com/u/63934382?v=4', 'gravatar_id': '', 'url': 'https://api.github.com/users/ramsessanchez', 'html_url': 'https://github.com/ramsessanchez', 'followers_url': 'https://api.github.com/users/ramsessanchez/followers', 'following_url': 'https://api.github.com/users/ramsessanchez/following{/other_user}', 'gists_url': 'https://api.github.com/users/ramsessanchez/gists{/gist_id}', 'starred_url': 'https://api.github.com/users/ramsessanchez/starred{/owner}{/repo}', 'subscriptions_url': 'https://api.github.com/users/ramsessanchez/subscriptions', 'organizations_url': 'https://api.github.com/users/ramsessanchez/orgs', 'repos_url': 'https://api.github.com/users/ramsessanchez/repos', 'events_url': 'https://api.github.com/users/ramsessanchez/events{/privacy}', 'received_events_url': 'https://api.github.com/users/ramsessanchez/received_events', 'type': 'User', 'site_admin': False}, 'body': 'This pull request was automatically created by the GitHub Action, **create pull request**. \n\n The commit hash is _0e5e982e5393d792834dfe384c9ed07feb58f74e_. \n\n **Important** Check for unexpected deletions or changes in this PR.', 'created_at': '2022-01-25T10:08:12Z', 'updated_at': '2022-01-27T12:07:52Z', 'closed_at': '2022-01-27T12:07:51Z', 'merged_at': '2022-01-27T12:07:51Z', 'merge_commit_sha': '81e2348c13b461c88a02d371a59d0e06173803c8', 'assignee': {'login': 'ramsessanchez', 'id': 63934382, 'node_id': 'MDQ6VXNlcjYzOTM0Mzgy', 'avatar_url': 'https://avatars.githubusercontent.com/u/63934382?v=4', 'gravatar_id': '', 'url': 'https://api.github.com/users/ramsessanchez', 'html_url': 'https://github.com/ramsessanchez', 'followers_url': 'https://api.github.com/users/ramsessanchez/followers', 'following_url': 'https://api.github.com/users/ramsessanchez/following{/other_user}', 'gists_url': 'https://api.github.com/users/ramsessanchez/gists{/gist_id}', 'starred_url': 'https://api.github.com/users/ramsessanchez/starred{/owner}{/repo}', 'subscriptions_url': 'https://api.github.com/users/ramsessanchez/subscriptions', 'organizations_url': 'https://api.github.com/users/ramsessanchez/orgs', 'repos_url': 'https://api.github.com/users/ramsessanchez/repos', 'events_url': 'https://api.github.com/users/ramsessanchez/events{/privacy}', 'received_events_url': 'https://api.github.com/users/ramsessanchez/received_events', 'type': 'User', 'site_admin': False}, 'assignees': [{'login': 'ramsessanchez', 'id': 63934382, 'node_id': 'MDQ6VXNlcjYzOTM0Mzgy', 'avatar_url': 'https://avatars.githubusercontent.com/u/63934382?v=4', 'gravatar_id': '', 'url': 'https://api.github.com/users/ramsessanchez', 'html_url': 'https://github.com/ramsessanchez', 'followers_url': 'https://api.github.com/users/ramsessanchez/followers', 'following_url': 'https://api.github.com/users/ramsessanchez/following{/other_user}', 'gists_url': 'https://api.github.com/users/ramsessanchez/gists{/gist_id}', 'starred_url': 'https://api.github.com/users/ramsessanchez/starred{/owner}{/repo}', 'subscriptions_url': 'https://api.github.com/users/ramsessanchez/subscriptions', 'organizations_url': 'https://api.github.com/users/ramsessanchez/orgs', 'repos_url': 'https://api.github.com/users/ramsessanchez/repos', 'events_url': 'https://api.github.com/users/ramsessanchez/events{/privacy}', 'received_events_url': 'https://api.github.com/users/ramsessanchez/received_events', 'type': 'User', 'site_admin': False}], 'requested_reviewers': [{'login': 'zengin', 'id': 803311, 'node_id': 'MDQ6VXNlcjgwMzMxMQ==', 'avatar_url': 'https://avatars.githubusercontent.com/u/803311?v=4', 'gravatar_id': '', 'url': 'https://api.github.com/users/zengin', 'html_url': 'https://github.com/zengin', 'followers_url': 'https://api.github.com/users/zengin/followers', 'following_url': 'https://api.github.com/users/zengin/following{/other_user}', 'gists_url': 'https://api.github.com/users/zengin/gists{/gist_id}', 'starred_url': 'https://api.github.com/users/zengin/starred{/owner}{/repo}', 'subscriptions_url': 'https://api.github.com/users/zengin/subscriptions', 'organizations_url': 'https://api.github.com/users/zengin/orgs', 'repos_url': 'https://api.github.com/users/zengin/repos', 'events_url': 'https://api.github.com/users/zengin/events{/privacy}', 'received_events_url': 'https://api.github.com/users/zengin/received_events', 'type': 'User', 'site_admin': False}, {'login': 'peombwa', 'id': 7061532, 'node_id': 'MDQ6VXNlcjcwNjE1MzI=', 'avatar_url': 'https://avatars.githubusercontent.com/u/7061532?v=4', 'gravatar_id': '', 'url': 'https://api.github.com/users/peombwa', 'html_url': 'https://github.com/peombwa', 'followers_url': 'https://api.github.com/users/peombwa/followers', 'following_url': 'https://api.github.com/users/peombwa/following{/other_user}', 'gists_url': 'https://api.github.com/users/peombwa/gists{/gist_id}', 'starred_url': 'https://api.github.com/users/peombwa/starred{/owner}{/repo}', 'subscriptions_url': 'https://api.github.com/users/peombwa/subscriptions', 'organizations_url': 'https://api.github.com/users/peombwa/orgs', 'repos_url': 'https://api.github.com/users/peombwa/repos', 'events_url': 'https://api.github.com/users/peombwa/events{/privacy}', 'received_events_url': 'https://api.github.com/users/peombwa/received_events', 'type': 'User', 'site_admin': False}, {'login': 'MIchaelMainer', 'id': 8527305, 'node_id': 'MDQ6VXNlcjg1MjczMDU=', 'avatar_url': 'https://avatars.githubusercontent.com/u/8527305?v=4', 'gravatar_id': '', 'url': 'https://api.github.com/users/MIchaelMainer', 'html_url': 'https://github.com/MIchaelMainer', 'followers_url': 'https://api.github.com/users/MIchaelMainer/followers', 'following_url': 'https://api.github.com/users/MIchaelMainer/following{/other_user}', 'gists_url': 'https://api.github.com/users/MIchaelMainer/gists{/gist_id}', 'starred_url': 'https://api.github.com/users/MIchaelMainer/starred{/owner}{/repo}', 'subscriptions_url': 'https://api.github.com/users/MIchaelMainer/subscriptions', 'organizations_url': 'https://api.github.com/users/MIchaelMainer/orgs', 'repos_url': 'https://api.github.com/users/MIchaelMainer/repos', 'events_url': 'https://api.github.com/users/MIchaelMainer/events{/privacy}', 'received_events_url': 'https://api.github.com/users/MIchaelMainer/received_events', 'type': 'User', 'site_admin': False}, {'login': 'ddyett', 'id': 20829981, 'node_id': 'MDQ6VXNlcjIwODI5OTgx', 'avatar_url': 'https://avatars.githubusercontent.com/u/20829981?v=4', 'gravatar_id': '', 'url': 'https://api.github.com/users/ddyett', 'html_url': 'https://github.com/ddyett', 'followers_url': 'https://api.github.com/users/ddyett/followers', 'following_url': 'https://api.github.com/users/ddyett/following{/other_user}', 'gists_url': 'https://api.github.com/users/ddyett/gists{/gist_id}', 'starred_url': 'https://api.github.com/users/ddyett/starred{/owner}{/repo}', 'subscriptions_url': 'https://api.github.com/users/ddyett/subscriptions', 'organizations_url': 'https://api.github.com/users/ddyett/orgs', 'repos_url': 'https://api.github.com/users/ddyett/repos', 'events_url': 'https://api.github.com/users/ddyett/events{/privacy}', 'received_events_url': 'https://api.github.com/users/ddyett/received_events', 'type': 'User', 'site_admin': False}, {'login': 'nikithauc', 'id': 23219007, 'node_id': 'MDQ6VXNlcjIzMjE5MDA3', 'avatar_url': 'https://avatars.githubusercontent.com/u/23219007?v=4', 'gravatar_id': '', 'url': 'https://api.github.com/users/nikithauc', 'html_url': 'https://github.com/nikithauc', 'followers_url': 'https://api.github.com/users/nikithauc/followers', 'following_url': 'https://api.github.com/users/nikithauc/following{/other_user}', 'gists_url': 'https://api.github.com/users/nikithauc/gists{/gist_id}', 'starred_url': 'https://api.github.com/users/nikithauc/starred{/owner}{/repo}', 'subscriptions_url': 'https://api.github.com/users/nikithauc/subscriptions', 'organizations_url': 'https://api.github.com/users/nikithauc/orgs', 'repos_url': 'https://api.github.com/users/nikithauc/repos', 'events_url': 'https://api.github.com/users/nikithauc/events{/privacy}', 'received_events_url': 'https://api.github.com/users/nikithauc/received_events', 'type': 'User', 'site_admin': False}], 'requested_teams': [], 'labels': [{'id': 1160728929, 'node_id': 'MDU6TGFiZWwxMTYwNzI4OTI5', 'url': 'https://api.github.com/repos/microsoftgraph/msgraph-sdk-java/labels/generated', 'name': 'generated', 'color': 'ededed', 'default': False, 'description': None}], 'milestone': {'url': 'https://api.github.com/repos/microsoftgraph/msgraph-sdk-java/milestones/43', 'html_url': 'https://github.com/microsoftgraph/msgraph-sdk-java/milestone/43', 'labels_url': 'https://api.github.com/repos/microsoftgraph/msgraph-sdk-java/milestones/43/labels', 'id': 7594502, 'node_id': 'MI_kwDOBig9Oc4Ac-IG', 'number': 43, 'title': '5.13.0', 'description': '', 'creator': {'login': 'baywet', 'id': 7905502, 'node_id': 'MDQ6VXNlcjc5MDU1MDI=', 'avatar_url': 'https://avatars.githubusercontent.com/u/7905502?v=4', 'gravatar_id': '', 'url': 'https://api.github.com/users/baywet', 'html_url': 'https://github.com/baywet', 'followers_url': 'https://api.github.com/users/baywet/followers', 'following_url': 'https://api.github.com/users/baywet/following{/other_user}', 'gists_url': 'https://api.github.com/users/baywet/gists{/gist_id}', 'starred_url': 'https://api.github.com/users/baywet/starred{/owner}{/repo}', 'subscriptions_url': 'https://api.github.com/users/baywet/subscriptions', 'organizations_url': 'https://api.github.com/users/baywet/orgs', 'repos_url': 'https://api.github.com/users/baywet/repos', 'events_url': 'https://api.github.com/users/baywet/events{/privacy}', 'received_events_url': 'https://api.github.com/users/baywet/received_events', 'type': 'User', 'site_admin': False}, 'open_issues': 0, 'closed_issues': 7, 'state': 'open', 'created_at': '2022-01-20T20:15:17Z', 'updated_at': '2022-01-27T12:07:52Z', 'due_on': '2022-01-28T08:00:00Z', 'closed_at': None}, 'draft': False, 'commits_url': 'https://api.github.com/repos/microsoftgraph/msgraph-sdk-java/pulls/987/commits', 'review_comments_url': 'https://api.github.com/repos/microsoftgraph/msgraph-sdk-java/pulls/987/comments', 'review_comment_url': 'https://api.github.com/repos/microsoftgraph/msgraph-sdk-java/pulls/comments{/number}', 'comments_url': 'https://api.github.com/repos/microsoftgraph/msgraph-sdk-java/issues/987/comments', 'statuses_url': 'https://api.github.com/repos/microsoftgraph/msgraph-sdk-java/statuses/e6c2e01629085453bcdc65c4e370a1c136ca081e', 'head': {'label': 'microsoftgraph:v1.0/pipelinebuild/64725', 'ref': 'v1.0/pipelinebuild/64725', 'sha': 'e6c2e01629085453bcdc65c4e370a1c136ca081e', 'user': {'login': 'microsoftgraph', 'id': 17304259, 'node_id': 'MDEyOk9yZ2FuaXphdGlvbjE3MzA0MjU5', 'avatar_url': 'https://avatars.githubusercontent.com/u/17304259?v=4', 'gravatar_id': '', 'url': 'https://api.github.com/users/microsoftgraph', 'html_url': 'https://github.com/microsoftgraph', 'followers_url': 'https://api.github.com/users/microsoftgraph/followers', 'following_url': 'https://api.github.com/users/microsoftgraph/following{/other_user}', 'gists_url': 'https://api.github.com/users/microsoftgraph/gists{/gist_id}', 'starred_url': 'https://api.github.com/users/microsoftgraph/starred{/owner}{/repo}', 'subscriptions_url': 'https://api.github.com/users/microsoftgraph/subscriptions', 'organizations_url': 'https://api.github.com/users/microsoftgraph/orgs', 'repos_url': 'https://api.github.com/users/microsoftgraph/repos', 'events_url': 'https://api.github.com/users/microsoftgraph/events{/privacy}', 'received_events_url': 'https://api.github.com/users/microsoftgraph/received_events', 'type': 'Organization', 'site_admin': False}, 'repo': {'id': 103300409, 'node_id': 'MDEwOlJlcG9zaXRvcnkxMDMzMDA0MDk=', 'name': 'msgraph-sdk-java', 'full_name': 'microsoftgraph/msgraph-sdk-java', 'private': False, 'owner': {'login': 'microsoftgraph', 'id': 17304259, 'node_id': 'MDEyOk9yZ2FuaXphdGlvbjE3MzA0MjU5', 'avatar_url': 'https://avatars.githubusercontent.com/u/17304259?v=4', 'gravatar_id': '', 'url': 'https://api.github.com/users/microsoftgraph', 'html_url': 'https://github.com/microsoftgraph', 'followers_url': 'https://api.github.com/users/microsoftgraph/followers', 'following_url': 'https://api.github.com/users/microsoftgraph/following{/other_user}', 'gists_url': 'https://api.github.com/users/microsoftgraph/gists{/gist_id}', 'starred_url': 'https://api.github.com/users/microsoftgraph/starred{/owner}{/repo}', 'subscriptions_url': 'https://api.github.com/users/microsoftgraph/subscriptions', 'organizations_url': 'https://api.github.com/users/microsoftgraph/orgs', 'repos_url': 'https://api.github.com/users/microsoftgraph/repos', 'events_url': 'https://api.github.com/users/microsoftgraph/events{/privacy}', 'received_events_url': 'https://api.github.com/users/microsoftgraph/received_events', 'type': 'Organization', 'site_admin': False}, 'html_url': 'https://github.com/microsoftgraph/msgraph-sdk-java', 'description': 'Microsoft Graph SDK for Java', 'fork': False, 'url': 'https://api.github.com/repos/microsoftgraph/msgraph-sdk-java', 'forks_url': 'https://api.github.com/repos/microsoftgraph/msgraph-sdk-java/forks', 'keys_url': 'https://api.github.com/repos/microsoftgraph/msgraph-sdk-java/keys{/key_id}', 'collaborators_url': 'https://api.github.com/repos/microsoftgraph/msgraph-sdk-java/collaborators{/collaborator}', 'teams_url': 'https://api.github.com/repos/microsoftgraph/msgraph-sdk-java/teams', 'hooks_url': 'https://api.github.com/repos/microsoftgraph/msgraph-sdk-java/hooks', 'issue_events_url': 'https://api.github.com/repos/microsoftgraph/msgraph-sdk-java/issues/events{/number}', 'events_url': 'https://api.github.com/repos/microsoftgraph/msgraph-sdk-java/events', 'assignees_url': 'https://api.github.com/repos/microsoftgraph/msgraph-sdk-java/assignees{/user}', 'branches_url': 'https://api.github.com/repos/microsoftgraph/msgraph-sdk-java/branches{/branch}', 'tags_url': 'https://api.github.com/repos/microsoftgraph/msgraph-sdk-java/tags', 'blobs_url': 'https://api.github.com/repos/microsoftgraph/msgraph-sdk-java/git/blobs{/sha}', 'git_tags_url': 'https://api.github.com/repos/microsoftgraph/msgraph-sdk-java/git/tags{/sha}', 'git_refs_url': 'https://api.github.com/repos/microsoftgraph/msgraph-sdk-java/git/refs{/sha}', 'trees_url': 'https://api.github.com/repos/microsoftgraph/msgraph-sdk-java/git/trees{/sha}', 'statuses_url': 'https://api.github.com/repos/microsoftgraph/msgraph-sdk-java/statuses/{sha}', 'languages_url': 'https://api.github.com/repos/microsoftgraph/msgraph-sdk-java/languages', 'stargazers_url': 'https://api.github.com/repos/microsoftgraph/msgraph-sdk-java/stargazers', 'contributors_url': 'https://api.github.com/repos/microsoftgraph/msgraph-sdk-java/contributors', 'subscribers_url': 'https://api.github.com/repos/microsoftgraph/msgraph-sdk-java/subscribers', 'subscription_url': 'https://api.github.com/repos/microsoftgraph/msgraph-sdk-java/subscription', 'commits_url': 'https://api.github.com/repos/microsoftgraph/msgraph-sdk-java/commits{/sha}', 'git_commits_url': 'https://api.github.com/repos/microsoftgraph/msgraph-sdk-java/git/commits{/sha}', 'comments_url': 'https://api.github.com/repos/microsoftgraph/msgraph-sdk-java/comments{/number}', 'issue_comment_url': 'https://api.github.com/repos/microsoftgraph/msgraph-sdk-java/issues/comments{/number}', 'contents_url': 'https://api.github.com/repos/microsoftgraph/msgraph-sdk-java/contents/{+path}', 'compare_url': 'https://api.github.com/repos/microsoftgraph/msgraph-sdk-java/compare/{base}...{head}', 'merges_url': 'https://api.github.com/repos/microsoftgraph/msgraph-sdk-java/merges', 'archive_url': 'https://api.github.com/repos/microsoftgraph/msgraph-sdk-java/{archive_format}{/ref}', 'downloads_url': 'https://api.github.com/repos/microsoftgraph/msgraph-sdk-java/downloads', 'issues_url': 'https://api.github.com/repos/microsoftgraph/msgraph-sdk-java/issues{/number}', 'pulls_url': 'https://api.github.com/repos/microsoftgraph/msgraph-sdk-java/pulls{/number}', 'milestones_url': 'https://api.github.com/repos/microsoftgraph/msgraph-sdk-java/milestones{/number}', 'notifications_url': 'https://api.github.com/repos/microsoftgraph/msgraph-sdk-java/notifications{?since,all,participating}', 'labels_url': 'https://api.github.com/repos/microsoftgraph/msgraph-sdk-java/labels{/name}', 'releases_url': 'https://api.github.com/repos/microsoftgraph/msgraph-sdk-java/releases{/id}', 'deployments_url': 'https://api.github.com/repos/microsoftgraph/msgraph-sdk-java/deployments', 'created_at': '2017-09-12T17:20:15Z', 'updated_at': '2022-01-27T03:44:54Z', 'pushed_at': '2022-01-27T12:07:51Z', 'git_url': 'git://github.com/microsoftgraph/msgraph-sdk-java.git', 'ssh_url': 'git@github.com:microsoftgraph/msgraph-sdk-java.git', 'clone_url': 'https://github.com/microsoftgraph/msgraph-sdk-java.git', 'svn_url': 'https://github.com/microsoftgraph/msgraph-sdk-java', 'homepage': 'https://docs.microsoft.com/en-us/graph/sdks/sdks-overview', 'size': 58373, 'stargazers_count': 237, 'watchers_count': 237, 'language': 'Java', 'has_issues': True, 'has_projects': True, 'has_downloads': True, 'has_wiki': False, 'has_pages': False, 'forks_count': 96, 'mirror_url': None, 'archived': False, 'disabled': False, 'open_issues_count': 1, 'license': {'key': 'mit', 'name': 'MIT License', 'spdx_id': 'MIT', 'url': 'https://api.github.com/licenses/mit', 'node_id': 'MDc6TGljZW5zZTEz'}, 'allow_forking': True, 'is_template': False, 'topics': ['java', 'microsoft-graph', 'microsoft-graph-sdk', 'sdk'], 'visibility': 'public', 'forks': 96, 'open_issues': 1, 'watchers': 237, 'default_branch': 'dev'}}, 'base': {'label': 'microsoftgraph:dev', 'ref': 'dev', 'sha': '6e3326b58f0c72cd4cf9513b5f86052ebe319693', 'user': {'login': 'microsoftgraph', 'id': 17304259, 'node_id': 'MDEyOk9yZ2FuaXphdGlvbjE3MzA0MjU5', 'avatar_url': 'https://avatars.githubusercontent.com/u/17304259?v=4', 'gravatar_id': '', 'url': 'https://api.github.com/users/microsoftgraph', 'html_url': 'https://github.com/microsoftgraph', 'followers_url': 'https://api.github.com/users/microsoftgraph/followers', 'following_url': 'https://api.github.com/users/microsoftgraph/following{/other_user}', 'gists_url': 'https://api.github.com/users/microsoftgraph/gists{/gist_id}', 'starred_url': 'https://api.github.com/users/microsoftgraph/starred{/owner}{/repo}', 'subscriptions_url': 'https://api.github.com/users/microsoftgraph/subscriptions', 'organizations_url': 'https://api.github.com/users/microsoftgraph/orgs', 'repos_url': 'https://api.github.com/users/microsoftgraph/repos', 'events_url': 'https://api.github.com/users/microsoftgraph/events{/privacy}', 'received_events_url': 'https://api.github.com/users/microsoftgraph/received_events', 'type': 'Organization', 'site_admin': False}, 'repo': {'id': 103300409, 'node_id': 'MDEwOlJlcG9zaXRvcnkxMDMzMDA0MDk=', 'name': 'msgraph-sdk-java', 'full_name': 'microsoftgraph/msgraph-sdk-java', 'private': False, 'owner': {'login': 'microsoftgraph', 'id': 17304259, 'node_id': 'MDEyOk9yZ2FuaXphdGlvbjE3MzA0MjU5', 'avatar_url': 'https://avatars.githubusercontent.com/u/17304259?v=4', 'gravatar_id': '', 'url': 'https://api.github.com/users/microsoftgraph', 'html_url': 'https://github.com/microsoftgraph', 'followers_url': 'https://api.github.com/users/microsoftgraph/followers', 'following_url': 'https://api.github.com/users/microsoftgraph/following{/other_user}', 'gists_url': 'https://api.github.com/users/microsoftgraph/gists{/gist_id}', 'starred_url': 'https://api.github.com/users/microsoftgraph/starred{/owner}{/repo}', 'subscriptions_url': 'https://api.github.com/users/microsoftgraph/subscriptions', 'organizations_url': 'https://api.github.com/users/microsoftgraph/orgs', 'repos_url': 'https://api.github.com/users/microsoftgraph/repos', 'events_url': 'https://api.github.com/users/microsoftgraph/events{/privacy}', 'received_events_url': 'https://api.github.com/users/microsoftgraph/received_events', 'type': 'Organization', 'site_admin': False}, 'html_url': 'https://github.com/microsoftgraph/msgraph-sdk-java', 'description': 'Microsoft Graph SDK for Java', 'fork': False, 'url': 'https://api.github.com/repos/microsoftgraph/msgraph-sdk-java', 'forks_url': 'https://api.github.com/repos/microsoftgraph/msgraph-sdk-java/forks', 'keys_url': 'https://api.github.com/repos/microsoftgraph/msgraph-sdk-java/keys{/key_id}', 'collaborators_url': 'https://api.github.com/repos/microsoftgraph/msgraph-sdk-java/collaborators{/collaborator}', 'teams_url': 'https://api.github.com/repos/microsoftgraph/msgraph-sdk-java/teams', 'hooks_url': 'https://api.github.com/repos/microsoftgraph/msgraph-sdk-java/hooks', 'issue_events_url': 'https://api.github.com/repos/microsoftgraph/msgraph-sdk-java/issues/events{/number}', 'events_url': 'https://api.github.com/repos/microsoftgraph/msgraph-sdk-java/events', 'assignees_url': 'https://api.github.com/repos/microsoftgraph/msgraph-sdk-java/assignees{/user}', 'branches_url': 'https://api.github.com/repos/microsoftgraph/msgraph-sdk-java/branches{/branch}', 'tags_url': 'https://api.github.com/repos/microsoftgraph/msgraph-sdk-java/tags', 'blobs_url': 'https://api.github.com/repos/microsoftgraph/msgraph-sdk-java/git/blobs{/sha}', 'git_tags_url': 'https://api.github.com/repos/microsoftgraph/msgraph-sdk-java/git/tags{/sha}', 'git_refs_url': 'https://api.github.com/repos/microsoftgraph/msgraph-sdk-java/git/refs{/sha}', 'trees_url': 'https://api.github.com/repos/microsoftgraph/msgraph-sdk-java/git/trees{/sha}', 'statuses_url': 'https://api.github.com/repos/microsoftgraph/msgraph-sdk-java/statuses/{sha}', 'languages_url': 'https://api.github.com/repos/microsoftgraph/msgraph-sdk-java/languages', 'stargazers_url': 'https://api.github.com/repos/microsoftgraph/msgraph-sdk-java/stargazers', 'contributors_url': 'https://api.github.com/repos/microsoftgraph/msgraph-sdk-java/contributors', 'subscribers_url': 'https://api.github.com/repos/microsoftgraph/msgraph-sdk-java/subscribers', 'subscription_url': 'https://api.github.com/repos/microsoftgraph/msgraph-sdk-java/subscription', 'commits_url': 'https://api.github.com/repos/microsoftgraph/msgraph-sdk-java/commits{/sha}', 'git_commits_url': 'https://api.github.com/repos/microsoftgraph/msgraph-sdk-java/git/commits{/sha}', 'comments_url': 'https://api.github.com/repos/microsoftgraph/msgraph-sdk-java/comments{/number}', 'issue_comment_url': 'https://api.github.com/repos/microsoftgraph/msgraph-sdk-java/issues/comments{/number}', 'contents_url': 'https://api.github.com/repos/microsoftgraph/msgraph-sdk-java/contents/{+path}', 'compare_url': 'https://api.github.com/repos/microsoftgraph/msgraph-sdk-java/compare/{base}...{head}', 'merges_url': 'https://api.github.com/repos/microsoftgraph/msgraph-sdk-java/merges', 'archive_url': 'https://api.github.com/repos/microsoftgraph/msgraph-sdk-java/{archive_format}{/ref}', 'downloads_url': 'https://api.github.com/repos/microsoftgraph/msgraph-sdk-java/downloads', 'issues_url': 'https://api.github.com/repos/microsoftgraph/msgraph-sdk-java/issues{/number}', 'pulls_url': 'https://api.github.com/repos/microsoftgraph/msgraph-sdk-java/pulls{/number}', 'milestones_url': 'https://api.github.com/repos/microsoftgraph/msgraph-sdk-java/milestones{/number}', 'notifications_url': 'https://api.github.com/repos/microsoftgraph/msgraph-sdk-java/notifications{?since,all,participating}', 'labels_url': 'https://api.github.com/repos/microsoftgraph/msgraph-sdk-java/labels{/name}', 'releases_url': 'https://api.github.com/repos/microsoftgraph/msgraph-sdk-java/releases{/id}', 'deployments_url': 'https://api.github.com/repos/microsoftgraph/msgraph-sdk-java/deployments', 'created_at': '2017-09-12T17:20:15Z', 'updated_at': '2022-01-27T03:44:54Z', 'pushed_at': '2022-01-27T12:07:51Z', 'git_url': 'git://github.com/microsoftgraph/msgraph-sdk-java.git', 'ssh_url': 'git@github.com:microsoftgraph/msgraph-sdk-java.git', 'clone_url': 'https://github.com/microsoftgraph/msgraph-sdk-java.git', 'svn_url': 'https://github.com/microsoftgraph/msgraph-sdk-java', 'homepage': 'https://docs.microsoft.com/en-us/graph/sdks/sdks-overview', 'size': 58373, 'stargazers_count': 237, 'watchers_count': 237, 'language': 'Java', 'has_issues': True, 'has_projects': True, 'has_downloads': True, 'has_wiki': False, 'has_pages': False, 'forks_count': 96, 'mirror_url': None, 'archived': False, 'disabled': False, 'open_issues_count': 1, 'license': {'key': 'mit', 'name': 'MIT License', 'spdx_id': 'MIT', 'url': 'https://api.github.com/licenses/mit', 'node_id': 'MDc6TGljZW5zZTEz'}, 'allow_forking': True, 'is_template': False, 'topics': ['java', 'microsoft-graph', 'microsoft-graph-sdk', 'sdk'], 'visibility': 'public', 'forks': 96, 'open_issues': 1, 'watchers': 237, 'default_branch': 'dev'}}, '_links': {'self': {'href': 'https://api.github.com/repos/microsoftgraph/msgraph-sdk-java/pulls/987'}, 'html': {'href': 'https://github.com/microsoftgraph/msgraph-sdk-java/pull/987'}, 'issue': {'href': 'https://api.github.com/repos/microsoftgraph/msgraph-sdk-java/issues/987'}, 'comments': {'href': 'https://api.github.com/repos/microsoftgraph/msgraph-sdk-java/issues/987/comments'}, 'review_comments': {'href': 'https://api.github.com/repos/microsoftgraph/msgraph-sdk-java/pulls/987/comments'}, 'review_comment': {'href': 'https://api.github.com/repos/microsoftgraph/msgraph-sdk-java/pulls/comments{/number}'}, 'commits': {'href': 'https://api.github.com/repos/microsoftgraph/msgraph-sdk-java/pulls/987/commits'}, 'statuses': {'href': 'https://api.github.com/repos/microsoftgraph/msgraph-sdk-java/statuses/e6c2e01629085453bcdc65c4e370a1c136ca081e'}}, 'author_association': 'CONTRIBUTOR', 'auto_merge': {'enabled_by': {'login': 'ramsessanchez', 'id': 63934382, 'node_id': 'MDQ6VXNlcjYzOTM0Mzgy', 'avatar_url': 'https://avatars.githubusercontent.com/u/63934382?v=4', 'gravatar_id': '', 'url': 'https://api.github.com/users/ramsessanchez', 'html_url': 'https://github.com/ramsessanchez', 'followers_url': 'https://api.github.com/users/ramsessanchez/followers', 'following_url': 'https://api.github.com/users/ramsessanchez/following{/other_user}', 'gists_url': 'https://api.github.com/users/ramsessanchez/gists{/gist_id}', 'starred_url': 'https://api.github.com/users/ramsessanchez/starred{/owner}{/repo}', 'subscriptions_url': 'https://api.github.com/users/ramsessanchez/subscriptions', 'organizations_url': 'https://api.github.com/users/ramsessanchez/orgs', 'repos_url': 'https://api.github.com/users/ramsessanchez/repos', 'events_url': 'https://api.github.com/users/ramsessanchez/events{/privacy}', 'received_events_url': 'https://api.github.com/users/ramsessanchez/received_events', 'type': 'User', 'site_admin': False}, 'merge_method': 'merge', 'commit_title': 'Merge pull request #987 from microsoftgraph/v1.0/pipelinebuild/64725', 'commit_message': 'Generated v1.0 models and request builders using Typewriter'}, 'active_lock_reason': None, 'merged': True, 'mergeable': False, 'rebaseable': False, 'mergeable_state': 'dirty', 'merged_by': {'login': 'ramsessanchez', 'id': 63934382, 'node_id': 'MDQ6VXNlcjYzOTM0Mzgy', 'avatar_url': 'https://avatars.githubusercontent.com/u/63934382?v=4', 'gravatar_id': '', 'url': 'https://api.github.com/users/ramsessanchez', 'html_url': 'https://github.com/ramsessanchez', 'followers_url': 'https://api.github.com/users/ramsessanchez/followers', 'following_url': 'https://api.github.com/users/ramsessanchez/following{/other_user}', 'gists_url': 'https://api.github.com/users/ramsessanchez/gists{/gist_id}', 'starred_url': 'https://api.github.com/users/ramsessanchez/starred{/owner}{/repo}', 'subscriptions_url': 'https://api.github.com/users/ramsessanchez/subscriptions', 'organizations_url': 'https://api.github.com/users/ramsessanchez/orgs', 'repos_url': 'https://api.github.com/users/ramsessanchez/repos', 'events_url': 'https://api.github.com/users/ramsessanchez/events{/privacy}', 'received_events_url': 'https://api.github.com/users/ramsessanchez/received_events', 'type': 'User', 'site_admin': False}, 'comments': 0, 'review_comments': 0, 'maintainer_can_modify': False, 'commits': 2, 'additions': 96, 'deletions': 27, 'changed_files': 16}}",closed,Java
19942679614,PushEvent,microsoftgraph/msgraph-sdk-java,0.0,2022-01-27T10:13:49Z,"{'push_id': 8944107189, 'size': 1, 'distinct_size': 1, 'ref': 'refs/heads/v1.0/pipelinebuild/64725', 'head': 'e6c2e01629085453bcdc65c4e370a1c136ca081e', 'before': '0e5e982e5393d792834dfe384c9ed07feb58f74e', 'commits': [{'sha': 'e6c2e01629085453bcdc65c4e370a1c136ca081e', 'author': {'email': '63934382+ramsessanchez@users.noreply.github.com', 'name': 'ramsessanchez'}, 'message': 'Update CHANGELOG.md', 'distinct': True, 'url': 'https://api.github.com/repos/microsoftgraph/msgraph-sdk-java/commits/e6c2e01629085453bcdc65c4e370a1c136ca081e'}]}",,Java
19942648278,DeleteEvent,microsoftgraph/msgraph-beta-sdk-java,0.0,2022-01-27T10:12:05Z,"{'ref': 'beta/pipelinebuild/64725', 'ref_type': 'branch', 'pusher_type': 'user'}",,Java
19942648497,PushEvent,microsoftgraph/msgraph-beta-sdk-java,0.0,2022-01-27T10:12:05Z,"{'push_id': 8944091870, 'size': 3, 'distinct_size': 3, 'ref': 'refs/heads/dev', 'head': '905749a67cab3a83b503c20170cff308dd947791', 'before': '038e6d212c249f35edbfb67ee80fe2133117bdbc', 'commits': [{'sha': '785f7a32c7500fd5e7d27f688810674c1431ad3f', 'author': {'email': 'GraphTooling@service.microsoft.com', 'name': 'Microsoft Graph DevX Tooling'}, 'message': 'Update generated files with build 64725', 'distinct': True, 'url': 'https://api.github.com/repos/microsoftgraph/msgraph-beta-sdk-java/commits/785f7a32c7500fd5e7d27f688810674c1431ad3f'}, {'sha': '6014c0fa972cbaa8725cc65770936639b0cda01d', 'author': {'email': '63934382+ramsessanchez@users.noreply.github.com', 'name': 'ramsessanchez'}, 'message': 'Update CHANGELOG.md', 'distinct': True, 'url': 'https://api.github.com/repos/microsoftgraph/msgraph-beta-sdk-java/commits/6014c0fa972cbaa8725cc65770936639b0cda01d'}, {'sha': '905749a67cab3a83b503c20170cff308dd947791', 'author': {'email': '63934382+ramsessanchez@users.noreply.github.com', 'name': 'ramsessanchez'}, 'message': 'Merge pull request #240 from microsoftgraph/beta/pipelinebuild/64725\n\nGenerated beta models and request builders using Typewriter', 'distinct': True, 'url': 'https://api.github.com/repos/microsoftgraph/msgraph-beta-sdk-java/commits/905749a67cab3a83b503c20170cff308dd947791'}]}",,Java
